N	Total Time	Average CPE
1	412	412.00
2	254	127.00
3	236	78.67
4	221	55.25
5	206	41.20
6	242	40.33
7	253	36.14
8	266	33.25
9	286	31.78
10	308	30.80
11	322	29.27
12	318	26.50
13	364	28.00
14	358	25.57
15	398	26.53
16	462	28.88
17	970	57.06
18	782	43.44
19	711	37.42
20	728	36.40
21	744	35.43
22	769	34.95
23	795	34.57
24	790	32.92
25	850	34.00
26	854	32.85
27	828	30.67
28	852	30.43
29	915	31.55
30	886	29.53
31	902	29.10
32	894	27.94
33	1462	44.30
34	1404	41.29
35	1409	40.26
36	1432	39.78
37	1433	38.73
38	1461	38.45
39	1393	35.72
40	1428	35.70
41	1441	35.15
42	1489	35.45
43	1448	33.67
44	1480	33.64
45	1489	33.09
46	1530	33.26
47	1550	32.98
48	1546	32.21
49	1530	31.22
50	1590	31.80
51	1585	31.08
52	1573	30.25
53	1601	30.21
54	1603	29.69
55	1642	29.85
56	1638	29.25
57	1654	29.02
58	1675	28.88
59	1684	28.54
60	1700	28.33
61	1734	28.43
62	1727	27.85
63	1726	27.40
64	1752	27.38
65	2501	38.48
66	2245	34.02
67	2220	33.13
68	2330	34.26
69	2281	33.06
70	2328	33.26
71	2316	32.62
72	2327	32.32
73	2367	32.42
74	2380	32.16
75	2392	31.89
76	2401	31.59
77	2378	30.88
78	2408	30.87
79	2452	31.04
80	2460	30.75
81	2429	29.99
82	2504	30.54
83	2543	30.64
84	2511	29.89
85	2498	29.39
86	2556	29.72
87	2542	29.22
88	2545	28.92
89	2590	29.10
90	2574	28.60
91	2572	28.26
92	2572	27.96
93	2585	27.80
94	2616	27.83
95	2694	28.36
96	2698	28.10
97	2690	27.73
98	2698	27.53
99	2720	27.47
100	2849	28.49
101	2783	27.55
102	2761	27.07
103	2772	26.91
104	2804	26.96
105	2794	26.61
106	2800	26.42
107	2835	26.50
108	2840	26.30
109	2808	25.76
110	2830	25.73
111	2895	26.08
112	2893	25.83
113	2872	25.42
114	2932	25.72
115	2865	24.91
116	2911	25.09
117	2902	24.80
118	3001	25.43
119	2945	24.75
120	3079	25.66
121	3054	25.24
122	3069	25.16
123	3084	25.07
124	3034	24.47
125	3138	25.10
126	3084	24.48
127	3133	24.67
128	3105	24.26
129	5757	44.63
130	3504	26.95
131	3521	26.88
132	3546	26.86
133	3524	26.50
134	3540	26.42
135	3556	26.34
136	3558	26.16
137	3570	26.06
138	3576	25.91
139	3618	26.03
140	3622	25.87
141	3702	26.26
142	3762	26.49
143	3710	25.94
144	3702	25.71
145	3741	25.80
146	3729	25.54
147	3716	25.28
148	3759	25.40
149	3751	25.17
150	3763	25.09
151	3800	25.17
152	3841	25.27
153	3849	25.16
154	6674	43.34
155	3912	25.24
156	14552	93.28
157	3207	20.43
158	3266	20.67
159	3284	20.65
160	3272	20.45
161	3290	20.43
162	3262	20.14
163	3277	20.10
164	3336	20.34
165	3331	20.19
166	3330	20.06
167	3318	19.87
168	3318	19.75
169	3352	19.83
170	3348	19.69
171	3416	19.98
172	3405	19.80
173	3438	19.87
174	3408	19.59
175	3422	19.55
176	3450	19.60
177	3436	19.41
178	3438	19.31
179	3486	19.47
180	3527	19.59
181	3507	19.38
182	3513	19.30
183	3554	19.42
184	3516	19.11
185	3504	18.94
186	3532	18.99
187	3544	18.95
188	3543	18.85
189	3584	18.96
190	3598	18.94
191	3672	19.23
192	3660	19.06
193	3748	19.42
194	3756	19.36
195	3736	19.16
196	3727	19.02
197	3740	18.98
198	3756	18.97
199	3717	18.68
200	3922	19.61
201	3783	18.82
202	3789	18.76
203	3816	18.80
204	3827	18.76
205	3820	18.63
206	3840	18.64
207	3896	18.82
208	3927	18.88
209	3912	18.72
210	3910	18.62
211	3940	18.67
212	3948	18.62
213	3908	18.35
214	3917	18.30
215	3954	18.39
216	3923	18.16
217	3933	18.12
218	4010	18.39
219	4000	18.26
220	3993	18.15
221	4019	18.19
222	4005	18.04
223	4019	18.02
224	4054	18.10
225	4073	18.10
226	4069	18.00
227	4084	17.99
228	4084	17.91
229	4088	17.85
230	4117	17.90
231	4110	17.79
232	4136	17.83
233	4138	17.76
234	4177	17.85
235	4190	17.83
236	4225	17.90
237	4222	17.81
238	4250	17.86
239	4236	17.72
240	4304	17.93
241	4286	17.78
242	4248	17.55
243	4269	17.57
244	4321	17.71
245	4314	17.61
246	4342	17.65
247	4283	17.34
248	4316	17.40
249	4402	17.68
250	4366	17.46
251	4398	17.52
252	4404	17.48
253	4352	17.20
254	4436	17.46
255	4439	17.41
256	4418	17.26
257	4994	19.43
258	4818	18.67
259	4752	18.35
260	4861	18.70
261	4783	18.33
262	4846	18.50
263	4902	18.64
264	4860	18.41
265	4880	18.42
266	4898	18.41
267	4886	18.30
268	4932	18.40
269	4948	18.39
270	4877	18.06
271	4936	18.21
272	4942	18.17
273	4944	18.11
274	4992	18.22
275	4972	18.08
276	5018	18.18
277	5017	18.11
278	4998	17.98
279	5050	18.10
280	5049	18.03
281	5075	18.06
282	5270	18.69
283	5137	18.15
284	5147	18.12
285	5076	17.81
286	5130	17.94
287	5134	17.89
288	5142	17.85
289	5114	17.70
290	5118	17.65
291	5186	17.82
292	5172	17.71
293	5189	17.71
294	5204	17.70
295	5234	17.74
296	5230	17.67
297	5207	17.53
298	5216	17.50
299	5265	17.61
300	5318	17.73
301	5315	17.66
302	5254	17.40
303	5300	17.49
304	5294	17.41
305	5358	17.57
306	5348	17.48
307	5362	17.47
308	5383	17.48
309	5352	17.32
310	5366	17.31
311	5380	17.30
312	5404	17.32
313	5465	17.46
314	5441	17.33
315	5472	17.37
316	5470	17.31
317	5500	17.35
318	5524	17.37
319	5501	17.24
320	5556	17.36
321	5538	17.25
322	5557	17.26
323	5600	17.34
324	5572	17.20
325	5602	17.24
326	5600	17.18
327	5656	17.30
328	5598	17.07
329	5663	17.21
330	5634	17.07
331	5661	17.10
332	5658	17.04
333	5694	17.10
334	5707	17.09
335	5695	17.00
336	5724	17.04
337	5749	17.06
338	5746	17.00
339	5738	16.93
340	5766	16.96
341	5734	16.82
342	5780	16.90
343	5792	16.89
344	5796	16.85
345	5810	16.84
346	5820	16.82
347	5820	16.77
348	5824	16.74
349	5851	16.77
350	5844	16.70
351	5893	16.79
352	5880	16.70
353	5928	16.79
354	5921	16.73
355	5930	16.70
356	5938	16.68
357	5955	16.68
358	5984	16.72
359	5963	16.61
360	5984	16.62
361	5948	16.48
362	6016	16.62
363	6022	16.59
364	6003	16.49
365	6030	16.52
366	6064	16.57
367	6057	16.50
368	6086	16.54
369	6042	16.37
370	6122	16.55
371	6118	16.49
372	6121	16.45
373	6126	16.42
374	6141	16.42
375	6186	16.50
376	6187	16.45
377	6168	16.36
378	6164	16.31
379	6191	16.34
380	6222	16.37
381	6255	16.42
382	6232	16.31
383	6235	16.28
384	6278	16.35
385	6270	16.29
386	6256	16.21
387	6310	16.30
388	6307	16.26
389	6319	16.24
390	6351	16.28
391	6313	16.15
392	6396	16.32
393	6344	16.14
394	6342	16.10
395	6393	16.18
396	6406	16.18
397	6392	16.10
398	6408	16.10
399	6424	16.10
400	6494	16.23
401	9118	22.74
402	6744	16.78
403	6847	16.99
404	6662	16.49
405	6628	16.37
406	6761	16.65
407	6665	16.38
408	6580	16.13
409	6586	16.10
410	6655	16.23
411	6647	16.17
412	6672	16.19
413	6682	16.18
414	6662	16.09
415	6724	16.20
416	6706	16.12
417	6722	16.12
418	6698	16.02
419	6750	16.11
420	6762	16.10
421	6780	16.10
422	6788	16.09
423	6806	16.09
424	6794	16.02
425	6783	15.96
426	6829	16.03
427	6850	16.04
428	6814	15.92
429	6836	15.93
430	6866	15.97
431	6870	15.94
432	6870	15.90
433	6888	15.91
434	6907	15.91
435	6930	15.93
436	6932	15.90
437	6921	15.84
438	6967	15.91
439	6959	15.85
440	6942	15.78
441	6980	15.83
442	7019	15.88
443	7012	15.83
444	7016	15.80
445	7032	15.80
446	7018	15.74
447	7034	15.74
448	7074	15.79
449	7070	15.75
450	7071	15.71
451	7078	15.69
452	7090	15.69
453	7135	15.75
454	7122	15.69
455	7148	15.71
456	7150	15.68
457	7178	15.71
458	7170	15.66
459	7186	15.66
460	7180	15.61
461	7237	15.70
462	7252	15.70
463	7220	15.59
464	7264	15.66
465	7232	15.55
466	7248	15.55
467	7262	15.55
468	7300	15.60
469	7286	15.54
470	7332	15.60
471	7310	15.52
472	7347	15.57
473	7335	15.51
474	7371	15.55
475	7352	15.48
476	7362	15.47
477	7386	15.48
478	7404	15.49
479	7416	15.48
480	7463	15.55
481	7435	15.46
482	17948	37.24
483	6988	14.47
484	6961	14.38
485	6990	14.41
486	6984	14.37
487	7015	14.40
488	7042	14.43
489	7028	14.37
490	7064	14.42
491	7038	14.33
492	7060	14.35
493	7057	14.31
494	7094	14.36
495	7098	14.34
496	7074	14.26
497	7106	14.30
498	7112	14.28
499	7142	14.31
500	7260	14.52
501	7145	14.26
502	7202	14.35
503	7173	14.26
504	7174	14.23
505	7183	14.22
506	7214	14.26
507	7208	14.22
508	7218	14.21
509	7248	14.24
510	7311	14.34
511	7250	14.19
512	7264	14.19
513	9896	19.29
514	7754	15.09
515	7673	14.90
516	7672	14.87
517	7688	14.87
518	7714	14.89
519	7733	14.90
520	7740	14.88
521	7780	14.93
522	7810	14.96
523	7796	14.91
524	7864	15.01
525	7795	14.85
526	7842	14.91
527	7858	14.91
528	7843	14.85
529	7869	14.88
530	7879	14.87
531	7838	14.76
532	7844	14.74
533	7970	14.95
534	7868	14.73
535	7899	14.76
536	7888	14.72
537	7918	14.74
538	7918	14.72
539	7944	14.74
540	45343	83.97
541	18444	34.09
542	8072	14.89
543	8058	14.84
544	8053	14.80
545	8037	14.75
546	8018	14.68
547	8070	14.75
548	8058	14.70
549	8070	14.70
550	8093	14.71
551	8136	14.77
552	8122	14.71
553	8072	14.60
554	8126	14.67
555	8430	15.19
556	8168	14.69
557	8166	14.66
558	8168	14.64
559	8165	14.61
560	8210	14.66
561	8198	14.61
562	8221	14.63
563	8224	14.61
564	8254	14.63
565	8234	14.57
566	8259	14.59
567	8295	14.63
568	8328	14.66
569	8366	14.70
570	8330	14.61
571	8364	14.65
572	8364	14.62
573	8382	14.63
574	8373	14.59
575	8407	14.62
576	8412	14.60
577	8422	14.60
578	8413	14.56
579	8452	14.60
580	8431	14.54
581	8478	14.59
582	8480	14.57
583	8490	14.56
584	8497	14.55
585	8500	14.53
586	8491	14.49
587	8535	14.54
588	8540	14.52
589	8550	14.52
590	8559	14.51
591	8567	14.50
592	8594	14.52
593	8572	14.46
594	8600	14.48
595	8616	14.48
596	8616	14.46
597	8637	14.47
598	8646	14.46
599	8634	14.41
600	8766	14.61
601	8709	14.49
602	8696	14.45
603	8711	14.45
604	8723	14.44
605	8722	14.42
606	8722	14.39
607	8754	14.42
608	10512	17.29
609	8828	14.50
610	8722	14.30
611	9269	15.17
612	8784	14.35
613	8769	14.31
614	8789	14.31
615	8828	14.35
616	8808	14.30
617	8823	14.30
618	8803	14.24
619	8831	14.27
620	8844	14.26
621	8857	14.26
622	8865	14.25
623	8866	14.23
624	8866	14.21
625	8908	14.25
626	8900	14.22
627	8923	14.23
628	8913	14.19
629	8896	14.14
630	8938	14.19
631	8940	14.17
632	8941	14.15
633	8987	14.20
634	9015	14.22
635	8970	14.13
636	8979	14.12
637	9022	14.16
638	9006	14.12
639	9012	14.10
640	9034	14.12
641	9065	14.14
642	9054	14.10
643	9094	14.14
644	9116	14.16
645	9124	14.15
646	9099	14.09
647	9130	14.11
648	9126	14.08
649	9124	14.06
650	9152	14.08
651	9169	14.08
652	9159	14.05
653	9194	14.08
654	9194	14.06
655	9204	14.05
656	9229	14.07
657	9207	14.01
658	9224	14.02
659	9244	14.03
660	9263	14.03
661	9258	14.01
662	9292	14.04
663	9286	14.01
664	9300	14.01
665	9303	13.99
666	9342	14.03
667	9388	14.07
668	9382	14.04
669	9398	14.05
670	9378	14.00
671	9390	13.99
672	9383	13.96
673	9383	13.94
674	9419	13.97
675	9398	13.92
676	9436	13.96
677	9448	13.96
678	9440	13.92
679	9448	13.91
680	9461	13.91
681	9480	13.92
682	9492	13.92
683	9500	13.91
684	9542	13.95
685	9572	13.97
686	9561	13.94
687	9588	13.96
688	9571	13.91
689	9548	13.86
690	9570	13.87
691	9632	13.94
692	9583	13.85
693	9584	13.83
694	9654	13.91
695	9609	13.83
696	9647	13.86
697	9685	13.90
698	9649	13.82
699	9656	13.81
700	9826	14.04
701	9709	13.85
702	9729	13.86
703	9782	13.91
704	9727	13.82
705	9718	13.78
706	9738	13.79
707	9748	13.79
708	9762	13.79
709	9784	13.80
710	9828	13.84
711	9820	13.81
712	9803	13.77
713	9860	13.83
714	9902	13.87
715	9850	13.78
716	9852	13.76
717	9870	13.77
718	9890	13.77
719	9902	13.77
720	9900	13.75
721	9930	13.77
722	9959	13.79
723	9984	13.81
724	9958	13.75
725	9948	13.72
726	9966	13.73
727	9966	13.71
728	9966	13.69
729	9957	13.66
730	9974	13.66
731	10035	13.73
732	10036	13.71
733	10054	13.72
734	10029	13.66
735	10086	13.72
736	10039	13.64
737	10046	13.63
738	10058	13.63
739	10078	13.64
740	10088	13.63
741	10130	13.67
742	10101	13.61
743	10123	13.62
744	10176	13.68
745	10162	13.64
746	10174	13.64
747	10166	13.61
748	10182	13.61
749	10202	13.62
750	10208	13.61
751	10237	13.63
752	10246	13.62
753	10206	13.55
754	10220	13.55
755	10271	13.60
756	10282	13.60
757	10282	13.58
758	10279	13.56
759	10314	13.59
760	10317	13.57
761	10298	13.53
762	10333	13.56
763	10343	13.56
764	10331	13.52
765	10358	13.54
766	10382	13.55
767	10324	13.46
768	10390	13.53
769	10386	13.51
770	10400	13.51
771	10412	13.50
772	10432	13.51
773	10420	13.48
774	10441	13.49
775	10443	13.47
776	10464	13.48
777	10510	13.53
778	10552	13.56
779	10532	13.52
780	10560	13.54
781	10565	13.53
782	10524	13.46
783	10553	13.48
784	10569	13.48
785	10531	13.42
786	10569	13.45
787	10565	13.42
788	10546	13.38
789	10570	13.40
790	10652	13.48
791	10652	13.47
792	10651	13.45
793	10672	13.46
794	20892	26.31
795	10355	13.03
796	10355	13.01
797	10380	13.02
798	10359	12.98
799	10408	13.03
800	10492	13.12
801	10436	13.03
802	10437	13.01
803	10410	12.96
804	10445	12.99
805	10451	12.98
806	10449	12.96
807	10453	12.95
808	10473	12.96
809	10498	12.98
810	10509	12.97
811	10505	12.95
812	10493	12.92
813	10550	12.98
814	10513	12.92
815	10546	12.94
816	10547	12.93
817	10536	12.90
818	10569	12.92
819	10574	12.91
820	10584	12.91
821	10596	12.91
822	10804	13.14
823	10645	12.93
824	10613	12.88
825	10683	12.95
826	10634	12.87
827	10876	13.15
828	11016	13.30
829	11044	13.32
830	11033	13.29
831	11048	13.29
832	11027	13.25
833	11063	13.28
834	11089	13.30
835	11113	13.31
836	11078	13.25
837	11214	13.40
838	11170	13.33
839	11154	13.29
840	11198	13.33
841	11190	13.31
842	11216	13.32
843	11144	13.22
844	11206	13.28
845	11235	13.30
846	11218	13.26
847	11221	13.25
848	11221	13.23
849	11229	13.23
850	11278	13.27
851	11268	13.24
852	11280	13.24
853	11287	13.23
854	11275	13.20
855	22596	26.43
856	11398	13.32
857	11222	13.09
858	11256	13.12
859	21693	25.25
860	10953	12.74
861	10940	12.71
862	10918	12.67
863	10944	12.68
864	10946	12.67
865	10950	12.66
866	10958	12.65
867	10990	12.68
868	11036	12.71
869	11026	12.69
870	11024	12.67
871	11026	12.66
872	11048	12.67
873	11087	12.70
874	11064	12.66
875	11059	12.64
876	11078	12.65
877	11091	12.65
878	11130	12.68
879	11144	12.68
880	11136	12.65
881	11112	12.61
882	11116	12.60
883	11137	12.61
884	11136	12.60
885	11132	12.58
886	11163	12.60
887	11179	12.60
888	11254	12.67
889	11237	12.64
890	11182	12.56
891	11236	12.61
892	11240	12.60
893	11250	12.60
894	11261	12.60
895	11270	12.59
896	11287	12.60
897	55273	61.62
898	11364	12.65
899	11371	12.65
900	14334	15.93
901	11380	12.63
902	11382	12.62
903	11441	12.67
904	12410	13.73
905	11499	12.71
906	11476	12.67
907	11479	12.66
908	11497	12.66
909	11519	12.67
910	11486	12.62
911	11517	12.64
912	11520	12.63
913	11532	12.63
914	12068	13.20
915	11554	12.63
916	11545	12.60
917	11590	12.64
918	11575	12.61
919	11620	12.64
920	11604	12.61
921	11621	12.62
922	11659	12.65
923	11638	12.61
924	11642	12.60
925	11644	12.59
926	11679	12.61
927	11676	12.60
928	11714	12.62
929	11703	12.60
930	11730	12.61
931	11760	12.63
932	11740	12.60
933	11758	12.60
934	12524	13.41
935	11775	12.59
936	11761	12.57
937	11789	12.58
938	11799	12.58
939	11814	12.58
940	11820	12.57
941	11909	12.66
942	11840	12.57
943	11844	12.56
944	11872	12.58
945	11852	12.54
946	11842	12.52
947	11935	12.60
948	11883	12.53
949	11898	12.54
950	11932	12.56
951	11928	12.54
952	11943	12.55
953	11960	12.55
954	11962	12.54
955	11974	12.54
956	11974	12.53
957	11991	12.53
958	12001	12.53
959	12012	12.53
960	11994	12.49
961	12072	12.56
962	12034	12.51
963	12040	12.50
964	12146	12.60
965	12078	12.52
966	12060	12.48
967	12095	12.51
968	12141	12.54
969	12095	12.48
970	12118	12.49
971	12120	12.48
972	12159	12.51
973	12139	12.48
974	12165	12.49
975	12163	12.47
976	12164	12.46
977	12194	12.48
978	12207	12.48
979	12218	12.48
980	12230	12.48
981	12280	12.52
982	12242	12.47
983	12259	12.47
984	12246	12.45
985	12256	12.44
986	12287	12.46
987	12321	12.48
988	12306	12.46
989	12297	12.43
990	12282	12.41
991	12310	12.42
992	12332	12.43
993	12349	12.44
994	12406	12.48
995	12402	12.46
996	12381	12.43
997	12484	12.52
998	12402	12.43
999	12434	12.45
1000	12527	12.53
1001	12479	12.47
1002	12414	12.39
1003	12492	12.45
1004	12474	12.42
1005	12478	12.42
1006	12451	12.38
1007	12487	12.40
1008	12504	12.40
1009	12537	12.43
1010	12548	12.42
1011	12558	12.42
1012	12558	12.41
1013	12544	12.38
1014	12603	12.43
1015	12604	12.42
1016	12613	12.41
1017	12620	12.41
1018	12624	12.40
1019	12635	12.40
1020	12663	12.41
1021	12642	12.38
1022	12671	12.40
1023	12687	12.40
1024	12686	12.39
1025	15984	15.59
1026	13324	12.99
1027	13296	12.95
1028	13495	13.13
1029	13365	12.99
1030	13386	13.00
1031	13371	12.97
1032	13350	12.94
1033	13572	13.14
1034	13398	12.96
1035	13466	13.01
1036	13424	12.96
1037	13486	13.00
1038	13478	12.98
1039	13475	12.97
1040	13442	12.93
1041	13441	12.91
1042	13522	12.98
1043	13504	12.95
1044	13232	12.67
1045	13087	12.52
1046	13064	12.49
1047	13166	12.57
1048	13047	12.45
1049	13148	12.53
1050	13196	12.57
1051	13209	12.57
1052	13141	12.49
1053	13182	12.52
1054	13179	12.50
1055	13174	12.49
1056	13167	12.47
1057	13194	12.48
1058	13345	12.61
1059	13315	12.57
1060	13270	12.52
1061	13284	12.52
1062	13278	12.50
1063	13364	12.57
1064	13330	12.53
1065	13288	12.48
1066	13270	12.45
1067	13316	12.48
1068	13386	12.53
1069	13432	12.57
1070	13352	12.48
1071	13344	12.46
1072	13414	12.51
1073	13636	12.71
1074	13414	12.49
1075	13409	12.47
1076	13435	12.49
1077	13392	12.43
1078	13411	12.44
1079	13433	12.45
1080	13434	12.44
1081	13466	12.46
1082	13554	12.53
1083	13460	12.43
1084	13475	12.43
1085	13526	12.47
1086	13505	12.44
1087	13603	12.51
1088	13546	12.45
1089	13613	12.50
1090	13561	12.44
1091	13578	12.45
1092	13549	12.41
1093	13563	12.41
1094	13586	12.42
1095	13656	12.47
1096	13597	12.41
1097	13666	12.46
1098	13702	12.48
1099	13723	12.49
1100	13847	12.59
1101	13703	12.45
1102	13766	12.49
1103	13655	12.38
1104	13688	12.40
1105	13750	12.44
1106	13702	12.39
1107	13671	12.35
1108	13672	12.34
1109	13695	12.35
1110	13774	12.41
1111	13796	12.42
1112	13701	12.32
1113	13726	12.33
1114	13824	12.41
1115	13730	12.31
1116	13880	12.44
1117	13746	12.31
1118	13796	12.34
1119	13786	12.32
1120	13889	12.40
1121	13778	12.29
1122	13905	12.39
1123	13854	12.34
1124	13964	12.42
1125	13837	12.30
1126	13932	12.37
1127	13937	12.37
1128	13942	12.36
1129	13912	12.32
1130	13976	12.37
1131	13964	12.35
1132	13947	12.32
1133	14004	12.36
1134	13992	12.34
1135	14020	12.35
1136	14022	12.34
1137	14044	12.35
1138	13973	12.28
1139	14030	12.32
1140	14041	12.32
1141	14056	12.32
1142	14075	12.32
1143	14094	12.33
1144	14082	12.31
1145	14087	12.30
1146	14149	12.35
1147	14144	12.33
1148	14128	12.31
1149	14128	12.30
1150	14165	12.32
1151	14114	12.26
1152	14322	12.43
1153	24490	21.24
1154	13750	11.92
1155	13824	11.97
1156	13740	11.89
1157	13770	11.90
1158	13797	11.91
1159	13792	11.90
1160	13813	11.91
1161	13820	11.90
1162	13882	11.95
1163	13804	11.87
1164	13863	11.91
1165	13872	11.91
1166	13862	11.89
1167	13888	11.90
1168	13842	11.85
1169	14010	11.98
1170	13956	11.93
1171	13899	11.87
1172	13952	11.90
1173	13943	11.89
1174	13962	11.89
1175	13960	11.88
1176	13945	11.86
1177	13952	11.85
1178	13957	11.85
1179	13975	11.85
1180	14020	11.88
1181	14025	11.88
1182	14012	11.85
1183	14026	11.86
1184	14188	11.98
1185	14006	11.82
1186	14034	11.83
1187	14069	11.85
1188	14076	11.85
1189	14124	11.88
1190	14129	11.87
1191	14116	11.85
1192	14103	11.83
1193	14130	11.84
1194	14139	11.84
1195	14168	11.86
1196	14128	11.81
1197	14210	11.87
1198	14181	11.84
1199	14218	11.86
1200	14403	12.00
1201	14210	11.83
1202	14212	11.82
1203	14353	11.93
1204	14159	11.76
1205	14204	11.79
1206	14280	11.84
1207	14331	11.87
1208	14240	11.79
1209	14286	11.82
1210	14280	11.80
1211	14296	11.81
1212	14298	11.80
1213	14306	11.79
1214	14292	11.77
1215	14334	11.80
1216	14293	11.75
1217	14326	11.77
1218	14334	11.77
1219	14387	11.80
1220	14316	11.73
1221	14362	11.76
1222	14402	11.79
1223	14418	11.79
1224	14413	11.78
1225	14510	11.84
1226	14417	11.76
1227	14423	11.75
1228	14469	11.78
1229	14392	11.71
1230	14558	11.84
1231	14486	11.77
1232	14512	11.78
1233	14507	11.77
1234	14514	11.76
1235	14514	11.75
1236	14536	11.76
1237	14543	11.76
1238	14528	11.74
1239	14556	11.75
1240	14585	11.76
1241	14516	11.70
1242	14575	11.74
1243	14581	11.73
1244	14534	11.68
1245	14651	11.77
1246	14639	11.75
1247	14617	11.72
1248	14576	11.68
1249	14621	11.71
1250	14646	11.72
1251	14654	11.71
1252	14625	11.68
1253	14752	11.77
1254	14708	11.73
1255	14707	11.72
1256	14736	11.73
1257	14732	11.72
1258	14719	11.70
1259	14732	11.70
1260	14810	11.75
1261	14328	11.36
1262	14360	11.38
1263	14329	11.35
1264	14336	11.34
1265	14428	11.41
1266	14418	11.39
1267	14434	11.39
1268	14466	11.41
1269	14336	11.30
1270	14411	11.35
1271	14456	11.37
1272	14407	11.33
1273	14448	11.35
1274	14479	11.36
1275	14492	11.37
1276	14464	11.34
1277	14490	11.35
1278	14506	11.35
1279	14531	11.36
1280	14526	11.35
1281	17381	13.57
1282	14532	11.34
1283	14552	11.34
1284	14588	11.36
1285	24872	19.36
1286	15128	11.76
1287	14999	11.65
1288	14981	11.63
1289	15065	11.69
1290	15068	11.68
1291	15070	11.67
1292	15058	11.65
1293	15053	11.64
1294	15024	11.61
1295	15135	11.69
1296	15052	11.61
1297	15232	11.74
1298	18084	13.93
1299	15658	12.05
1300	15330	11.79
1301	15165	11.66
1302	15241	11.71
1303	15290	11.73
1304	15222	11.67
1305	15214	11.66
1306	15220	11.65
1307	15148	11.59
1308	15375	11.75
1309	19966	15.25
1310	15629	11.93
1311	17804	13.58
1312	15331	11.69
1313	15286	11.64
1314	15531	11.82
1315	15282	11.62
1316	15296	11.62
1317	15266	11.59
1318	15354	11.65
1319	15344	11.63
1320	15319	11.61
1321	15338	11.61
1322	15312	11.58
1323	15327	11.59
1324	15345	11.59
1325	15416	11.63
1326	15410	11.62
1327	15374	11.59
1328	15293	11.52
1329	15408	11.59
1330	15434	11.60
1331	15400	11.57
1332	15506	11.64
1333	15411	11.56
1334	15453	11.58
1335	15460	11.58
1336	15575	11.66
1337	15514	11.60
1338	15492	11.58
1339	15467	11.55
1340	15521	11.58
1341	15521	11.57
1342	15540	11.58
1343	15536	11.57
1344	15544	11.57
1345	15506	11.53
1346	15606	11.59
1347	15574	11.56
1348	17643	13.09
1349	15604	11.57
1350	15602	11.56
1351	15566	11.52
1352	15622	11.55
1353	15607	11.54
1354	15587	11.51
1355	15587	11.50
1356	26072	19.23
1357	15203	11.20
1358	15171	11.17
1359	15222	11.20
1360	15239	11.21
1361	15200	11.17
1362	15258	11.20
1363	15147	11.11
1364	15247	11.18
1365	15248	11.17
1366	15260	11.17
1367	15308	11.20
1368	15306	11.19
1369	15305	11.18
1370	15320	11.18
1371	15327	11.18
1372	15360	11.20
1373	15355	11.18
1374	15446	11.24
1375	15360	11.17
1376	15504	11.27
1377	15520	11.27
1378	15458	11.22
1379	15476	11.22
1380	15442	11.19
1381	15482	11.21
1382	15590	11.28
1383	15526	11.23
1384	15838	11.44
1385	15650	11.30
1386	15515	11.19
1387	15607	11.25
1388	15561	11.21
1389	15574	11.21
1390	15677	11.28
1391	15699	11.29
1392	15572	11.19
1393	15566	11.17
1394	15554	11.16
1395	15614	11.19
1396	15594	11.17
1397	15612	11.18
1398	15622	11.17
1399	15624	11.17
1400	15846	11.32
1401	15650	11.17
1402	15684	11.19
1403	15718	11.20
1404	15901	11.33
1405	15682	11.16
1406	15696	11.16
1407	15645	11.12
1408	15702	11.15
1409	15726	11.16
1410	15724	11.15
1411	15812	11.21
1412	15786	11.18
1413	15797	11.18
1414	15722	11.12
1415	15800	11.17
1416	15796	11.16
1417	15884	11.21
1418	15868	11.19
1419	15782	11.12
1420	15822	11.14
1421	15907	11.19
1422	15870	11.16
1423	15986	11.23
1424	15894	11.16
1425	16020	11.24
1426	16254	11.40
1427	16322	11.44
1428	16248	11.38
1429	16204	11.34
1430	16128	11.28
1431	15928	11.13
1432	16122	11.26
1433	16006	11.17
1434	15942	11.12
1435	15869	11.06
1436	15998	11.14
1437	15958	11.11
1438	16010	11.13
1439	16215	11.27
1440	15960	11.08
1441	15996	11.10
1442	16034	11.12
1443	16053	11.12
1444	16058	11.12
1445	16079	11.13
1446	16078	11.12
1447	16154	11.16
1448	16110	11.13
1449	16066	11.09
1450	16134	11.13
1451	16103	11.10
1452	16106	11.09
1453	16199	11.15
1454	16357	11.25
1455	16149	11.10
1456	16217	11.14
1457	16272	11.17
1458	16219	11.12
1459	16280	11.16
1460	16304	11.17
1461	16210	11.10
1462	16231	11.10
1463	16166	11.05
1464	16236	11.09
1465	16363	11.17
1466	16292	11.11
1467	16294	11.11
1468	16328	11.12
1469	16342	11.12
1470	16354	11.13
1471	16381	11.14
1472	16356	11.11
1473	16358	11.11
1474	16300	11.06
1475	16328	11.07
1476	16343	11.07
1477	16459	11.14
1478	16382	11.08
1479	16358	11.06
1480	16575	11.20
1481	16404	11.08
1482	16447	11.10
1483	16372	11.04
1484	16412	11.06
1485	16404	11.05
1486	16432	11.06
1487	16522	11.11
1488	16414	11.03
1489	16497	11.08
1490	16496	11.07
1491	16518	11.08
1492	16432	11.01
1493	16525	11.07
1494	16558	11.08
1495	16497	11.03
1496	16522	11.04
1497	16576	11.07
1498	16607	11.09
1499	16618	11.09
1500	16852	11.23
1501	16696	11.12
1502	16705	11.12
1503	16682	11.10
1504	16679	11.09
1505	16656	11.07
1506	16640	11.05
1507	16701	11.08
1508	16752	11.11
1509	16620	11.01
1510	16765	11.10
1511	17482	11.57
1512	16708	11.05
1513	16726	11.05
1514	16627	10.98
1515	16661	11.00
1516	16716	11.03
1517	16734	11.03
1518	16757	11.04
1519	16768	11.04
1520	16716	11.00
1521	16724	11.00
1522	16764	11.01
1523	16830	11.05
1524	16760	11.00
1525	16736	10.97
1526	16815	11.02
1527	16804	11.00
1528	16923	11.08
1529	16824	11.00
1530	16862	11.02
1531	16824	10.99
1532	16824	10.98
1533	16922	11.04
1534	17144	11.18
1535	16930	11.03
1536	16850	10.97
1537	16922	11.01
1538	16880	10.98
1539	16925	11.00
1540	17020	11.05
1541	16971	11.01
1542	17056	11.06
1543	17009	11.02
1544	17066	11.05
1545	17014	11.01
1546	17073	11.04
1547	17025	11.01
1548	21262	13.74
1549	17002	10.98
1550	17086	11.02
1551	17082	11.01
1552	17156	11.05
1553	17319	11.15
1554	17136	11.03
1555	17341	11.15
1556	17097	10.99
1557	17126	11.00
1558	17176	11.02
1559	17145	11.00
1560	17132	10.98
1561	17167	11.00
1562	17158	10.98
1563	17204	11.01
1564	17184	10.99
1565	17239	11.02
1566	17272	11.03
1567	17238	11.00
1568	17192	10.96
1569	17240	10.99
1570	17174	10.94
1571	17257	10.98
1572	17233	10.96
1573	17326	11.01
1574	17279	10.98
1575	17270	10.97
1576	19260	12.22
1577	17324	10.99
1578	17346	10.99
1579	17351	10.99
1580	17317	10.96
1581	17346	10.97
1582	17445	11.03
1583	17346	10.96
1584	16855	10.64
1585	16914	10.67
1586	16894	10.65
1587	16884	10.64
1588	16916	10.65
1589	16938	10.66
1590	16961	10.67
1591	16892	10.62
1592	16942	10.64
1593	16933	10.63
1594	16984	10.65
1595	16978	10.64
1596	16924	10.60
1597	17018	10.66
1598	17001	10.64
1599	16985	10.62
1600	17144	10.71
1601	17006	10.62
1602	17126	10.69
1603	17075	10.65
1604	17095	10.66
1605	17022	10.61
1606	17049	10.62
1607	17112	10.65
1608	17099	10.63
1609	17854	11.10
1610	17109	10.63
1611	17080	10.60
1612	17134	10.63
1613	17112	10.61
1614	17119	10.61
1615	17154	10.62
1616	17236	10.67
1617	17198	10.64
1618	17234	10.65
1619	17187	10.62
1620	17228	10.63
1621	17265	10.65
1622	17221	10.62
1623	17213	10.61
1624	17210	10.60
1625	17176	10.57
1626	17232	10.60
1627	17270	10.61
1628	17301	10.63
1629	17256	10.59
1630	17276	10.60
1631	17240	10.57
1632	17255	10.57
1633	17230	10.55
1634	17311	10.59
1635	17301	10.58
1636	17357	10.61
1637	17302	10.57
1638	17313	10.57
1639	17369	10.60
1640	17436	10.63
1641	17511	10.67
1642	17370	10.58
1643	17413	10.60
1644	17455	10.62
1645	17482	10.63
1646	17415	10.58
1647	17473	10.61
1648	17425	10.57
1649	17408	10.56
1650	17478	10.59
1651	17514	10.61
1652	17518	10.60
1653	17460	10.56
1654	17496	10.58
1655	17497	10.57
1656	17538	10.59
1657	17540	10.59
1658	17765	10.71
1659	17591	10.60
1660	17498	10.54
1661	17556	10.57
1662	17577	10.58
1663	17619	10.59
1664	17594	10.57
1665	17624	10.58
1666	17690	10.62
1667	17708	10.62
1668	17686	10.60
1669	17736	10.63
1670	17763	10.64
1671	17726	10.61
1672	17714	10.59
1673	17674	10.56
1674	17721	10.59
1675	17700	10.57
1676	17776	10.61
1677	17706	10.56
1678	17714	10.56
1679	17750	10.57
1680	17743	10.56
1681	17798	10.59
1682	17689	10.52
1683	17785	10.57
1684	17745	10.54
1685	17701	10.51
1686	17779	10.55
1687	17819	10.56
1688	17816	10.55
1689	17806	10.54
1690	17824	10.55
1691	17817	10.54
1692	17905	10.58
1693	17845	10.54
1694	17888	10.56
1695	17866	10.54
1696	17840	10.52
1697	17910	10.55
1698	17964	10.58
1699	17927	10.55
1700	18138	10.67
1701	18043	10.61
1702	17889	10.51
1703	17890	10.50
1704	18034	10.58
1705	17981	10.55
1706	17984	10.54
1707	17998	10.54
1708	18000	10.54
1709	17960	10.51
1710	18092	10.58
1711	18009	10.53
1712	18047	10.54
1713	18079	10.55
1714	18037	10.52
1715	18024	10.51
1716	18094	10.54
1717	18202	10.60
1718	18091	10.53
1719	18074	10.51
1720	18125	10.54
1721	18239	10.60
1722	20744	12.05
1723	21558	12.51
1724	18146	10.53
1725	18134	10.51
1726	18156	10.52
1727	18132	10.50
1728	18204	10.53
1729	18148	10.50
1730	18156	10.49
1731	18208	10.52
1732	18206	10.51
1733	18216	10.51
1734	18201	10.50
1735	18180	10.48
1736	18214	10.49
1737	18270	10.52
1738	18238	10.49
1739	18248	10.49
1740	18266	10.50
1741	18239	10.48
1742	18251	10.48
1743	18341	10.52
1744	18311	10.50
1745	18282	10.48
1746	18346	10.51
1747	18339	10.50
1748	18342	10.49
1749	18358	10.50
1750	18356	10.49
1751	21235	12.13
1752	18358	10.48
1753	18383	10.49
1754	18414	10.50
1755	18333	10.45
1756	18375	10.46
1757	18457	10.50
1758	18442	10.49
1759	18456	10.49
1760	18475	10.50
1761	18424	10.46
1762	18458	10.48
1763	18469	10.48
1764	18470	10.47
1765	18694	10.59
1766	18508	10.48
1767	18535	10.49
1768	18543	10.49
1769	18532	10.48
1770	18512	10.46
1771	18546	10.47
1772	18506	10.44
1773	18552	10.46
1774	18622	10.50
1775	18560	10.46
1776	18594	10.47
1777	18591	10.46
1778	18628	10.48
1779	18632	10.47
1780	18636	10.47
1781	18661	10.48
1782	18680	10.48
1783	18760	10.52
1784	18706	10.49
1785	18653	10.45
1786	18751	10.50
1787	18653	10.44
1788	18672	10.44
1789	18718	10.46
1790	18810	10.51
1791	19024	10.62
1792	18757	10.47
1793	18782	10.48
1794	18718	10.43
1795	18808	10.48
1796	19009	10.58
1797	18858	10.49
1798	18775	10.44
1799	18836	10.47
1800	19194	10.66
1801	18846	10.46
1802	18912	10.50
1803	18884	10.47
1804	18822	10.43
1805	18842	10.44
1806	18881	10.45
1807	18870	10.44
1808	18978	10.50
1809	18895	10.44
1810	18962	10.48
1811	18896	10.43
1812	18905	10.43
1813	18932	10.44
1814	18944	10.44
1815	18969	10.45
1816	18944	10.43
1817	19036	10.48
1818	19006	10.45
1819	19018	10.46
1820	19044	10.46
1821	18982	10.42
1822	19010	10.43
1823	18978	10.41
1824	19072	10.46
1825	19057	10.44
1826	19056	10.44
1827	19121	10.47
1828	19078	10.44
1829	19146	10.47
1830	19057	10.41
1831	19107	10.44
1832	19136	10.45
1833	19254	10.50
1834	19133	10.43
1835	19117	10.42
1836	19174	10.44
1837	19140	10.42
1838	19164	10.43
1839	19175	10.43
1840	19225	10.45
1841	19362	10.52
1842	19204	10.43
1843	19232	10.44
1844	19262	10.45
1845	19244	10.43
1846	19252	10.43
1847	19263	10.43
1848	19270	10.43
1849	19278	10.43
1850	19322	10.44
1851	19226	10.39
1852	19409	10.48
1853	19292	10.41
1854	19308	10.41
1855	19354	10.43
1856	19388	10.45
1857	19284	10.38
1858	19370	10.43
1859	19334	10.40
1860	19394	10.43
1861	19492	10.47
1862	19468	10.46
1863	19396	10.41
1864	19422	10.42
1865	19436	10.42
1866	19408	10.40
1867	19560	10.48
1868	19487	10.43
1869	19581	10.48
1870	19480	10.42
1871	19503	10.42
1872	19522	10.43
1873	19528	10.43
1874	19612	10.47
1875	19513	10.41
1876	19519	10.40
1877	19524	10.40
1878	19534	10.40
1879	19558	10.41
1880	19512	10.38
1881	19575	10.41
1882	19577	10.40
1883	19593	10.41
1884	19637	10.42
1885	19674	10.44
1886	19740	10.47
1887	19728	10.45
1888	19648	10.41
1889	20040	10.61
1890	19707	10.43
1891	19662	10.40
1892	19698	10.41
1893	19720	10.42
1894	19739	10.42
1895	19675	10.38
1896	19730	10.41
1897	19687	10.38
1898	19722	10.39
1899	19758	10.40
1900	19982	10.52
1901	19939	10.49
1902	19784	10.40
1903	19820	10.42
1904	19724	10.36
1905	19870	10.43
1906	19784	10.38
1907	19794	10.38
1908	19819	10.39
1909	19860	10.40
1910	19838	10.39
1911	19865	10.40
1912	19886	10.40
1913	19951	10.43
1914	19865	10.38
1915	19886	10.38
1916	19924	10.40
1917	19840	10.35
1918	19874	10.36
1919	19898	10.37
1920	19922	10.38
1921	19916	10.37
1922	19928	10.37
1923	19912	10.35
1924	19914	10.35
1925	19936	10.36
1926	20001	10.38
1927	19978	10.37
1928	19979	10.36
1929	19940	10.34
1930	19999	10.36
1931	19996	10.36
1932	20016	10.36
1933	20052	10.37
1934	20089	10.39
1935	20067	10.37
1936	20096	10.38
1937	20086	10.37
1938	20086	10.36
1939	20120	10.38
1940	20053	10.34
1941	20078	10.34
1942	20206	10.40
1943	20142	10.37
1944	20119	10.35
1945	20135	10.35
1946	20124	10.34
1947	20150	10.35
1948	20189	10.36
1949	20206	10.37
1950	20196	10.36
1951	20118	10.31
1952	20206	10.35
1953	20216	10.35
1954	20206	10.34
1955	20287	10.38
1956	20232	10.34
1957	20222	10.33
1958	20225	10.33
1959	20302	10.36
1960	20288	10.35
1961	20275	10.34
1962	20258	10.33
1963	20306	10.34
1964	20324	10.35
1965	20336	10.35
1966	20316	10.33
1967	20300	10.32
1968	20410	10.37
1969	20406	10.36
1970	20458	10.38
1971	20557	10.43
1972	20376	10.33
1973	20428	10.35
1974	20411	10.34
1975	20369	10.31
1976	20442	10.35
1977	20460	10.35
1978	20452	10.34
1979	20473	10.35
1980	20460	10.33
1981	20493	10.34
1982	20498	10.34
1983	20464	10.32
1984	20494	10.33
1985	20485	10.32
1986	20567	10.36
1987	20528	10.33
1988	20560	10.34
1989	20582	10.35
1990	20589	10.35
1991	20588	10.34
1992	20552	10.32
1993	20546	10.31
1994	20596	10.33
1995	20577	10.31
1996	20616	10.33
1997	20588	10.31
1998	20614	10.32
1999	20653	10.33
2000	20810	10.40
2001	20720	10.35
2002	20662	10.32
2003	20631	10.30
2004	20696	10.33
2005	20669	10.31
2006	20730	10.33
2007	20708	10.32
2008	20673	10.30
2009	20755	10.33
2010	20697	10.30
2011	20664	10.28
2012	20781	10.33
2013	20782	10.32
2014	20758	10.31
2015	20709	10.28
2016	20809	10.32
2017	20832	10.33
2018	20842	10.33
2019	21974	10.88
2020	29388	14.55
2021	21090	10.44
2022	21039	10.41
2023	21012	10.39
2024	21016	10.38
2025	20987	10.36
2026	20981	10.36
2027	20952	10.34
2028	21050	10.38
2029	21001	10.35
2030	21166	10.43
2031	21112	10.39
2032	21028	10.35
2033	20986	10.32
2034	21018	10.33
2035	20968	10.30
2036	20992	10.31
2037	21275	10.44
2038	21039	10.32
2039	21013	10.31
2040	21033	10.31
2041	21809	10.69
2042	21068	10.32
2043	21070	10.31
2044	21084	10.32
2045	21064	10.30
2046	21083	10.30
2047	21125	10.32
2048	21119	10.31
2049	27009	13.18
2050	21936	10.70
2051	21899	10.68
2052	21894	10.67
2053	21896	10.67
2054	21994	10.71
2055	21995	10.70
2056	22036	10.72
2057	54794	26.64
2058	40118	19.49
2059	22344	10.85
2060	22127	10.74
2061	22132	10.74
2062	22095	10.72
2063	22050	10.69
2064	22159	10.74
2065	22117	10.71
2066	22169	10.73
2067	22194	10.74
2068	22146	10.71
2069	22149	10.71
2070	22176	10.71
2071	22225	10.73
2072	22364	10.79
2073	22185	10.70
2074	22187	10.70
2075	22240	10.72
2076	22267	10.73
2077	22253	10.71
2078	22265	10.71
2079	22254	10.70
2080	22262	10.70
2081	22253	10.69
2082	22290	10.71
2083	22303	10.71
2084	22308	10.70
2085	22229	10.66
2086	22235	10.66
2087	22648	10.85
2088	22311	10.69
2089	22320	10.68
2090	22317	10.68
2091	22334	10.68
2092	22407	10.71
2093	22392	10.70
2094	22388	10.69
2095	22364	10.67
2096	22351	10.66
2097	22379	10.67
2098	22371	10.66
2099	22334	10.64
2100	22666	10.79
2101	22392	10.66
2102	22425	10.67
2103	22390	10.65
2104	22458	10.67
2105	22437	10.66
2106	22456	10.66
2107	22497	10.68
2108	22437	10.64
2109	22445	10.64
2110	22399	10.62
2111	22420	10.62
2112	22480	10.64
2113	22601	10.70
2114	22508	10.65
2115	22558	10.67
2116	22494	10.63
2117	22558	10.66
2118	22589	10.67
2119	22618	10.67
2120	22539	10.63
2121	22552	10.63
2122	22564	10.63
2123	22569	10.63
2124	22595	10.64
2125	22568	10.62
2126	22587	10.62
2127	22634	10.64
2128	22627	10.63
2129	22634	10.63
2130	22618	10.62
2131	22713	10.66
2132	22664	10.63
2133	22612	10.60
2134	22670	10.62
2135	22703	10.63
2136	22688	10.62
2137	22721	10.63
2138	22685	10.61
2139	22699	10.61
2140	22728	10.62
2141	22720	10.61
2142	22743	10.62
2143	22752	10.62
2144	22763	10.62
2145	22696	10.58
2146	32460	15.13
2147	22132	10.31
2148	22130	10.30
2149	22076	10.27
2150	22102	10.28
2151	22130	10.29
2152	22192	10.31
2153	22158	10.29
2154	22184	10.30
2155	22209	10.31
2156	22180	10.29
2157	22200	10.29
2158	22328	10.35
2159	22797	10.56
2160	22371	10.36
2161	22343	10.34
2162	22310	10.32
2163	32202	14.89
2164	21709	10.03
2165	21722	10.03
2166	21692	10.01
2167	21752	10.04
2168	21751	10.03
2169	21751	10.03
2170	21752	10.02
2171	21780	10.03
2172	21762	10.02
2173	21808	10.04
2174	21788	10.02
2175	21856	10.05
2176	21862	10.05
2177	21813	10.02
2178	21844	10.03
2179	21877	10.04
2180	21290	9.77
2181	21320	9.78
2182	21285	9.75
2183	21311	9.76
2184	21313	9.76
2185	21311	9.75
2186	21586	9.87
2187	21390	9.78
2188	21377	9.77
2189	21359	9.76
2190	21360	9.75
2191	21357	9.75
2192	21390	9.76
2193	21408	9.76
2194	21408	9.76
2195	21384	9.74
2196	21438	9.76
2197	31255	14.23
2198	20912	9.51
2199	20912	9.51
2200	21058	9.57
2201	20982	9.53
2202	20942	9.51
2203	20952	9.51
2204	20979	9.52
2205	20951	9.50
2206	20979	9.51
2207	21012	9.52
2208	21003	9.51
2209	20995	9.50
2210	21006	9.50
2211	21028	9.51
2212	21016	9.50
2213	20998	9.49
2214	20903	9.44
2215	20540	9.27
2216	20506	9.25
2217	20540	9.26
2218	20558	9.27
2219	20566	9.27
2220	20567	9.26
2221	20570	9.26
2222	20581	9.26
2223	20571	9.25
2224	20590	9.26
2225	20615	9.27
2226	20616	9.26
2227	20621	9.26
2228	20644	9.27
2229	20621	9.25
2230	20641	9.26
2231	20652	9.26
2232	20684	9.27
2233	20696	9.27
2234	20668	9.25
2235	20678	9.25
2236	20670	9.24
2237	20724	9.26
2238	20720	9.26
2239	20724	9.26
2240	20718	9.25
2241	20712	9.24
2242	20718	9.24
2243	20736	9.24
2244	20767	9.25
2245	20725	9.23
2246	20770	9.25
2247	20814	9.26
2248	20773	9.24
2249	20801	9.25
2250	20798	9.24
2251	20798	9.24
2252	20825	9.25
2253	20826	9.24
2254	20826	9.24
2255	20846	9.24
2256	20849	9.24
2257	40269	17.84
2258	20907	9.26
2259	20910	9.26
2260	20916	9.25
2261	20924	9.25
2262	20889	9.23
2263	20883	9.23
2264	20922	9.24
2265	20932	9.24
2266	20919	9.23
2267	20918	9.23
2268	20901	9.22
2269	20950	9.23
2270	20961	9.23
2271	20967	9.23
2272	20960	9.23
2273	20997	9.24
2274	21027	9.25
2275	20964	9.21
2276	20982	9.22
2277	21027	9.23
2278	21070	9.25
2279	21012	9.22
2280	21028	9.22
2281	21052	9.23
2282	21086	9.24
2283	21076	9.23
2284	21355	9.35
2285	21159	9.26
2286	21103	9.23
2287	21153	9.25
2288	21105	9.22
2289	21151	9.24
2290	21151	9.24
2291	21149	9.23
2292	21182	9.24
2293	21148	9.22
2294	21160	9.22
2295	21189	9.23
2296	21163	9.22
2297	21203	9.23
2298	21241	9.24
2299	21250	9.24
2300	21376	9.29
2301	21254	9.24
2302	21261	9.24
2303	21290	9.24
2304	21289	9.24
2305	23447	10.17
2306	21334	9.25
2307	21298	9.23
2308	21320	9.24
2309	21310	9.23
2310	21277	9.21
2311	21317	9.22
2312	21319	9.22
2313	21290	9.20
2314	21395	9.25
2315	21376	9.23
2316	21329	9.21
2317	21350	9.21
2318	21358	9.21
2319	21368	9.21
2320	21387	9.22
2321	21374	9.21
2322	21408	9.22
2323	21422	9.22
2324	21442	9.23
2325	21416	9.21
2326	21424	9.21
2327	21447	9.22
2328	21500	9.24
2329	21457	9.21
2330	21470	9.21
2331	21471	9.21
2332	21474	9.21
2333	21472	9.20
2334	21477	9.20
2335	21500	9.21
2336	21499	9.20
2337	21519	9.21
2338	21545	9.22
2339	21581	9.23
2340	21549	9.21
2341	21566	9.21
2342	21531	9.19
2343	21502	9.18
2344	21559	9.20
2345	21574	9.20
2346	21579	9.20
2347	21618	9.21
2348	21619	9.21
2349	21641	9.21
2350	21654	9.21
2351	21650	9.21
2352	21599	9.18
2353	21672	9.21
2354	21648	9.20
2355	21706	9.22
2356	21668	9.20
2357	21662	9.19
2358	21632	9.17
2359	21674	9.19
2360	21899	9.28
2361	21715	9.20
2362	21680	9.18
2363	21692	9.18
2364	21709	9.18
2365	21711	9.18
2366	21745	9.19
2367	21756	9.19
2368	21737	9.18
2369	21773	9.19
2370	21760	9.18
2371	21782	9.19
2372	21769	9.18
2373	21787	9.18
2374	21859	9.21
2375	21826	9.19
2376	21810	9.18
2377	21830	9.18
2378	21786	9.16
2379	21828	9.18
2380	21842	9.18
2381	21828	9.17
2382	21824	9.16
2383	21858	9.17
2384	21822	9.15
2385	21870	9.17
2386	21850	9.16
2387	21874	9.16
2388	21881	9.16
2389	21890	9.16
2390	21899	9.16
2391	21918	9.17
2392	21951	9.18
2393	21888	9.15
2394	21980	9.18
2395	22002	9.19
2396	22020	9.19
2397	39614	16.53
2398	22000	9.17
2399	21974	9.16
2400	22130	9.22
2401	22064	9.19
2402	22047	9.18
2403	22062	9.18
2404	21994	9.15
2405	22066	9.18
2406	22100	9.19
2407	22120	9.19
2408	22096	9.18
2409	22081	9.17
2410	22070	9.16
2411	22093	9.16
2412	22139	9.18
2413	22092	9.16
2414	22121	9.16
2415	22175	9.18
2416	22177	9.18
2417	22180	9.18
2418	22180	9.17
2419	22227	9.19
2420	22222	9.18
2421	22211	9.17
2422	22224	9.18
2423	22179	9.15
2424	22210	9.16
2425	22279	9.19
2426	22249	9.17
2427	22264	9.17
2428	22199	9.14
2429	22304	9.18
2430	22344	9.20
2431	22288	9.17
2432	22312	9.17
2433	22278	9.16
2434	22294	9.16
2435	22366	9.19
2436	22326	9.17
2437	22266	9.14
2438	22347	9.17
2439	22280	9.13
2440	22312	9.14
2441	22337	9.15
2442	22331	9.14
2443	22387	9.16
2444	22381	9.16
2445	22367	9.15
2446	22365	9.14
2447	22356	9.14
2448	22406	9.15
2449	22378	9.14
2450	22390	9.14
2451	22465	9.17
2452	22452	9.16
2453	22448	9.15
2454	22397	9.13
2455	22443	9.14
2456	22470	9.15
2457	22494	9.16
2458	22444	9.13
2459	22516	9.16
2460	22500	9.15
2461	22468	9.13
2462	22487	9.13
2463	22519	9.14
2464	22516	9.14
2465	22504	9.13
2466	22614	9.17
2467	22554	9.14
2468	22540	9.13
2469	22602	9.15
2470	22564	9.14
2471	22548	9.13
2472	22602	9.14
2473	22595	9.14
2474	22632	9.15
2475	22697	9.17
2476	22675	9.16
2477	22678	9.16
2478	22622	9.13
2479	22641	9.13
2480	22647	9.13
2481	22625	9.12
2482	22670	9.13
2483	22677	9.13
2484	22666	9.12
2485	22660	9.12
2486	22686	9.13
2487	22670	9.12
2488	22712	9.13
2489	22696	9.12
2490	22729	9.13
2491	22756	9.14
2492	22774	9.14
2493	22749	9.13
2494	22785	9.14
2495	22778	9.13
2496	22785	9.13
2497	22796	9.13
2498	22808	9.13
2499	22839	9.14
2500	22936	9.17
2501	22897	9.16
2502	22813	9.12
2503	22837	9.12
2504	22816	9.11
2505	22828	9.11
2506	22892	9.13
2507	22861	9.12
2508	22850	9.11
2509	22898	9.13
2510	22849	9.10
2511	22881	9.11
2512	22933	9.13
2513	22984	9.15
2514	22964	9.13
2515	22950	9.13
2516	22930	9.11
2517	22987	9.13
2518	22990	9.13
2519	23023	9.14
2520	23000	9.13
2521	23026	9.13
2522	23000	9.12
2523	23022	9.12
2524	23060	9.14
2525	25227	9.99
2526	23070	9.13
2527	23063	9.13
2528	23119	9.15
2529	35288	13.95
2530	23058	9.11
2531	23114	9.13
2532	23110	9.13
2533	23144	9.14
2534	23114	9.12
2535	23081	9.10
2536	23196	9.15
2537	23133	9.12
2538	23102	9.10
2539	23118	9.11
2540	23343	9.19
2541	23207	9.13
2542	23172	9.12
2543	23179	9.11
2544	23202	9.12
2545	23190	9.11
2546	23295	9.15
2547	23212	9.11
2548	23206	9.11
2549	23221	9.11
2550	23224	9.11
2551	23249	9.11
2552	23176	9.08
2553	23211	9.09
2554	23262	9.11
2555	23325	9.13
2556	23315	9.12
2557	23246	9.09
2558	23280	9.10
2559	43210	16.89
2560	23328	9.11
2561	23313	9.10
2562	23268	9.08
2563	23440	9.15
2564	23425	9.14
2565	23356	9.11
2566	23397	9.12
2567	23523	9.16
2568	23432	9.12
2569	23421	9.12
2570	23360	9.09
2571	23350	9.08
2572	23420	9.11
2573	23502	9.13
2574	23417	9.10
2575	23494	9.12
2576	23476	9.11
2577	23548	9.14
2578	23472	9.10
2579	23539	9.13
2580	23491	9.11
2581	23447	9.08
2582	23452	9.08
2583	23466	9.08
2584	23452	9.08
2585	23500	9.09
2586	23676	9.16
2587	23556	9.11
2588	23539	9.10
2589	23614	9.12
2590	23528	9.08
2591	23624	9.12
2592	23592	9.10
2593	23618	9.11
2594	23609	9.10
2595	23601	9.09
2596	23608	9.09
2597	23584	9.08
2598	23614	9.09
2599	23642	9.10
2600	24021	9.24
2601	23654	9.09
2602	23814	9.15
2603	23696	9.10
2604	23706	9.10
2605	23658	9.08
2606	23896	9.17
2607	42639	16.36
2608	23756	9.11
2609	23728	9.09
2610	23728	9.09
2611	23696	9.08
2612	23678	9.07
2613	23722	9.08
2614	23781	9.10
2615	23684	9.06
2616	23768	9.09
2617	23720	9.06
2618	23744	9.07
2619	23778	9.08
2620	23760	9.07
2621	23784	9.07
2622	23790	9.07
2623	23811	9.08
2624	23788	9.07
2625	23810	9.07
2626	23845	9.08
2627	23810	9.06
2628	23823	9.07
2629	23814	9.06
2630	23899	9.09
2631	23886	9.08
2632	23872	9.07
2633	23857	9.06
2634	23908	9.08
2635	23925	9.08
2636	23852	9.05
2637	23864	9.05
2638	23882	9.05
2639	23930	9.07
2640	23866	9.04
2641	23904	9.05
2642	23960	9.07
2643	23920	9.05
2644	23966	9.06
2645	23960	9.06
2646	23982	9.06
2647	23958	9.05
2648	24016	9.07
2649	24004	9.06
2650	24012	9.06
2651	24018	9.06
2652	24060	9.07
2653	24002	9.05
2654	23996	9.04
2655	24042	9.06
2656	24033	9.05
2657	24033	9.05
2658	24050	9.05
2659	24080	9.06
2660	24055	9.04
2661	24122	9.07
2662	24082	9.05
2663	24118	9.06
2664	24143	9.06
2665	24350	9.14
2666	24268	9.10
2667	24232	9.09
2668	24118	9.04
2669	24210	9.07
2670	24376	9.13
2671	24204	9.06
2672	24206	9.06
2673	24167	9.04
2674	24214	9.06
2675	24192	9.04
2676	24209	9.05
2677	38682	14.45
2678	25924	9.68
2679	24262	9.06
2680	24238	9.04
2681	24266	9.05
2682	24256	9.04
2683	24254	9.04
2684	24296	9.05
2685	24326	9.06
2686	24273	9.04
2687	24261	9.03
2688	24308	9.04
2689	24304	9.04
2690	24312	9.04
2691	24322	9.04
2692	24305	9.03
2693	24358	9.04
2694	24337	9.03
2695	24370	9.04
2696	24379	9.04
2697	24386	9.04
2698	24372	9.03
2699	24411	9.04
2700	24594	9.11
2701	24443	9.05
2702	24464	9.05
2703	24450	9.05
2704	24465	9.05
2705	24485	9.05
2706	24484	9.05
2707	24468	9.04
2708	24472	9.04
2709	24462	9.03
2710	24504	9.04
2711	24499	9.04
2712	24499	9.03
2713	24533	9.04
2714	24533	9.04
2715	24519	9.03
2716	24541	9.04
2717	24542	9.03
2718	24578	9.04
2719	24607	9.05
2720	24563	9.03
2721	24589	9.04
2722	24562	9.02
2723	24608	9.04
2724	24653	9.05
2725	24606	9.03
2726	24646	9.04
2727	24612	9.03
2728	24645	9.03
2729	24648	9.03
2730	24669	9.04
2731	24992	9.15
2732	40329	14.76
2733	40678	14.88
2734	40984	14.99
2735	25640	9.37
2736	31850	11.64
2737	25496	9.32
2738	24731	9.03
2739	24716	9.02
2740	24739	9.03
2741	24712	9.02
2742	24729	9.02
2743	24711	9.01
2744	24759	9.02
2745	24727	9.01
2746	24789	9.03
2747	24776	9.02
2748	24741	9.00
2749	24811	9.03
2750	24846	9.03
2751	24795	9.01
2752	24799	9.01
2753	24771	9.00
2754	24850	9.02
2755	24845	9.02
2756	24842	9.01
2757	24817	9.00
2758	24866	9.02
2759	24822	9.00
2760	24848	9.00
2761	24858	9.00
2762	24873	9.01
2763	24886	9.01
2764	24872	9.00
2765	24921	9.01
2766	24884	9.00
2767	24936	9.01
2768	24911	9.00
2769	24940	9.01
2770	24947	9.01
2771	24934	9.00
2772	24977	9.01
2773	24964	9.00
2774	24992	9.01
2775	24987	9.00
2776	25002	9.01
2777	24977	8.99
2778	25020	9.01
2779	25006	9.00
2780	25038	9.01
2781	25033	9.00
2782	25062	9.01
2783	25109	9.02
2784	25078	9.01
2785	25085	9.01
2786	25028	8.98
2787	25057	8.99
2788	25050	8.98
2789	25110	9.00
2790	25115	9.00
2791	25106	9.00
2792	35531	12.73
2793	25100	8.99
2794	25100	8.98
2795	25490	9.12
2796	25187	9.01
2797	25170	9.00
2798	25164	8.99
2799	25236	9.02
2800	25384	9.07
2801	25418	9.07
2802	25243	9.01
2803	25250	9.01
2804	25248	9.00
2805	25285	9.01
2806	25287	9.01
2807	25271	9.00
2808	25307	9.01
2809	25282	9.00
2810	25312	9.01
2811	25324	9.01
2812	25336	9.01
2813	25361	9.02
2814	25330	9.00
2815	25376	9.01
2816	25367	9.01
2817	25379	9.01
2818	25410	9.02
2819	25360	9.00
2820	25340	8.99
2821	25394	9.00
2822	27914	9.89
2823	25467	9.02
2824	25448	9.01
2825	25413	9.00
2826	25408	8.99
2827	25442	9.00
2828	25424	8.99
2829	25428	8.99
2830	25442	8.99
2831	25416	8.98
2832	25481	9.00
2833	25948	9.16
2834	26069	9.20
2835	26138	9.22
2836	26062	9.19
2837	26138	9.21
2838	26125	9.21
2839	26175	9.22
2840	26164	9.21
2841	26232	9.23
2842	26214	9.22
2843	26248	9.23
2844	26310	9.25
2845	26275	9.24
2846	26292	9.24
2847	26394	9.27
2848	26345	9.25
2849	26279	9.22
2850	26358	9.25
2851	26305	9.23
2852	26316	9.23
2853	26333	9.23
2854	26613	9.32
2855	26571	9.31
2856	26781	9.38
2857	27107	9.49
2858	26976	9.44
2859	26986	9.44
2860	27138	9.49
2861	27312	9.55
2862	26933	9.41
2863	26530	9.27
2864	27185	9.49
2865	26670	9.31
2866	26418	9.22
2867	26368	9.20
2868	26423	9.21
2869	26392	9.20
2870	26422	9.21
2871	26352	9.18
2872	26372	9.18
2873	26400	9.19
2874	26410	9.19
2875	26362	9.17
2876	26443	9.19
2877	26442	9.19
2878	26427	9.18
2879	26446	9.19
2880	26486	9.20
2881	26482	9.19
2882	26420	9.17
2883	26470	9.18
2884	26478	9.18
2885	26514	9.19
2886	26472	9.17
2887	26508	9.18
2888	26531	9.19
2889	26484	9.17
2890	26506	9.17
2891	26549	9.18
2892	26563	9.18
2893	26548	9.18
2894	26584	9.19
2895	26574	9.18
2896	26610	9.19
2897	26548	9.16
2898	26539	9.16
2899	26587	9.17
2900	26775	9.23
2901	26623	9.18
2902	26664	9.19
2903	26708	9.20
2904	26649	9.18
2905	26668	9.18
2906	26658	9.17
2907	26701	9.19
2908	26640	9.16
2909	26690	9.17
2910	26870	9.23
2911	27258	9.36
2912	27692	9.51
2913	28053	9.63
2914	27236	9.35
2915	27172	9.32
2916	27382	9.39
2917	27088	9.29
2918	26976	9.24
2919	26814	9.19
2920	26880	9.21
2921	26824	9.18
2922	26794	9.17
2923	26852	9.19
2924	26844	9.18
2925	26854	9.18
2926	26844	9.17
2927	26866	9.18
2928	37630	12.85
2929	28030	9.57
2930	27065	9.24
2931	27129	9.26
2932	27170	9.27
2933	27168	9.26
2934	27109	9.24
2935	27097	9.23
2936	27099	9.23
2937	27076	9.22
2938	27114	9.23
2939	27194	9.25
2940	27160	9.24
2941	27108	9.22
2942	27146	9.23
2943	27116	9.21
2944	27145	9.22
2945	27112	9.21
2946	27147	9.21
2947	27116	9.20
2948	27222	9.23
2949	27154	9.21
2950	27203	9.22
2951	27209	9.22
2952	27246	9.23
2953	27240	9.22
2954	27268	9.23
2955	27273	9.23
2956	27216	9.21
2957	27233	9.21
2958	27272	9.22
2959	27274	9.22
2960	27227	9.20
2961	27316	9.23
2962	27318	9.22
2963	27328	9.22
2964	27335	9.22
2965	27346	9.22
2966	27342	9.22
2967	27335	9.21
2968	27379	9.22
2969	27324	9.20
2970	27375	9.22
2971	27412	9.23
2972	27368	9.21
2973	27419	9.22
2974	27419	9.22
2975	27390	9.21
2976	27424	9.22
2977	27444	9.22
2978	27450	9.22
2979	27484	9.23
2980	27477	9.22
2981	27474	9.22
2982	27462	9.21
2983	27424	9.19
2984	27428	9.19
2985	27466	9.20
2986	27468	9.20
2987	27456	9.19
2988	27546	9.22
2989	27534	9.21
2990	27510	9.20
2991	27524	9.20
2992	27553	9.21
2993	56251	18.79
2994	31888	10.65
2995	27505	9.18
2996	27539	9.19
2997	27568	9.20
2998	27568	9.20
2999	27592	9.20
3000	27724	9.24
3001	27536	9.18
3002	27592	9.19
3003	27580	9.18
3004	27590	9.18
3005	27563	9.17
3006	27594	9.18
3007	27558	9.16
3008	27548	9.16
3009	27556	9.16
3010	27616	9.17
3011	27604	9.17
3012	27614	9.17
3013	27694	9.19
3014	27699	9.19
3015	27715	9.19
3016	27752	9.20
3017	27658	9.17
3018	27669	9.17
3019	27710	9.18
3020	27718	9.18
3021	27762	9.19
3022	27796	9.20
3023	27795	9.19
3024	27693	9.16
3025	27740	9.17
3026	27743	9.17
3027	27772	9.17
3028	27753	9.17
3029	27788	9.17
3030	27830	9.18
3031	27808	9.17
3032	27856	9.19
3033	27865	9.19
3034	27802	9.16
3035	27862	9.18
3036	27885	9.18
3037	27862	9.17
3038	27820	9.16
3039	27835	9.16
3040	27923	9.19
3041	27894	9.17
3042	27898	9.17
3043	27960	9.19
3044	27930	9.18
3045	27868	9.15
3046	27910	9.16
3047	27885	9.15
3048	27906	9.16
3049	27982	9.18
3050	27868	9.14
3051	28332	9.29
3052	27946	9.16
3053	27905	9.14
3054	27999	9.17
3055	27954	9.15
3056	27984	9.16
3057	28002	9.16
3058	27968	9.15
3059	28019	9.16
3060	27983	9.14
3061	31800	10.39
3062	28152	9.19
3063	28194	9.20
3064	28200	9.20
3065	28152	9.18
3066	28346	9.25
3067	28126	9.17
3068	28270	9.21
3069	28178	9.18
3070	28262	9.21
3071	28214	9.19
3072	28305	9.21
3073	28241	9.19
3074	28347	9.22
3075	28286	9.20
3076	28410	9.24
3077	28284	9.19
3078	28358	9.21
3079	28354	9.21
3080	28256	9.17
3081	28338	9.20
3082	28393	9.21
3083	28420	9.22
3084	28431	9.22
3085	28358	9.19
3086	28418	9.21
3087	28382	9.19
3088	28414	9.20
3089	28269	9.15
3090	30488	9.87
3091	29120	9.42
3092	28464	9.21
3093	28416	9.19
3094	28507	9.21
3095	28451	9.19
3096	28474	9.20
3097	30048	9.70
3098	28626	9.24
3099	28565	9.22
3100	29826	9.62
3101	28735	9.27
3102	28496	9.19
3103	28540	9.20
3104	28504	9.18
3105	28522	9.19
3106	28573	9.20
3107	28439	9.15
3108	28564	9.19
3109	28520	9.17
3110	28618	9.20
3111	28588	9.19
3112	28592	9.19
3113	28580	9.18
3114	28638	9.20
3115	28587	9.18
3116	28678	9.20
3117	28561	9.16
3118	28636	9.18
3119	28645	9.18
3120	28682	9.19
3121	28553	9.15
3122	29874	9.57
3123	28659	9.18
3124	28760	9.21
3125	28678	9.18
3126	28756	9.20
3127	28676	9.17
3128	28766	9.20
3129	28964	9.26
3130	28823	9.21
3131	28793	9.20
3132	28813	9.20
3133	28776	9.18
3134	28814	9.19
3135	28797	9.19
3136	28801	9.18
3137	28738	9.16
3138	28814	9.18
3139	28864	9.20
3140	28806	9.17
3141	28774	9.16
3142	28906	9.20
3143	28766	9.15
3144	28974	9.22
3145	28891	9.19
3146	28994	9.22
3147	28842	9.16
3148	28927	9.19
3149	28918	9.18
3150	28972	9.20
3151	28910	9.17
3152	28985	9.20
3153	28947	9.18
3154	29000	9.19
3155	28964	9.18
3156	28981	9.18
3157	28982	9.18
3158	29047	9.20
3159	28992	9.18
3160	28997	9.18
3161	28972	9.17
3162	28999	9.17
3163	29006	9.17
3164	29068	9.19
3165	29014	9.17
3166	29127	9.20
3167	29420	9.29
3168	29556	9.33
3169	29375	9.27
3170	29576	9.33
3171	29569	9.32
3172	29467	9.29
3173	29571	9.32
3174	29204	9.20
3175	29260	9.22
3176	29260	9.21
3177	29432	9.26
3178	29444	9.26
3179	30304	9.53
3180	30151	9.48
3181	31912	10.03
3182	29354	9.23
3183	29259	9.19
3184	29201	9.17
3185	29201	9.17
3186	29232	9.18
3187	29272	9.18
3188	29390	9.22
3189	29238	9.17
3190	29238	9.17
3191	29322	9.19
3192	29286	9.17
3193	29284	9.17
3194	29252	9.16
3195	29327	9.18
3196	29363	9.19
3197	29296	9.16
3198	29379	9.19
3199	29364	9.18
3200	29518	9.22
3201	31273	9.77
3202	29606	9.25
3203	30544	9.54
3204	29518	9.21
3205	29325	9.15
3206	29507	9.20
3207	29351	9.15
3208	29394	9.16
3209	29364	9.15
3210	29469	9.18
3211	29404	9.16
3212	29502	9.18
3213	29373	9.14
3214	29480	9.17
3215	29442	9.16
3216	29567	9.19
3217	29424	9.15
3218	29543	9.18
3219	29486	9.16
3220	29588	9.19
3221	29534	9.17
3222	29521	9.16
3223	29488	9.15
3224	29570	9.17
3225	29492	9.14
3226	29603	9.18
3227	29516	9.15
3228	29593	9.17
3229	29513	9.14
3230	32022	9.91
3231	29578	9.15
3232	29644	9.17
3233	29555	9.14
3234	29659	9.17
3235	29682	9.18
3236	29657	9.16
3237	30966	9.57
3238	29646	9.16
3239	29622	9.15
3240	29604	9.14
3241	29625	9.14
3242	29650	9.15
3243	29629	9.14
3244	29662	9.14
3245	29650	9.14
3246	29662	9.14
3247	29849	9.19
3248	29717	9.15
3249	30868	9.50
3250	29873	9.19
3251	29770	9.16
3252	29834	9.17
3253	29758	9.15
3254	29824	9.17
3255	29776	9.15
3256	29832	9.16
3257	29693	9.12
3258	29890	9.17
3259	29769	9.13
3260	29920	9.18
3261	29837	9.15
3262	29933	9.18
3263	29799	9.13
3264	29857	9.15
3265	29938	9.17
3266	29880	9.15
3267	29902	9.15
3268	29847	9.13
3269	29850	9.13
3270	29919	9.15
3271	29950	9.16
3272	29918	9.14
3273	29924	9.14
3274	30008	9.17
3275	29938	9.14
3276	29945	9.14
3277	29943	9.14
3278	29979	9.15
3279	29972	9.14
3280	30018	9.15
3281	29942	9.13
3282	29998	9.14
3283	30002	9.14
3284	30080	9.16
3285	30159	9.18
3286	30345	9.23
3287	30368	9.24
3288	30480	9.27
3289	30322	9.22
3290	30702	9.33
3291	30276	9.20
3292	30376	9.23
3293	62142	18.87
3294	30620	9.30
3295	30044	9.12
3296	29959	9.09
3297	29964	9.09
3298	30030	9.11
3299	29970	9.08
3300	32050	9.71
3301	30184	9.14
3302	30050	9.10
3303	30247	9.16
3304	63905	19.34
3305	31026	9.39
3306	30114	9.11
3307	30620	9.26
3308	30328	9.17
3309	30210	9.13
3310	30118	9.10
3311	30127	9.10
3312	30200	9.12
3313	30282	9.14
3314	30226	9.12
3315	30205	9.11
3316	30248	9.12
3317	30191	9.10
3318	30140	9.08
3319	30158	9.09
3320	30140	9.08
3321	30214	9.10
3322	30214	9.10
3323	30184	9.08
3324	30220	9.09
3325	30160	9.07
3326	30223	9.09
3327	30232	9.09
3328	30196	9.07
3329	33971	10.20
3330	30328	9.11
3331	30278	9.09
3332	30280	9.09
3333	30322	9.10
3334	30392	9.12
3335	30336	9.10
3336	30351	9.10
3337	30328	9.09
3338	30351	9.09
3339	30346	9.09
3340	30336	9.08
3341	30414	9.10
3342	30297	9.07
3343	30429	9.10
3344	30406	9.09
3345	30432	9.10
3346	30438	9.10
3347	30409	9.09
3348	30440	9.09
3349	30460	9.10
3350	30416	9.08
3351	30478	9.10
3352	30421	9.08
3353	30511	9.10
3354	30442	9.08
3355	30470	9.08
3356	30516	9.09
3357	30464	9.07
3358	30522	9.09
3359	30487	9.08
3360	30504	9.08
3361	30599	9.10
3362	30529	9.08
3363	30576	9.09
3364	30537	9.08
3365	30585	9.09
3366	30601	9.09
3367	30553	9.07
3368	30589	9.08
3369	30578	9.08
3370	30594	9.08
3371	30664	9.10
3372	30590	9.07
3373	30642	9.08
3374	30679	9.09
3375	30635	9.08
3376	30680	9.09
3377	30646	9.07
3378	30679	9.08
3379	30726	9.09
3380	30664	9.07
3381	30734	9.09
3382	30717	9.08
3383	30667	9.07
3384	30759	9.09
3385	30698	9.07
3386	30737	9.08
3387	30763	9.08
3388	30704	9.06
3389	30795	9.09
3390	30737	9.07
3391	30776	9.08
3392	30794	9.08
3393	30740	9.06
3394	30847	9.09
3395	30864	9.09
3396	30920	9.10
3397	30898	9.10
3398	30864	9.08
3399	30857	9.08
3400	31035	9.13
3401	30934	9.10
3402	30838	9.06
3403	31022	9.12
3404	30928	9.09
3405	30849	9.06
3406	30960	9.09
3407	30950	9.08
3408	30903	9.07
3409	31036	9.10
3410	30932	9.07
3411	30948	9.07
3412	31110	9.12
3413	30948	9.07
3414	31007	9.08
3415	31038	9.09
3416	30953	9.06
3417	31013	9.08
3418	31058	9.09
3419	31020	9.07
3420	31047	9.08
3421	31110	9.09
3422	31044	9.07
3423	31084	9.08
3424	31119	9.09
3425	31068	9.07
3426	31112	9.08
3427	31126	9.08
3428	31081	9.07
3429	31162	9.09
3430	31165	9.09
3431	31100	9.06
3432	31202	9.09
3433	31154	9.07
3434	31120	9.06
3435	31190	9.08
3436	31144	9.06
3437	31135	9.06
3438	31249	9.09
3439	31194	9.07
3440	31174	9.06
3441	31218	9.07
3442	31219	9.07
3443	31182	9.06
3444	31246	9.07
3445	31260	9.07
3446	31178	9.05
3447	31281	9.07
3448	31284	9.07
3449	31268	9.07
3450	31324	9.08
3451	31295	9.07
3452	31259	9.06
3453	31297	9.06
3454	31324	9.07
3455	31290	9.06
3456	31307	9.06
3457	31314	9.06
3458	31286	9.05
3459	31324	9.06
3460	31392	9.07
3461	31370	9.06
3462	31368	9.06
3463	31424	9.07
3464	31356	9.05
3465	31406	9.06
3466	31498	9.09
3467	31440	9.07
3468	31412	9.06
3469	31517	9.09
3470	31448	9.06
3471	31448	9.06
3472	31499	9.07
3473	31468	9.06
3474	31468	9.06
3475	31527	9.07
3476	31498	9.06
3477	31474	9.05
3478	31548	9.07
3479	31576	9.08
3480	31540	9.06
3481	31574	9.07
3482	31594	9.07
3483	31533	9.05
3484	31557	9.06
3485	31592	9.07
3486	31606	9.07
3487	31497	9.03
3488	31634	9.07
3489	31600	9.06
3490	31563	9.04
3491	31578	9.05
3492	31634	9.06
3493	31560	9.04
3494	31633	9.05
3495	31656	9.06
3496	31648	9.05
3497	31576	9.03
3498	31616	9.04
3499	31669	9.05
3500	31725	9.06
3501	31638	9.04
3502	31641	9.04
3503	31666	9.04
3504	31637	9.03
3505	31640	9.03
3506	31656	9.03
3507	31670	9.03
3508	31650	9.02
3509	31738	9.04
3510	31714	9.04
3511	31646	9.01
3512	31713	9.03
3513	31776	9.05
3514	31714	9.03
3515	31706	9.02
3516	31786	9.04
3517	31772	9.03
3518	32642	9.28
3519	31779	9.03
3520	33117	9.41
3521	31856	9.05
3522	31774	9.02
3523	31822	9.03
3524	31810	9.03
3525	31830	9.03
3526	31810	9.02
3527	31849	9.03
3528	32020	9.08
3529	31860	9.03
3530	31835	9.02
3531	31892	9.03
3532	31956	9.05
3533	31918	9.03
3534	31914	9.03
3535	31978	9.05
3536	31982	9.04
3537	31904	9.02
3538	31882	9.01
3539	31960	9.03
3540	31937	9.02
3541	31890	9.01
3542	31981	9.03
3543	32027	9.04
3544	32007	9.03
3545	31958	9.01
3546	31962	9.01
3547	32023	9.03
3548	32027	9.03
3549	31997	9.02
3550	32034	9.02
3551	32075	9.03
3552	32052	9.02
3553	32020	9.01
3554	32121	9.04
3555	32132	9.04
3556	32072	9.02
3557	32066	9.01
3558	32156	9.04
3559	32114	9.02
3560	32106	9.02
3561	32148	9.03
3562	32191	9.04
3563	32322	9.07
3564	32230	9.04
3565	32300	9.06
3566	32240	9.04
3567	32206	9.03
3568	32261	9.04
3569	32250	9.04
3570	32234	9.03
3571	32185	9.01
3572	32240	9.03
3573	32306	9.04
3574	32295	9.04
3575	32287	9.03
3576	32251	9.02
3577	32319	9.04
3578	32325	9.03
3579	32302	9.03
3580	32279	9.02
3581	32366	9.04
3582	32450	9.06
3583	32379	9.04
3584	32346	9.03
3585	32383	9.03
3586	32420	9.04
3587	32380	9.03
3588	32332	9.01
3589	32428	9.04
3590	32431	9.03
3591	32472	9.04
3592	32431	9.03
3593	32448	9.03
3594	32490	9.04
3595	32520	9.05
3596	32478	9.03
3597	32402	9.01
3598	32486	9.03
3599	32512	9.03
3600	32738	9.09
3601	32576	9.05
3602	32536	9.03
3603	32862	9.12
3604	32769	9.09
3605	32710	9.07
3606	32647	9.05
3607	32580	9.03
3608	32488	9.00
3609	32552	9.02
3610	32572	9.02
3611	32538	9.01
3612	32554	9.01
3613	32588	9.02
3614	32677	9.04
3615	32626	9.03
3616	32616	9.02
3617	32529	8.99
3618	32576	9.00
3619	32604	9.01
3620	32572	9.00
3621	32561	8.99
3622	32590	9.00
3623	32628	9.01
3624	32658	9.01
3625	32660	9.01
3626	32670	9.01
3627	32684	9.01
3628	32734	9.02
3629	32719	9.02
3630	32693	9.01
3631	32729	9.01
3632	32736	9.01
3633	32913	9.06
3634	32868	9.04
3635	32779	9.02
3636	32786	9.02
3637	32798	9.02
3638	32828	9.02
3639	32892	9.04
3640	33898	9.31
3641	32865	9.03
3642	32796	9.00
3643	32874	9.02
3644	32892	9.03
3645	32848	9.01
3646	32847	9.01
3647	32888	9.02
3648	32930	9.03
3649	32957	9.03
3650	32949	9.03
3651	32908	9.01
3652	32837	8.99
3653	32854	8.99
3654	32938	9.01
3655	33006	9.03
3656	33022	9.03
3657	33001	9.02
3658	32978	9.02
3659	33021	9.02
3660	33066	9.03
3661	33047	9.03
3662	32974	9.00
3663	32998	9.01
3664	32995	9.01
3665	33086	9.03
3666	33090	9.03
3667	33098	9.03
3668	33031	9.01
3669	33008	9.00
3670	33139	9.03
3671	33320	9.08
3672	33211	9.04
3673	45700	12.44
3674	33659	9.16
3675	33124	9.01
3676	33130	9.01
3677	33134	9.01
3678	33116	9.00
3679	33006	8.97
3680	33058	8.98
3681	33130	9.00
3682	33154	9.00
3683	33168	9.01
3684	33121	8.99
3685	33135	8.99
3686	33146	8.99
3687	33164	8.99
3688	33205	9.00
3689	33178	8.99
3690	33199	9.00
3691	33149	8.98
3692	33168	8.98
3693	33261	9.01
3694	33510	9.07
3695	33383	9.03
3696	33320	9.02
3697	33311	9.01
3698	33265	9.00
3699	33242	8.99
3700	33380	9.02
3701	33388	9.02
3702	33341	9.01
3703	33364	9.01
3704	33335	9.00
3705	33332	9.00
3706	33327	8.99
3707	33364	9.00
3708	33408	9.01
3709	33382	9.00
3710	33378	9.00
3711	33356	8.99
3712	33338	8.98
3713	33330	8.98
3714	33347	8.98
3715	33433	9.00
3716	33474	9.01
3717	33454	9.00
3718	33436	8.99
3719	33436	8.99
3720	33374	8.97
3721	33412	8.98
3722	33460	8.99
3723	33497	9.00
3724	33524	9.00
3725	33507	9.00
3726	33478	8.98
3727	33456	8.98
3728	33492	8.98
3729	33539	8.99
3730	33540	8.99
3731	33588	9.00
3732	33593	9.00
3733	33567	8.99
3734	33548	8.98
3735	33568	8.99
3736	33564	8.98
3737	33675	9.01
3738	33708	9.02
3739	33624	8.99
3740	33614	8.99
3741	33589	8.98
3742	33724	9.01
3743	33591	8.97
3744	33623	8.98
3745	33636	8.98
3746	33682	8.99
3747	33718	9.00
3748	33670	8.98
3749	33675	8.98
3750	33647	8.97
3751	33630	8.97
3752	33642	8.97
3753	33744	8.99
3754	33756	8.99
3755	33744	8.99
3756	33754	8.99
3757	33734	8.98
3758	33744	8.98
3759	33759	8.98
3760	33876	9.01
3761	33796	8.99
3762	33811	8.99
3763	33858	9.00
3764	33872	9.00
3765	33830	8.99
3766	33832	8.98
3767	33928	9.01
3768	33830	8.98
3769	33779	8.96
3770	33834	8.97
3771	33873	8.98
3772	33860	8.98
3773	33857	8.97
3774	33929	8.99
3775	33913	8.98
3776	33935	8.99
3777	33870	8.97
3778	33854	8.96
3779	33890	8.97
3780	33902	8.97
3781	33876	8.96
3782	34064	9.01
3783	34015	8.99
3784	33976	8.98
3785	34024	8.99
3786	33989	8.98
3787	34049	8.99
3788	34034	8.98
3789	34018	8.98
3790	34036	8.98
3791	33948	8.95
3792	34045	8.98
3793	33972	8.96
3794	34042	8.97
3795	34056	8.97
3796	34048	8.97
3797	34120	8.99
3798	34133	8.99
3799	34153	8.99
3800	34170	8.99
3801	34078	8.97
3802	34074	8.96
3803	34060	8.96
3804	34072	8.96
3805	34131	8.97
3806	34085	8.96
3807	34171	8.98
3808	34201	8.98
3809	34254	8.99
3810	34160	8.97
3811	34209	8.98
3812	34227	8.98
3813	34277	8.99
3814	34259	8.98
3815	34249	8.98
3816	34204	8.96
3817	34211	8.96
3818	34226	8.96
3819	34436	9.02
3820	34364	9.00
3821	34327	8.98
3822	34310	8.98
3823	34352	8.99
3824	34320	8.97
3825	34292	8.97
3826	34320	8.97
3827	34280	8.96
3828	34295	8.96
3829	34284	8.95
3830	34280	8.95
3831	34328	8.96
3832	34343	8.96
3833	34328	8.96
3834	34364	8.96
3835	34392	8.97
3836	34464	8.98
3837	34488	8.99
3838	34514	8.99
3839	34524	8.99
3840	34493	8.98
3841	34472	8.97
3842	34476	8.97
3843	34448	8.96
3844	34458	8.96
3845	34413	8.95
3846	34393	8.94
3847	34448	8.95
3848	34490	8.96
3849	35726	9.28
3850	34430	8.94
3851	34440	8.94
3852	34486	8.95
3853	34456	8.94
3854	34492	8.95
3855	34508	8.95
3856	34512	8.95
3857	34530	8.95
3858	34547	8.95
3859	34606	8.97
3860	34590	8.96
3861	34564	8.95
3862	34580	8.95
3863	34620	8.96
3864	34588	8.95
3865	34620	8.96
3866	34639	8.96
3867	34594	8.95
3868	34651	8.96
3869	34666	8.96
3870	34691	8.96
3871	34693	8.96
3872	34690	8.96
3873	34712	8.96
3874	34726	8.96
3875	34712	8.96
3876	34741	8.96
3877	34738	8.96
3878	34720	8.95
3879	34766	8.96
3880	34758	8.96
3881	34787	8.96
3882	34772	8.96
3883	34776	8.96
3884	34754	8.95
3885	34774	8.95
3886	34736	8.94
3887	34762	8.94
3888	34942	8.99
3889	34815	8.95
3890	34814	8.95
3891	34837	8.95
3892	34887	8.96
3893	34855	8.95
3894	34860	8.95
3895	34859	8.95
3896	34870	8.95
3897	34878	8.95
3898	34912	8.96
3899	34870	8.94
3900	34931	8.96
3901	35024	8.98
3902	34856	8.93
3903	34878	8.94
3904	34886	8.94
3905	34864	8.93
3906	34862	8.93
3907	34890	8.93
3908	34970	8.95
3909	35007	8.96
3910	34939	8.94
3911	34904	8.92
3912	34985	8.94
3913	35026	8.95
3914	34978	8.94
3915	35018	8.94
3916	35007	8.94
3917	35076	8.95
3918	35052	8.95
3919	35028	8.94
3920	35059	8.94
3921	35070	8.94
3922	35062	8.94
3923	35053	8.94
3924	35096	8.94
3925	35082	8.94
3926	35098	8.94
3927	35074	8.93
3928	35106	8.94
3929	35083	8.93
3930	35095	8.93
3931	35144	8.94
3932	35158	8.94
3933	35159	8.94
3934	35183	8.94
3935	35197	8.94
3936	35194	8.94
3937	35195	8.94
3938	35164	8.93
3939	35227	8.94
3940	35236	8.94
3941	35260	8.95
3942	35246	8.94
3943	35232	8.94
3944	71202	18.05
3945	35615	9.03
3946	35436	8.98
3947	35443	8.98
3948	35370	8.96
3949	35516	8.99
3950	35400	8.96
3951	35545	9.00
3952	35480	8.98
3953	35452	8.97
3954	35528	8.99
3955	35608	9.00
3956	35460	8.96
3957	35627	9.00
3958	35537	8.98
3959	35604	8.99
3960	35584	8.99
3961	35593	8.99
3962	35640	9.00
3963	35752	9.02
3964	35696	9.01
3965	35602	8.98
3966	35607	8.98
3967	35652	8.99
3968	35526	8.95
3969	35647	8.98
3970	35636	8.98
3971	35644	8.98
3972	35594	8.96
3973	35631	8.97
3974	35712	8.99
3975	35727	8.99
3976	35820	9.01
3977	35773	8.99
3978	35700	8.97
3979	35768	8.99
3980	35737	8.98
3981	35770	8.99
3982	35776	8.98
3983	35831	9.00
3984	35748	8.97
3985	35751	8.97
3986	35703	8.96
3987	35844	8.99
3988	35739	8.96
3989	35792	8.97
3990	35778	8.97
3991	35834	8.98
3992	35827	8.97
3993	35891	8.99
3994	35856	8.98
3995	35990	9.01
3996	35922	8.99
3997	35933	8.99
3998	35794	8.95
3999	35847	8.96
4000	36108	9.03
