N	Total Time	Average CPE
1	347	347.00
2	120	60.00
3	119	39.67
4	119	29.75
5	127	25.40
6	134	22.33
7	142	20.29
8	149	18.62
9	159	17.67
10	166	16.60
11	172	15.64
12	179	14.92
13	186	14.31
14	194	13.86
15	202	13.47
16	211	13.19
17	561	33.00
18	540	30.00
19	540	28.42
20	539	26.95
21	545	25.95
22	559	25.41
23	561	24.39
24	569	23.71
25	578	23.12
26	585	22.50
27	592	21.93
28	598	21.36
29	607	20.93
30	615	20.50
31	622	20.06
32	631	19.72
33	876	26.55
34	869	25.56
35	878	25.09
36	890	24.72
37	895	24.19
38	904	23.79
39	912	23.38
40	917	22.93
41	927	22.61
42	940	22.38
43	942	21.91
44	952	21.64
45	956	21.24
46	969	21.07
47	977	20.79
48	1161	24.19
49	992	20.24
50	996	19.92
51	1006	19.73
52	1015	19.52
53	1047	19.75
54	1053	19.50
55	1057	19.22
56	1071	19.12
57	1077	18.89
58	1087	18.74
59	1097	18.59
60	1099	18.32
61	1109	18.18
62	1112	17.94
63	1126	17.87
64	1128	17.62
65	1516	23.32
66	1489	22.56
67	1495	22.31
68	1505	22.13
69	1510	21.88
70	1521	21.73
71	1528	21.52
72	1536	21.33
73	1648	22.58
74	1562	21.11
75	1556	20.75
76	1564	20.58
77	1578	20.49
78	1584	20.31
79	1589	20.11
80	1595	19.94
81	1612	19.90
82	1610	19.63
83	1646	19.83
84	1651	19.65
85	1657	19.49
86	1667	19.38
87	1675	19.25
88	1683	19.12
89	1693	19.02
90	1695	18.83
91	1708	18.77
92	1712	18.61
93	1729	18.59
94	1735	18.46
95	1736	18.27
96	1744	18.17
97	1766	18.21
98	1766	18.02
99	1771	17.89
100	1785	17.85
101	1875	18.56
102	1791	17.56
103	1800	17.48
104	1814	17.44
105	1807	17.21
106	1813	17.10
107	1833	17.13
108	1839	17.03
109	1840	16.88
110	1855	16.86
111	1859	16.75
112	1879	16.78
113	1880	16.64
114	1875	16.45
115	1884	16.38
116	1906	16.43
117	1908	16.31
118	1912	16.20
119	1926	16.18
120	1933	16.11
121	1947	16.09
122	1945	15.94
123	1955	15.89
124	1965	15.85
125	1976	15.81
126	1992	15.81
127	1987	15.65
128	1984	15.50
129	2511	19.47
130	2331	17.93
131	2334	17.82
132	2341	17.73
133	2351	17.68
134	2343	17.49
135	2359	17.47
136	2358	17.34
137	2373	17.32
138	2373	17.20
139	2377	17.10
140	2391	17.08
141	2435	17.27
142	2462	17.34
143	2464	17.23
144	2487	17.27
145	2477	17.08
146	2483	17.01
147	2508	17.06
148	2495	16.86
149	2488	16.70
150	2518	16.79
151	2532	16.77
152	8305	54.64
153	2332	15.24
154	2350	15.26
155	2345	15.13
156	2362	15.14
157	2369	15.09
158	2376	15.04
159	2377	14.95
160	2383	14.89
161	2383	14.80
162	2403	14.83
163	2436	14.94
164	2442	14.89
165	2464	14.93
166	2468	14.87
167	2447	14.65
168	2459	14.64
169	2450	14.50
170	2475	14.56
171	2460	14.39
172	2468	14.35
173	2503	14.47
174	2584	14.85
175	2606	14.89
176	2564	14.57
177	2586	14.61
178	2543	14.29
179	2575	14.39
180	2552	14.18
181	3160	17.46
182	2566	14.10
183	2561	13.99
184	2576	14.00
185	2573	13.91
186	2581	13.88
187	2592	13.86
188	2596	13.81
189	2622	13.87
190	2608	13.73
191	2783	14.57
192	2642	13.76
193	2637	13.66
194	2647	13.64
195	2654	13.61
196	2663	13.59
197	2668	13.54
198	2665	13.46
199	2683	13.48
200	2702	13.51
201	2706	13.46
202	2705	13.39
203	2734	13.47
204	2726	13.36
205	2747	13.40
206	2753	13.36
207	2742	13.25
208	2747	13.21
209	2758	13.20
210	2785	13.26
211	2778	13.17
212	2771	13.07
213	2784	13.07
214	2805	13.11
215	2816	13.10
216	2799	12.96
217	2827	13.03
218	2842	13.04
219	2835	12.95
220	4335	19.70
221	2893	13.09
222	2878	12.96
223	2882	12.92
224	2905	12.97
225	2920	12.98
226	2926	12.95
227	2950	13.00
228	2934	12.87
229	2993	13.07
230	2940	12.78
231	2963	12.83
232	3120	13.45
233	2995	12.85
234	2981	12.74
235	3028	12.89
236	3006	12.74
237	3640	15.36
238	2916	12.25
239	2910	12.18
240	2928	12.20
241	2952	12.25
242	2963	12.24
243	2987	12.29
244	2979	12.21
245	2978	12.16
246	3000	12.20
247	2993	12.12
248	3000	12.10
249	3124	12.55
250	3114	12.46
251	3101	12.35
252	3051	12.11
253	3042	12.02
254	3118	12.28
255	3089	12.11
256	3091	12.07
257	3406	13.25
258	3341	12.95
259	3384	13.07
260	3388	13.03
261	3399	13.02
262	3417	13.04
263	3396	12.91
264	3412	12.92
265	3433	12.95
266	3418	12.85
267	3416	12.79
268	3417	12.75
269	3417	12.70
270	3453	12.79
271	3522	13.00
272	3438	12.64
273	3376	12.37
274	5402	19.72
275	3378	12.28
276	3396	12.30
277	3445	12.44
278	3409	12.26
279	3452	12.37
280	3486	12.45
281	4682	16.66
282	3443	12.21
283	3542	12.52
284	3419	12.04
285	3418	11.99
286	3600	12.59
287	3457	12.05
288	3466	12.03
289	3461	11.98
290	3474	11.98
291	3489	11.99
292	3487	11.94
293	3487	11.90
294	3485	11.85
295	3522	11.94
296	3557	12.02
297	3613	12.16
298	3542	11.89
299	3571	11.94
300	3583	11.94
301	3577	11.88
302	3650	12.09
303	3746	12.36
304	3662	12.05
305	3658	11.99
306	3582	11.71
307	3819	12.44
308	3661	11.89
309	3662	11.85
310	3622	11.68
311	3696	11.88
312	3659	11.73
313	3618	11.56
314	3638	11.59
315	3664	11.63
316	4517	14.29
317	3769	11.89
318	3791	11.92
319	3798	11.91
320	3845	12.02
321	3858	12.02
322	4636	14.40
323	3724	11.53
324	3711	11.45
325	3745	11.52
326	3774	11.58
327	3741	11.44
328	3848	11.73
329	3768	11.45
330	3763	11.40
331	4030	12.18
332	5190	15.63
333	3796	11.40
334	3961	11.86
335	5010	14.96
336	3999	11.90
337	4207	12.48
338	4899	14.49
339	4160	12.27
340	3816	11.22
341	3904	11.45
342	3852	11.26
343	3857	11.24
344	3880	11.28
345	3864	11.20
346	3886	11.23
347	3930	11.33
348	3996	11.48
349	4998	14.32
350	3923	11.21
351	4445	12.66
352	5046	14.34
353	4284	12.14
354	4528	12.79
355	5364	15.11
356	5128	14.40
357	5635	15.78
358	5680	15.87
359	4521	12.59
360	4116	11.43
361	4394	12.17
362	4235	11.70
363	4239	11.68
364	4141	11.38
365	4340	11.89
366	4072	11.13
367	4264	11.62
368	4086	11.10
369	7136	19.34
370	4777	12.91
371	5355	14.43
372	6416	17.25
373	4500	12.06
374	4249	11.36
375	4274	11.40
376	4263	11.34
377	4274	11.34
378	4321	11.43
379	4306	11.36
380	4316	11.36
381	4341	11.39
382	4616	12.08
383	4329	11.30
384	4327	11.27
385	4344	11.28
386	4312	11.17
387	4344	11.22
388	4366	11.25
389	4369	11.23
390	4432	11.36
391	4785	12.24
392	5032	12.84
393	4450	11.32
394	4508	11.44
395	4632	11.73
396	4614	11.65
397	4470	11.26
398	4621	11.61
399	4424	11.09
400	4446	11.12
401	4431	11.05
402	4418	10.99
403	4470	11.09
404	4476	11.08
405	4534	11.20
406	4602	11.33
407	4603	11.31
408	4645	11.38
409	4591	11.22
410	4588	11.19
411	4621	11.24
412	5507	13.37
413	5114	12.38
414	5013	12.11
415	4650	11.20
416	8809	21.18
417	4703	11.28
418	4694	11.23
419	4714	11.25
420	4721	11.24
421	4731	11.24
422	4744	11.24
423	4744	11.22
424	4759	11.22
425	4942	11.63
426	4749	11.15
427	4779	11.19
428	4826	11.28
429	4829	11.26
430	4828	11.23
431	4819	11.18
432	4829	11.18
433	4849	11.20
434	5357	12.34
435	4683	10.77
436	4695	10.77
437	4720	10.80
438	4687	10.70
439	4700	10.71
440	4698	10.68
441	4890	11.09
442	4743	10.73
443	4733	10.68
444	4890	11.01
445	4694	10.55
446	4744	10.64
447	4754	10.64
448	7113	15.88
449	6871	15.30
450	5111	11.36
451	6002	13.31
452	4762	10.54
453	4894	10.80
454	4798	10.57
455	6235	13.70
456	5317	11.66
457	5331	11.67
458	5438	11.87
459	5358	11.67
460	5364	11.66
461	5443	11.81
462	5654	12.24
463	6208	13.41
464	5324	11.47
465	5232	11.25
466	5250	11.27
467	5273	11.29
468	5241	11.20
469	5250	11.19
470	5285	11.24
471	5271	11.19
472	5281	11.19
473	5285	11.17
474	5281	11.14
475	5454	11.48
476	5833	12.25
477	5167	10.83
478	5205	10.89
479	5198	10.85
480	5813	12.11
481	5533	11.50
482	5048	10.47
483	5055	10.47
484	5178	10.70
485	5222	10.77
486	5227	10.76
487	5242	10.76
488	5260	10.78
489	5250	10.74
490	5264	10.74
491	5298	10.79
492	5834	11.86
493	5123	10.39
494	5126	10.38
495	5135	10.37
496	5926	11.95
497	5313	10.69
498	5334	10.71
499	7374	14.78
500	5306	10.61
501	4979	9.94
502	4998	9.96
503	5010	9.96
504	5601	11.11
505	4881	9.67
506	4904	9.69
507	4879	9.62
508	4899	9.64
509	4912	9.65
510	4909	9.63
511	4901	9.59
512	4949	9.67
513	5580	10.88
514	5586	10.87
515	5370	10.43
516	5377	10.42
517	5494	10.63
518	5398	10.42
519	5382	10.37
520	7001	13.46
521	5368	10.30
522	5371	10.29
523	5354	10.24
524	5401	10.31
525	5391	10.27
526	5404	10.27
527	5413	10.27
528	5398	10.22
529	5328	10.07
530	5311	10.02
531	5430	10.23
532	5467	10.28
533	5569	10.45
534	5588	10.46
535	5510	10.30
536	6261	11.68
537	5365	9.99
538	5366	9.97
539	5841	10.84
540	5365	9.94
541	5382	9.95
542	5408	9.98
543	5659	10.42
544	9901	18.20
545	5889	10.81
546	5700	10.44
547	5580	10.20
548	5915	10.79
549	5708	10.40
550	5622	10.22
551	6401	11.62
552	5795	10.50
553	5805	10.50
554	5782	10.44
555	5791	10.43
556	5809	10.45
557	6002	10.78
558	5865	10.51
559	5847	10.46
560	5857	10.46
561	5919	10.55
562	5876	10.46
563	5884	10.45
564	5880	10.43
565	5847	10.35
566	5719	10.10
567	5776	10.19
568	5785	10.18
569	5735	10.08
570	5771	10.12
571	5799	10.16
572	5822	10.18
573	6016	10.50
574	6124	10.67
575	6014	10.46
576	5999	10.41
577	5999	10.40
578	6047	10.46
579	6058	10.46
580	6040	10.41
581	6027	10.37
582	6070	10.43
583	6094	10.45
584	6282	10.76
585	6071	10.38
586	6026	10.28
587	6007	10.23
588	6018	10.23
589	6029	10.24
590	6083	10.31
591	6086	10.30
592	6750	11.40
593	6192	10.44
594	6226	10.48
595	6191	10.41
596	6163	10.34
597	6210	10.40
598	7154	11.96
599	6117	10.21
600	7041	11.73
601	6332	10.54
602	6179	10.26
603	6215	10.31
604	6215	10.29
605	6226	10.29
606	6222	10.27
607	6232	10.27
608	6251	10.28
609	6246	10.26
610	6161	10.10
611	6108	10.00
612	6084	9.94
613	6067	9.90
614	7714	12.56
615	6406	10.42
616	6194	10.06
617	6117	9.91
618	6115	9.89
619	6132	9.91
620	6138	9.90
621	6254	10.07
622	6190	9.95
623	6172	9.91
624	6606	10.59
625	5983	9.57
626	6097	9.74
627	7198	11.48
628	6400	10.19
629	5984	9.51
630	5998	9.52
631	5987	9.49
632	6337	10.03
633	6014	9.50
634	6049	9.54
635	6063	9.55
636	6060	9.53
637	6061	9.51
638	6060	9.50
639	6071	9.50
640	6074	9.49
641	6104	9.52
642	6094	9.49
643	6123	9.52
644	6919	10.74
645	6010	9.32
646	5985	9.26
647	5989	9.26
648	5987	9.24
649	5948	9.16
650	5948	9.15
651	6020	9.25
652	6307	9.67
653	5939	9.09
654	5964	9.12
655	6141	9.38
656	6028	9.19
657	6027	9.17
658	6006	9.13
659	5994	9.10
660	6024	9.13
661	6026	9.12
662	6466	9.77
663	5869	8.85
664	5890	8.87
665	5905	8.88
666	5917	8.88
667	5907	8.86
668	5885	8.81
669	5897	8.81
670	5906	8.81
671	5935	8.85
672	5947	8.85
673	5926	8.81
674	6607	9.80
675	5925	8.78
676	5931	8.77
677	6083	8.99
678	5944	8.77
679	5971	8.79
680	5990	8.81
681	5982	8.78
682	5971	8.76
683	5982	8.76
684	7553	11.04
685	6029	8.80
686	6039	8.80
687	6724	9.79
688	6015	8.74
689	6169	8.95
690	6032	8.74
691	6032	8.73
692	6039	8.73
693	6032	8.70
694	6030	8.69
695	6059	8.72
696	6047	8.69
697	6060	8.69
698	6063	8.69
699	6074	8.69
700	6133	8.76
701	6103	8.71
702	6097	8.69
703	6106	8.69
704	6109	8.68
705	6133	8.70
706	7178	10.17
707	6153	8.70
708	6236	8.81
709	6156	8.68
710	6171	8.69
711	6174	8.68
712	6187	8.69
713	6184	8.67
714	6186	8.66
715	6198	8.67
716	6166	8.61
717	6026	8.40
718	6046	8.42
719	6110	8.50
720	5931	8.24
721	5904	8.19
722	5899	8.17
723	6420	8.88
724	5761	7.96
725	5768	7.96
726	5776	7.96
727	6261	8.61
728	5646	7.76
729	5640	7.74
730	5656	7.75
731	7071	9.67
732	6067	8.29
733	5677	7.74
734	5699	7.76
735	5716	7.78
736	5732	7.79
737	5754	7.81
738	5666	7.68
739	5667	7.67
740	6331	8.56
741	5705	7.70
742	5783	7.79
743	5894	7.93
744	5920	7.96
745	5863	7.87
746	6297	8.44
747	5871	7.86
748	5785	7.73
749	5768	7.70
750	6707	8.94
751	7091	9.44
752	6050	8.05
753	6062	8.05
754	6000	7.96
755	6132	8.12
756	6134	8.11
757	6157	8.13
758	6898	9.10
759	6293	8.29
760	6292	8.28
761	6387	8.39
762	6949	9.12
763	7457	9.77
764	6522	8.54
765	6517	8.52
766	6664	8.70
767	6513	8.49
768	6491	8.45
769	6519	8.48
770	6536	8.49
771	6545	8.49
772	6527	8.45
773	6529	8.45
774	6553	8.47
775	6574	8.48
776	6568	8.46
777	6586	8.48
778	6608	8.49
779	6633	8.51
780	6629	8.50
781	6606	8.46
782	6613	8.46
783	6615	8.45
784	6597	8.41
785	6612	8.42
786	6609	8.41
787	6668	8.47
788	6636	8.42
789	6634	8.41
790	6659	8.43
791	6655	8.41
792	6775	8.55
793	6664	8.40
794	6678	8.41
795	6762	8.51
796	6685	8.40
797	6695	8.40
798	6713	8.41
799	6729	8.42
800	6754	8.44
801	6720	8.39
802	6723	8.38
803	6746	8.40
804	6645	8.26
805	6563	8.15
806	6544	8.12
807	6488	8.04
808	6396	7.92
809	6409	7.92
810	7009	8.65
811	6249	7.71
812	6274	7.73
813	6280	7.72
814	6094	7.49
815	6125	7.52
816	6113	7.49
817	6127	7.50
818	6117	7.48
819	6117	7.47
820	6146	7.50
821	6143	7.48
822	6134	7.46
823	6150	7.47
824	6150	7.46
825	6275	7.61
826	6340	7.68
827	6200	7.50
828	6202	7.49
829	6214	7.50
830	6216	7.49
831	6218	7.48
832	6223	7.48
833	6229	7.48
834	6364	7.63
835	6208	7.43
836	6223	7.44
837	6226	7.44
838	6227	7.43
839	6250	7.45
840	6246	7.44
841	6245	7.43
842	6240	7.41
843	6250	7.41
844	6397	7.58
845	6295	7.45
846	6282	7.43
847	6298	7.44
848	6292	7.42
849	6294	7.41
850	6303	7.42
851	6310	7.41
852	6329	7.43
853	6327	7.42
854	6334	7.42
855	6339	7.41
856	6366	7.44
857	6420	7.49
858	6443	7.51
859	6377	7.42
860	6378	7.42
861	6386	7.42
862	6382	7.40
863	6384	7.40
864	6384	7.39
865	6397	7.40
866	6404	7.39
867	6407	7.39
868	6414	7.39
869	6410	7.38
870	6423	7.38
871	6432	7.38
872	6436	7.38
873	6453	7.39
874	6455	7.39
875	6456	7.38
876	6458	7.37
877	6484	7.39
878	6486	7.39
879	6479	7.37
880	6478	7.36
881	6482	7.36
882	6495	7.36
883	6500	7.36
884	6497	7.35
885	6524	7.37
886	6518	7.36
887	6511	7.34
888	6511	7.33
889	6586	7.41
890	6538	7.35
891	6544	7.34
892	6552	7.35
893	6577	7.37
894	10948	12.25
895	6548	7.32
896	6562	7.32
897	6553	7.31
898	6579	7.33
899	6599	7.34
900	7347	8.16
901	6568	7.29
902	6622	7.34
903	6576	7.28
904	6592	7.29
905	6586	7.28
906	6600	7.28
907	11469	12.64
908	7311	8.05
909	12847	14.13
910	6628	7.28
911	6629	7.28
912	6690	7.34
913	6642	7.27
914	6659	7.29
915	6671	7.29
916	6695	7.31
917	6734	7.34
918	6912	7.53
919	6713	7.30
920	6695	7.28
921	6701	7.28
922	6726	7.30
923	6700	7.26
924	6714	7.27
925	6726	7.27
926	6732	7.27
927	6721	7.25
928	6731	7.25
929	6732	7.25
930	6732	7.24
931	6737	7.24
932	6742	7.23
933	6746	7.23
934	6815	7.30
935	6814	7.29
936	6780	7.24
937	6921	7.39
938	6788	7.24
939	6779	7.22
940	6778	7.21
941	6780	7.21
942	6819	7.24
943	6808	7.22
944	6891	7.30
945	6829	7.23
946	6844	7.23
947	6849	7.23
948	6846	7.22
949	6858	7.23
950	6960	7.33
951	6875	7.23
952	6901	7.25
953	6877	7.22
954	6902	7.23
955	6948	7.28
956	6882	7.20
957	6892	7.20
958	6879	7.18
959	6890	7.18
960	6908	7.20
961	7316	7.61
962	6926	7.20
963	6905	7.17
964	6941	7.20
965	6931	7.18
966	6943	7.19
967	6943	7.18
968	6959	7.19
969	6947	7.17
970	6954	7.17
971	6967	7.18
972	6965	7.17
973	6964	7.16
974	6972	7.16
975	7000	7.18
976	7011	7.18
977	7001	7.17
978	7009	7.17
979	7012	7.16
980	7024	7.17
981	7039	7.18
982	7032	7.16
983	7036	7.16
984	7057	7.17
985	7044	7.15
986	7049	7.15
987	7084	7.18
988	7072	7.16
989	7065	7.14
990	7070	7.14
991	7083	7.15
992	7082	7.14
993	7085	7.13
994	10818	10.88
995	7187	7.22
996	7871	7.90
997	7199	7.22
998	7211	7.23
999	7206	7.21
1000	7240	7.24
1001	7209	7.20
1002	7211	7.20
1003	7211	7.19
1004	7219	7.19
1005	7222	7.19
1006	7229	7.19
1007	7250	7.20
1008	7230	7.17
1009	7281	7.22
1010	7265	7.19
1011	7234	7.16
1012	7261	7.17
1013	7257	7.16
1014	7276	7.18
1015	7835	7.72
1016	7733	7.61
1017	7701	7.57
1018	7733	7.60
1019	7745	7.60
1020	7742	7.59
1021	7745	7.59
1022	7749	7.58
1023	7755	7.58
1024	7771	7.59
1025	8257	8.06
1026	7910	7.71
1027	7901	7.69
1028	8029	7.81
1029	7912	7.69
1030	7940	7.71
1031	7930	7.69
1032	7985	7.74
1033	7983	7.73
1034	7968	7.71
1035	7989	7.72
1036	7987	7.71
1037	8002	7.72
1038	7997	7.70
1039	8017	7.72
1040	8116	7.80
1041	8034	7.72
1042	8042	7.72
1043	8047	7.72
1044	8039	7.70
1045	8024	7.68
1046	8038	7.68
1047	8052	7.69
1048	8060	7.69
1049	8061	7.68
1050	8049	7.67
1051	8081	7.69
1052	8078	7.68
1053	8086	7.68
1054	8100	7.69
1055	8108	7.69
1056	8087	7.66
1057	8100	7.66
1058	8096	7.65
1059	8086	7.64
1060	8125	7.67
1061	8137	7.67
1062	8141	7.67
1063	8136	7.65
1064	8159	7.67
1065	8122	7.63
1066	8223	7.71
1067	8167	7.65
1068	8195	7.67
1069	8612	8.06
1070	7948	7.43
1071	7845	7.32
1072	7813	7.29
1073	7946	7.41
1074	7826	7.29
1075	7834	7.29
1076	8006	7.44
1077	7944	7.38
1078	7912	7.34
1079	7844	7.27
1080	7862	7.28
1081	7925	7.33
1082	7908	7.31
1083	7916	7.31
1084	7858	7.25
1085	7868	7.25
1086	7863	7.24
1087	7884	7.25
1088	7882	7.24
1089	7902	7.26
1090	7907	7.25
1091	8028	7.36
1092	7900	7.23
1093	7911	7.24
1094	7915	7.23
1095	7933	7.24
1096	7936	7.24
1097	7934	7.23
1098	7941	7.23
1099	7954	7.24
1100	7990	7.26
1101	7985	7.25
1102	7982	7.24
1103	7972	7.23
1104	7959	7.21
1105	8006	7.25
1106	8008	7.24
1107	7999	7.23
1108	8020	7.24
1109	8011	7.22
1110	8033	7.24
1111	8035	7.23
1112	8048	7.24
1113	8056	7.24
1114	8023	7.20
1115	8047	7.22
1116	8074	7.23
1117	8070	7.22
1118	8089	7.24
1119	8066	7.21
1120	8759	7.82
1121	8107	7.23
1122	8096	7.22
1123	8907	7.93
1124	8094	7.20
1125	8103	7.20
1126	8126	7.22
1127	8131	7.21
1128	8138	7.21
1129	8107	7.18
1130	8140	7.20
1131	8144	7.20
1132	8448	7.46
1133	8146	7.19
1134	8157	7.19
1135	8147	7.18
1136	8164	7.19
1137	8176	7.19
1138	8185	7.19
1139	8201	7.20
1140	8151	7.15
1141	8093	7.09
1142	8100	7.09
1143	8108	7.09
1144	8182	7.15
1145	8133	7.10
1146	8124	7.09
1147	8142	7.10
1148	8140	7.09
1149	8134	7.08
1150	8154	7.09
1151	8169	7.10
1152	8158	7.08
1153	8178	7.09
1154	8179	7.09
1155	8180	7.08
1156	8209	7.10
1157	8208	7.09
1158	8192	7.07
1159	8208	7.08
1160	8226	7.09
1161	8225	7.08
1162	8217	7.07
1163	8264	7.11
1164	8231	7.07
1165	8231	7.07
1166	8307	7.12
1167	8328	7.14
1168	8327	7.13
1169	8249	7.06
1170	8265	7.06
1171	8282	7.07
1172	8266	7.05
1173	8287	7.06
1174	8299	7.07
1175	8423	7.17
1176	8288	7.05
1177	8294	7.05
1178	8304	7.05
1179	8305	7.04
1180	8324	7.05
1181	8334	7.06
1182	8320	7.04
1183	8440	7.13
1184	8389	7.09
1185	8344	7.04
1186	8358	7.05
1187	8358	7.04
1188	8353	7.03
1189	8364	7.03
1190	8377	7.04
1191	8395	7.05
1192	8385	7.03
1193	8392	7.03
1194	8396	7.03
1195	8413	7.04
1196	8406	7.03
1197	8411	7.03
1198	8424	7.03
1199	8430	7.03
1200	8493	7.08
1201	8441	7.03
1202	8444	7.02
1203	8453	7.03
1204	8456	7.02
1205	8473	7.03
1206	8499	7.05
1207	8488	7.03
1208	8481	7.02
1209	8480	7.01
1210	8523	7.04
1211	8501	7.02
1212	8508	7.02
1213	8533	7.03
1214	8558	7.05
1215	8542	7.03
1216	8527	7.01
1217	8541	7.02
1218	8545	7.02
1219	8556	7.02
1220	8558	7.01
1221	8561	7.01
1222	8570	7.01
1223	8563	7.00
1224	8588	7.02
1225	8587	7.01
1226	8583	7.00
1227	8585	7.00
1228	8590	7.00
1229	8604	7.00
1230	8604	7.00
1231	8619	7.00
1232	8611	6.99
1233	8639	7.01
1234	8621	6.99
1235	8639	7.00
1236	8649	7.00
1237	8694	7.03
1238	8693	7.02
1239	8668	7.00
1240	8668	6.99
1241	8674	6.99
1242	8682	6.99
1243	8701	7.00
1244	8700	6.99
1245	8720	7.00
1246	8699	6.98
1247	8708	6.98
1248	8703	6.97
1249	8781	7.03
1250	8717	6.97
1251	8745	6.99
1252	8757	6.99
1253	8738	6.97
1254	8723	6.96
1255	8762	6.98
1256	8747	6.96
1257	8767	6.97
1258	8778	6.98
1259	10397	8.26
1260	10650	8.45
1261	8929	7.08
1262	8936	7.08
1263	8962	7.10
1264	8950	7.08
1265	8967	7.09
1266	8969	7.08
1267	8983	7.09
1268	8988	7.09
1269	8988	7.08
1270	9000	7.09
1271	9066	7.13
1272	9004	7.08
1273	8994	7.07
1274	9011	7.07
1275	9014	7.07
1276	9030	7.08
1277	9062	7.10
1278	11774	9.21
1279	9661	7.55
1280	9026	7.05
1281	9125	7.12
1282	11535	9.00
1283	9075	7.07
1284	9072	7.07
1285	9070	7.06
1286	11633	9.05
1287	9061	7.04
1288	9105	7.07
1289	9086	7.05
1290	9073	7.03
1291	9082	7.03
1292	9081	7.03
1293	9097	7.04
1294	9122	7.05
1295	9134	7.05
1296	9143	7.05
1297	9132	7.04
1298	9135	7.04
1299	9135	7.03
1300	9174	7.06
1301	9184	7.06
1302	9030	6.94
1303	8937	6.86
1304	8866	6.80
1305	8883	6.81
1306	8882	6.80
1307	8890	6.80
1308	8893	6.80
1309	8895	6.80
1310	8903	6.80
1311	10082	7.69
1312	8899	6.78
1313	12065	9.19
1314	9004	6.85
1315	8990	6.84
1316	9005	6.84
1317	11326	8.60
1318	9360	7.10
1319	9331	7.07
1320	15125	11.46
1321	9009	6.82
1322	9026	6.83
1323	9023	6.82
1324	9029	6.82
1325	9018	6.81
1326	9031	6.81
1327	9039	6.81
1328	9049	6.81
1329	11895	8.95
1330	9058	6.81
1331	9068	6.81
1332	9063	6.80
1333	9077	6.81
1334	9091	6.81
1335	9090	6.81
1336	9087	6.80
1337	9103	6.81
1338	9171	6.85
1339	9127	6.82
1340	9105	6.79
1341	9112	6.79
1342	9152	6.82
1343	9124	6.79
1344	9124	6.79
1345	9133	6.79
1346	9134	6.79
1347	12836	9.53
1348	9513	7.06
1349	9526	7.06
1350	9538	7.07
1351	9527	7.05
1352	9542	7.06
1353	9534	7.05
1354	9527	7.04
1355	9553	7.05
1356	9558	7.05
1357	9574	7.06
1358	9558	7.04
1359	9561	7.04
1360	9588	7.05
1361	9593	7.05
1362	9704	7.12
1363	11380	8.35
1364	11926	8.74
1365	9245	6.77
1366	9237	6.76
1367	9353	6.84
1368	9251	6.76
1369	9295	6.79
1370	9281	6.77
1371	9289	6.78
1372	10921	7.96
1373	9213	6.71
1374	9207	6.70
1375	9212	6.70
1376	11273	8.19
1377	9227	6.70
1378	9242	6.71
1379	11778	8.54
1380	9211	6.67
1381	9246	6.70
1382	9254	6.70
1383	9359	6.77
1384	9250	6.68
1385	9277	6.70
1386	9273	6.69
1387	11325	8.17
1388	9422	6.79
1389	9297	6.69
1390	9276	6.67
1391	10135	7.29
1392	11228	8.07
1393	9313	6.69
1394	9315	6.68
1395	9342	6.70
1396	9323	6.68
1397	9317	6.67
1398	9345	6.68
1399	9348	6.68
1400	9393	6.71
1401	9372	6.69
1402	9348	6.67
1403	9425	6.72
1404	9347	6.66
1405	11400	8.11
1406	9522	6.77
1407	9478	6.74
1408	9445	6.71
1409	9458	6.71
1410	9456	6.71
1411	9461	6.71
1412	11535	8.17
1413	9487	6.71
1414	9461	6.69
1415	9472	6.69
1416	9481	6.70
1417	9483	6.69
1418	9490	6.69
1419	9503	6.70
1420	9499	6.69
1421	9511	6.69
1422	9536	6.71
1423	9518	6.69
1424	9539	6.70
1425	9624	6.75
1426	9543	6.69
1427	9556	6.70
1428	9567	6.70
1429	13445	9.41
1430	17091	11.95
1431	9671	6.76
1432	9644	6.73
1433	9608	6.70
1434	9618	6.71
1435	9611	6.70
1436	9607	6.69
1437	9610	6.69
1438	9616	6.69
1439	9622	6.69
1440	9625	6.68
1441	9623	6.68
1442	9640	6.69
1443	9629	6.67
1444	18780	13.01
1445	13059	9.04
1446	9686	6.70
1447	9680	6.69
1448	9853	6.80
1449	9696	6.69
1450	9672	6.67
1451	9693	6.68
1452	9686	6.67
1453	9694	6.67
1454	9709	6.68
1455	9713	6.68
1456	9710	6.67
1457	9728	6.68
1458	9718	6.67
1459	12146	8.32
1460	12634	8.65
1461	9768	6.69
1462	9767	6.68
1463	9773	6.68
1464	9786	6.68
1465	9778	6.67
1466	9792	6.68
1467	9849	6.71
1468	9808	6.68
1469	9798	6.67
1470	9812	6.67
1471	9809	6.67
1472	9819	6.67
1473	9826	6.67
1474	9832	6.67
1475	14741	9.99
1476	12829	8.69
1477	10295	6.97
1478	10205	6.90
1479	10219	6.91
1480	10245	6.92
1481	10239	6.91
1482	10334	6.97
1483	11244	7.58
1484	10255	6.91
1485	10251	6.90
1486	10346	6.96
1487	10506	7.07
1488	10281	6.91
1489	12021	8.07
1490	10340	6.94
1491	10341	6.94
1492	10336	6.93
1493	10386	6.96
1494	10350	6.93
1495	10354	6.93
1496	10370	6.93
1497	10362	6.92
1498	10356	6.91
1499	10369	6.92
1500	10417	6.94
1501	10579	7.05
1502	10642	7.09
1503	10635	7.08
1504	10660	7.09
1505	17632	11.72
1506	11333	7.53
1507	10364	6.88
1508	10341	6.86
1509	10361	6.87
1510	10356	6.86
1511	10361	6.86
1512	10362	6.85
1513	10367	6.85
1514	10400	6.87
1515	10378	6.85
1516	10397	6.86
1517	10403	6.86
1518	10397	6.85
1519	10356	6.82
1520	10423	6.86
1521	10341	6.80
1522	10344	6.80
1523	10367	6.81
1524	10344	6.79
1525	10353	6.79
1526	10546	6.91
1527	10411	6.82
1528	10428	6.82
1529	10359	6.78
1530	10358	6.77
1531	10365	6.77
1532	10370	6.77
1533	10368	6.76
1534	10606	6.91
1535	10828	7.05
1536	10854	7.07
1537	10890	7.09
1538	10857	7.06
1539	10855	7.05
1540	10862	7.05
1541	10857	7.05
1542	10859	7.04
1543	10855	7.03
1544	11005	7.13
1545	10857	7.03
1546	10860	7.02
1547	10868	7.03
1548	10894	7.04
1549	11204	7.23
1550	10925	7.05
1551	10919	7.04
1552	11003	7.09
1553	10927	7.04
1554	10918	7.03
1555	10901	7.01
1556	10934	7.03
1557	10944	7.03
1558	10930	7.02
1559	10957	7.03
1560	10949	7.02
1561	10981	7.03
1562	11064	7.08
1563	11741	7.51
1564	11062	7.07
1565	10976	7.01
1566	10926	6.98
1567	10996	7.02
1568	10994	7.01
1569	10972	6.99
1570	10976	6.99
1571	10958	6.98
1572	10990	6.99
1573	10994	6.99
1574	11059	7.03
1575	11015	6.99
1576	10981	6.97
1577	11009	6.98
1578	13367	8.47
1579	10694	6.77
1580	10703	6.77
1581	10821	6.84
1582	10727	6.78
1583	10731	6.78
1584	10720	6.77
1585	10740	6.78
1586	10751	6.78
1587	10764	6.78
1588	10808	6.81
1589	10720	6.75
1590	10672	6.71
1591	10661	6.70
1592	11156	7.01
1593	10853	6.81
1594	10826	6.79
1595	11002	6.90
1596	10919	6.84
1597	10905	6.83
1598	10882	6.81
1599	10891	6.81
1600	10905	6.82
1601	10907	6.81
1602	10951	6.84
1603	10918	6.81
1604	10888	6.79
1605	10910	6.80
1606	10924	6.80
1607	11145	6.94
1608	10982	6.83
1609	10951	6.81
1610	10933	6.79
1611	10930	6.78
1612	10951	6.79
1613	10953	6.79
1614	10955	6.79
1615	10942	6.78
1616	10974	6.79
1617	10969	6.78
1618	11011	6.81
1619	10982	6.78
1620	11961	7.38
1621	11018	6.80
1622	11004	6.78
1623	11071	6.82
1624	11006	6.78
1625	11045	6.80
1626	11098	6.83
1627	12219	7.51
1628	11012	6.76
1629	11158	6.85
1630	11012	6.76
1631	11024	6.76
1632	11067	6.78
1633	11054	6.77
1634	11155	6.83
1635	13662	8.36
1636	11071	6.77
1637	11070	6.76
1638	11095	6.77
1639	11086	6.76
1640	11229	6.85
1641	11096	6.76
1642	11109	6.77
1643	11118	6.77
1644	11100	6.75
1645	11380	6.92
1646	11124	6.76
1647	11142	6.77
1648	13044	7.92
1649	11137	6.75
1650	11155	6.76
1651	11165	6.76
1652	11160	6.76
1653	11176	6.76
1654	11175	6.76
1655	11200	6.77
1656	11222	6.78
1657	11230	6.78
1658	11305	6.82
1659	11309	6.82
1660	11386	6.86
1661	11222	6.76
1662	11981	7.21
1663	11232	6.75
1664	11235	6.75
1665	11235	6.75
1666	11221	6.74
1667	11226	6.73
1668	11241	6.74
1669	11232	6.73
1670	11246	6.73
1671	11243	6.73
1672	11257	6.73
1673	11262	6.73
1674	11263	6.73
1675	11452	6.84
1676	14458	8.63
1677	11284	6.73
1678	11186	6.67
1679	11291	6.72
1680	11191	6.66
1681	11207	6.67
1682	11212	6.67
1683	11258	6.69
1684	11246	6.68
1685	11219	6.66
1686	11225	6.66
1687	11228	6.66
1688	11346	6.72
1689	12292	7.28
1690	11370	6.73
1691	11847	7.01
1692	11385	6.73
1693	11390	6.73
1694	11516	6.80
1695	11544	6.81
1696	11461	6.76
1697	11416	6.73
1698	11410	6.72
1699	11441	6.73
1700	11444	6.73
1701	11423	6.72
1702	12042	7.08
1703	11414	6.70
1704	11424	6.70
1705	11446	6.71
1706	11448	6.71
1707	11436	6.70
1708	11451	6.70
1709	11446	6.70
1710	11468	6.71
1711	11691	6.83
1712	11561	6.75
1713	11525	6.73
1714	11542	6.73
1715	11558	6.74
1716	11563	6.74
1717	11566	6.74
1718	11559	6.73
1719	11569	6.73
1720	11588	6.74
1721	11601	6.74
1722	11599	6.74
1723	11586	6.72
1724	11599	6.73
1725	11622	6.74
1726	11596	6.72
1727	11622	6.73
1728	11719	6.78
1729	11648	6.74
1730	11633	6.72
1731	11635	6.72
1732	11661	6.73
1733	11664	6.73
1734	11663	6.73
1735	11684	6.73
1736	11665	6.72
1737	11683	6.73
1738	11693	6.73
1739	11694	6.72
1740	11691	6.72
1741	11701	6.72
1742	11710	6.72
1743	11744	6.74
1744	11761	6.74
1745	11726	6.72
1746	11727	6.72
1747	11765	6.73
1748	11744	6.72
1749	11755	6.72
1750	11757	6.72
1751	11754	6.71
1752	11779	6.72
1753	11767	6.71
1754	11765	6.71
1755	11814	6.73
1756	11817	6.73
1757	11796	6.71
1758	11797	6.71
1759	11805	6.71
1760	11829	6.72
1761	11918	6.77
1762	11834	6.72
1763	11832	6.71
1764	11837	6.71
1765	11841	6.71
1766	11844	6.71
1767	11845	6.70
1768	11861	6.71
1769	11867	6.71
1770	11859	6.70
1771	11920	6.73
1772	11774	6.64
1773	11791	6.65
1774	11899	6.71
1775	11810	6.65
1776	11817	6.65
1777	11892	6.69
1778	11888	6.69
1779	11846	6.66
1780	11846	6.66
1781	11904	6.68
1782	11879	6.67
1783	11858	6.65
1784	11857	6.65
1785	11876	6.65
1786	11869	6.65
1787	11878	6.65
1788	11883	6.65
1789	11896	6.65
1790	11907	6.65
1791	11891	6.64
1792	11910	6.65
1793	11934	6.66
1794	11994	6.69
1795	12011	6.69
1796	13233	7.37
1797	12320	6.86
1798	12313	6.85
1799	12337	6.86
1800	12555	6.97
1801	12026	6.68
1802	12034	6.68
1803	12079	6.70
1804	12037	6.67
1805	12061	6.68
1806	12063	6.68
1807	12054	6.67
1808	12055	6.67
1809	12063	6.67
1810	12060	6.66
1811	12149	6.71
1812	12090	6.67
1813	12093	6.67
1814	12119	6.68
1815	13019	7.17
1816	12399	6.83
1817	12414	6.83
1818	12416	6.83
1819	12425	6.83
1820	12455	6.84
1821	13137	7.21
1822	12497	6.86
1823	12466	6.84
1824	12505	6.86
1825	12469	6.83
1826	12457	6.82
1827	12458	6.82
1828	12477	6.83
1829	12477	6.82
1830	12461	6.81
1831	12694	6.93
1832	12500	6.82
1833	12514	6.83
1834	12514	6.82
1835	12532	6.83
1836	12530	6.82
1837	12554	6.83
1838	12528	6.82
1839	12548	6.82
1840	12839	6.98
1841	12252	6.66
1842	12256	6.65
1843	12251	6.65
1844	12261	6.65
1845	12376	6.71
1846	13849	7.50
1847	17380	9.41
1848	13844	7.49
1849	11960	6.47
1850	11940	6.45
1851	13150	7.10
1852	15897	8.58
1853	12009	6.48
1854	12014	6.48
1855	12012	6.48
1856	12022	6.48
1857	12011	6.47
1858	12206	6.57
1859	13256	7.13
1860	12023	6.46
1861	12041	6.47
1862	12142	6.52
1863	12066	6.48
1864	12055	6.47
1865	12068	6.47
1866	12072	6.47
1867	12084	6.47
1868	12082	6.47
1869	12079	6.46
1870	12120	6.48
1871	15314	8.18
1872	17224	9.20
1873	12096	6.46
1874	12116	6.47
1875	12129	6.47
1876	12171	6.49
1877	12231	6.52
1878	12141	6.46
1879	12141	6.46
1880	13660	7.27
1881	12166	6.47
1882	12242	6.50
1883	12154	6.45
1884	12199	6.48
1885	12136	6.44
1886	12166	6.45
1887	12193	6.46
1888	12178	6.45
1889	12180	6.45
1890	12196	6.45
1891	12226	6.47
1892	12214	6.46
1893	12225	6.46
1894	12235	6.46
1895	12228	6.45
1896	12216	6.44
1897	12308	6.49
1898	14262	7.51
1899	15754	8.30
1900	12323	6.49
1901	12282	6.46
1902	17619	9.26
1903	12235	6.43
1904	12233	6.42
1905	12235	6.42
1906	12235	6.42
1907	12255	6.43
1908	12279	6.44
1909	12281	6.43
1910	12276	6.43
1911	12284	6.43
1912	12284	6.42
1913	13059	6.83
1914	12294	6.42
1915	12317	6.43
1916	12303	6.42
1917	12308	6.42
1918	12388	6.46
1919	12352	6.44
1920	12352	6.43
1921	12995	6.76
1922	14330	7.46
1923	16606	8.64
1924	12341	6.41
1925	12369	6.43
1926	12364	6.42
1927	13093	6.79
1928	12468	6.47
1929	12309	6.38
1930	12289	6.37
1931	12297	6.37
1932	12297	6.36
1933	12298	6.36
1934	12311	6.37
1935	12293	6.35
1936	12319	6.36
1937	12291	6.35
1938	12333	6.36
1939	12335	6.36
1940	12342	6.36
1941	12344	6.36
1942	12347	6.36
1943	12354	6.36
1944	12372	6.36
1945	13790	7.09
1946	16087	8.27
1947	12671	6.51
1948	12473	6.40
1949	12487	6.41
1950	12489	6.40
1951	14990	7.68
1952	14657	7.51
1953	12899	6.60
1954	12916	6.61
1955	12924	6.61
1956	12960	6.63
1957	12957	6.62
1958	12973	6.63
1959	12966	6.62
1960	12952	6.61
1961	12976	6.62
1962	12974	6.61
1963	12982	6.61
1964	12981	6.61
1965	13034	6.63
1966	12992	6.61
1967	12989	6.60
1968	12991	6.60
1969	12996	6.60
1970	13094	6.65
1971	14596	7.41
1972	15351	7.78
1973	16621	8.42
1974	12692	6.43
1975	12907	6.54
1976	14560	7.37
1977	12658	6.40
1978	12687	6.41
1979	13687	6.92
1980	12684	6.41
1981	12816	6.47
1982	12742	6.43
1983	12684	6.40
1984	14026	7.07
1985	12722	6.41
1986	12710	6.40
1987	12714	6.40
1988	12851	6.46
1989	13092	6.58
1990	13069	6.57
1991	13253	6.66
1992	13077	6.56
1993	13147	6.60
1994	13194	6.62
1995	14511	7.27
1996	13282	6.65
1997	13191	6.61
1998	13172	6.59
1999	13220	6.61
2000	13694	6.85
2001	13440	6.72
2002	13425	6.71
2003	13473	6.73
2004	13490	6.73
2005	13481	6.72
2006	13730	6.84
2007	13664	6.81
2008	13198	6.57
2009	13258	6.60
2010	13204	6.57
2011	13109	6.52
2012	13118	6.52
2013	13124	6.52
2014	13185	6.55
2015	13147	6.52
2016	13147	6.52
2017	13187	6.54
2018	14201	7.04
2019	13327	6.60
2020	13720	6.79
2021	13219	6.54
2022	13236	6.55
2023	13238	6.54
2024	13227	6.54
2025	13254	6.55
2026	13252	6.54
2027	13277	6.55
2028	13263	6.54
2029	13292	6.55
2030	13321	6.56
2031	13366	6.58
2032	13255	6.52
2033	13377	6.58
2034	13279	6.53
2035	13299	6.54
2036	13344	6.55
2037	13317	6.54
2038	13319	6.54
2039	13296	6.52
2040	13334	6.54
2041	13421	6.58
2042	13794	6.76
2043	14048	6.88
2044	13721	6.71
2045	13755	6.73
2046	13943	6.81
2047	13589	6.64
2048	13447	6.57
2049	14085	6.87
2050	13664	6.67
2051	13624	6.64
2052	13553	6.60
2053	14410	7.02
2054	13654	6.65
2055	13628	6.63
2056	13744	6.68
2057	13659	6.64
2058	13621	6.62
2059	13636	6.62
2060	13672	6.64
2061	13651	6.62
2062	13658	6.62
2063	13719	6.65
2064	13777	6.67
2065	13802	6.68
2066	14717	7.12
2067	13699	6.63
2068	13734	6.64
2069	13780	6.66
2070	13742	6.64
2071	13762	6.65
2072	13798	6.66
2073	13715	6.62
2074	13727	6.62
2075	14052	6.77
2076	13779	6.64
2077	13739	6.61
2078	13776	6.63
2079	13813	6.64
2080	13770	6.62
2081	13788	6.63
2082	13795	6.63
2083	13807	6.63
2084	13797	6.62
2085	13805	6.62
2086	13982	6.70
2087	13837	6.63
2088	13818	6.62
2089	13842	6.63
2090	13748	6.58
2091	13806	6.60
2092	14030	6.71
2093	15196	7.26
2094	13875	6.63
2095	14373	6.86
2096	13863	6.61
2097	13828	6.59
2098	14081	6.71
2099	14201	6.77
2100	13925	6.63
2101	13872	6.60
2102	13869	6.60
2103	13902	6.61
2104	13885	6.60
2105	13910	6.61
2106	13938	6.62
2107	13852	6.57
2108	15654	7.43
2109	14242	6.75
2110	14310	6.78
2111	14332	6.79
2112	14418	6.83
2113	14724	6.97
2114	14619	6.92
2115	13992	6.62
2116	14055	6.64
2117	14033	6.63
2118	14025	6.62
2119	14311	6.75
2120	14073	6.64
2121	14074	6.64
2122	14065	6.63
2123	14065	6.63
2124	14244	6.71
2125	14081	6.63
2126	14090	6.63
2127	14099	6.63
2128	14096	6.62
2129	14093	6.62
2130	15738	7.39
2131	15350	7.20
2132	14142	6.63
2133	14146	6.63
2134	14155	6.63
2135	14178	6.64
2136	14566	6.82
2137	16810	7.87
2138	15165	7.09
2139	16099	7.53
2140	14639	6.84
2141	14759	6.89
2142	14611	6.82
2143	14691	6.86
2144	14629	6.82
2145	14535	6.78
2146	14518	6.77
2147	14525	6.77
2148	14519	6.76
2149	14488	6.74
2150	14544	6.76
2151	14786	6.87
2152	15812	7.35
2153	14333	6.66
2154	14297	6.64
2155	14308	6.64
2156	14432	6.69
2157	14720	6.82
2158	15684	7.27
2159	14641	6.78
2160	14647	6.78
2161	16218	7.50
2162	14504	6.71
2163	14432	6.67
2164	14789	6.83
2165	14902	6.88
2166	15122	6.98
2167	16037	7.40
2168	16340	7.54
2169	16507	7.61
2170	16362	7.54
2171	16681	7.68
2172	16481	7.59
2173	16144	7.43
2174	16138	7.42
2175	16251	7.47
2176	16644	7.65
2177	16565	7.61
2178	16592	7.62
2179	16654	7.64
2180	17089	7.84
2181	17099	7.84
2182	16400	7.52
2183	16730	7.66
2184	16786	7.69
2185	15897	7.28
2186	16018	7.33
2187	15905	7.27
2188	15934	7.28
2189	15888	7.26
2190	16024	7.32
2191	16110	7.35
2192	15917	7.26
2193	16058	7.32
2194	16198	7.38
2195	16308	7.43
2196	18314	8.34
2197	19225	8.75
2198	16674	7.59
2199	18451	8.39
2200	16174	7.35
2201	16170	7.35
2202	18102	8.22
2203	17223	7.82
2204	15969	7.25
2205	16134	7.32
2206	16137	7.32
2207	16147	7.32
2208	17486	7.92
2209	16266	7.36
2210	16245	7.35
2211	16339	7.39
2212	16494	7.46
2213	16310	7.37
2214	16225	7.33
2215	16233	7.33
2216	16346	7.38
2217	16837	7.59
2218	17284	7.79
2219	16772	7.56
2220	16748	7.54
2221	16757	7.54
2222	16694	7.51
2223	16679	7.50
2224	16758	7.54
2225	16669	7.49
2226	16683	7.49
2227	16277	7.31
2228	16252	7.29
2229	16690	7.49
2230	15667	7.03
2231	15335	6.87
2232	15009	6.72
2233	14817	6.64
2234	15668	7.01
2235	15220	6.81
2236	15577	6.97
2237	18480	8.26
2238	15240	6.81
2239	15254	6.81
2240	16174	7.22
2241	16380	7.31
2242	16640	7.42
2243	16439	7.33
2244	16448	7.33
2245	16457	7.33
2246	17179	7.65
2247	17010	7.57
2248	16564	7.37
2249	16777	7.46
2250	16729	7.44
2251	16669	7.41
2252	19560	8.69
2253	17886	7.94
2254	20237	8.98
2255	20003	8.87
2256	19348	8.58
2257	17239	7.64
2258	17208	7.62
2259	17117	7.58
2260	16980	7.51
2261	16937	7.49
2262	16930	7.48
2263	17216	7.61
2264	16952	7.49
2265	16947	7.48
2266	17560	7.75
2267	16589	7.32
2268	16604	7.32
2269	16599	7.32
2270	16740	7.37
2271	16579	7.30
2272	16824	7.40
2273	16849	7.41
2274	17252	7.59
2275	16987	7.47
2276	16350	7.18
2277	16882	7.41
2278	16689	7.33
2279	16721	7.34
2280	16728	7.34
2281	16796	7.36
2282	16762	7.35
2283	16749	7.34
2284	16746	7.33
2285	16782	7.34
2286	16792	7.35
2287	17521	7.66
2288	17199	7.52
2289	16994	7.42
2290	16976	7.41
2291	19450	8.49
2292	18954	8.27
2293	16950	7.39
2294	16999	7.41
2295	16866	7.35
2296	16876	7.35
2297	16842	7.33
2298	16867	7.34
2299	17904	7.79
2300	16861	7.33
2301	16787	7.30
2302	16888	7.34
2303	16791	7.29
2304	16799	7.29
2305	16795	7.29
2306	16900	7.33
2307	16958	7.35
2308	17755	7.69
2309	18233	7.90
2310	18786	8.13
2311	17045	7.38
2312	17024	7.36
2313	19863	8.59
2314	16922	7.31
2315	16917	7.31
2316	16952	7.32
2317	16974	7.33
2318	16987	7.33
2319	16984	7.32
2320	17140	7.39
2321	16717	7.20
2322	18056	7.78
2323	16105	6.93
2324	16511	7.10
2325	15316	6.59
2326	15490	6.66
2327	17211	7.40
2328	15438	6.63
2329	15615	6.70
2330	15325	6.58
2331	15358	6.59
2332	15436	6.62
2333	15387	6.60
2334	15291	6.55
2335	15346	6.57
2336	15324	6.56
2337	15366	6.58
2338	15309	6.55
2339	15431	6.60
2340	15357	6.56
2341	15343	6.55
2342	15348	6.55
2343	15367	6.56
2344	15307	6.53
2345	15385	6.56
2346	17732	7.56
2347	15621	6.66
2348	18063	7.69
2349	16279	6.93
2350	15986	6.80
2351	15430	6.56
2352	15502	6.59
2353	15633	6.64
2354	15533	6.60
2355	15489	6.58
2356	16107	6.84
2357	15365	6.52
2358	15355	6.51
2359	15398	6.53
2360	15344	6.50
2361	15303	6.48
2362	15304	6.48
2363	15293	6.47
2364	15463	6.54
2365	15542	6.57
2366	15510	6.56
2367	15636	6.61
2368	15426	6.51
2369	15614	6.59
2370	15762	6.65
2371	15452	6.52
2372	15542	6.55
2373	15368	6.48
2374	15466	6.51
2375	15389	6.48
2376	15385	6.48
2377	15370	6.47
2378	15424	6.49
2379	15516	6.52
2380	15405	6.47
2381	15400	6.47
2382	15416	6.47
2383	15439	6.48
2384	15466	6.49
2385	15754	6.61
2386	15654	6.56
2387	15798	6.62
2388	16045	6.72
2389	16100	6.74
2390	16074	6.73
2391	16087	6.73
2392	16103	6.73
2393	15962	6.67
2394	16024	6.69
2395	16148	6.74
2396	15960	6.66
2397	16005	6.68
2398	16005	6.67
2399	17018	7.09
2400	16052	6.69
2401	16050	6.68
2402	16023	6.67
2403	16032	6.67
2404	16850	7.01
2405	15831	6.58
2406	15818	6.57
2407	15715	6.53
2408	15718	6.53
2409	15802	6.56
2410	15759	6.54
2411	15887	6.59
2412	15747	6.53
2413	15736	6.52
2414	16009	6.63
2415	15662	6.49
2416	15658	6.48
2417	15619	6.46
2418	15635	6.47
2419	15643	6.47
2420	15633	6.46
2421	15648	6.46
2422	15682	6.47
2423	16449	6.79
2424	15835	6.53
2425	17779	7.33
2426	16344	6.74
2427	16726	6.89
2428	15931	6.56
2429	15920	6.55
2430	15786	6.50
2431	15852	6.52
2432	15904	6.54
2433	15919	6.54
2434	15886	6.53
2435	15859	6.51
2436	15867	6.51
2437	15914	6.53
2438	15918	6.53
2439	15896	6.52
2440	15945	6.53
2441	15897	6.51
2442	16002	6.55
2443	17595	7.20
2444	17196	7.04
2445	16023	6.55
2446	16023	6.55
2447	16295	6.66
2448	16483	6.73
2449	16271	6.64
2450	16003	6.53
2451	16070	6.56
2452	16601	6.77
2453	16136	6.58
2454	16038	6.54
2455	15915	6.48
2456	15925	6.48
2457	15952	6.49
2458	15930	6.48
2459	15932	6.48
2460	15923	6.47
2461	16483	6.70
2462	16182	6.57
2463	16216	6.58
2464	16277	6.61
2465	16009	6.49
2466	16151	6.55
2467	16198	6.57
2468	16127	6.53
2469	16124	6.53
2470	16159	6.54
2471	17277	6.99
2472	16071	6.50
2473	16073	6.50
2474	16138	6.52
2475	16139	6.52
2476	16086	6.50
2477	16291	6.58
2478	16091	6.49
2479	15999	6.45
2480	16108	6.50
2481	16113	6.49
2482	16211	6.53
2483	16305	6.57
2484	16736	6.74
2485	16289	6.55
2486	16398	6.60
2487	16273	6.54
2488	16548	6.65
2489	16417	6.60
2490	16555	6.65
2491	16791	6.74
2492	17517	7.03
2493	17703	7.10
2494	18520	7.43
2495	19585	7.85
2496	17744	7.11
2497	17789	7.12
2498	17858	7.15
2499	18458	7.39
2500	18329	7.33
2501	18393	7.35
2502	18251	7.29
2503	20991	8.39
2504	24499	9.78
2505	18560	7.41
2506	20712	8.26
2507	21288	8.49
2508	18234	7.27
2509	19221	7.66
2510	23881	9.51
2511	22204	8.84
2512	18606	7.41
2513	20929	8.33
2514	18642	7.42
2515	18707	7.44
2516	19088	7.59
2517	19770	7.85
2518	18607	7.39
2519	19176	7.61
2520	25997	10.32
2521	19729	7.83
2522	18935	7.51
2523	19272	7.64
2524	20325	8.05
2525	20017	7.93
2526	19786	7.83
2527	19873	7.86
2528	19819	7.84
2529	20096	7.95
2530	19846	7.84
2531	19833	7.84
2532	19828	7.83
2533	19849	7.84
2534	19981	7.89
2535	19974	7.88
2536	20578	8.11
2537	21191	8.35
2538	24578	9.68
2539	21318	8.40
2540	20095	7.91
2541	20104	7.91
2542	20099	7.91
2543	20143	7.92
2544	19802	7.78
2545	19538	7.68
2546	19567	7.69
2547	19679	7.73
2548	19006	7.46
2549	18975	7.44
2550	19011	7.46
2551	19702	7.72
2552	19346	7.58
2553	19329	7.57
2554	19350	7.58
2555	19952	7.81
2556	18799	7.35
2557	18814	7.36
2558	18793	7.35
2559	18160	7.10
2560	18849	7.36
2561	18466	7.21
2562	18434	7.20
2563	18451	7.20
2564	18452	7.20
2565	18566	7.24
2566	18095	7.05
2567	17082	6.65
2568	17762	6.92
2569	16599	6.46
2570	16615	6.46
2571	16605	6.46
2572	16604	6.46
2573	16635	6.47
2574	16625	6.46
2575	16655	6.47
2576	16663	6.47
2577	17777	6.90
2578	16958	6.58
2579	16983	6.59
2580	17047	6.61
2581	17990	6.97
2582	16812	6.51
2583	16798	6.50
2584	16766	6.49
2585	16881	6.53
2586	17151	6.63
2587	16752	6.48
2588	16777	6.48
2589	16810	6.49
2590	17063	6.59
2591	17552	6.77
2592	18203	7.02
2593	19055	7.35
2594	18930	7.30
2595	18718	7.21
2596	18679	7.20
2597	18804	7.24
2598	18796	7.23
2599	19164	7.37
2600	19577	7.53
2601	19063	7.33
2602	18872	7.25
2603	20217	7.77
2604	19648	7.55
2605	18951	7.27
2606	18929	7.26
2607	18757	7.19
2608	18770	7.20
2609	18788	7.20
2610	18894	7.24
2611	19117	7.32
2612	18867	7.22
2613	18825	7.20
2614	18821	7.20
2615	18895	7.23
2616	18954	7.25
2617	18943	7.24
2618	18766	7.17
2619	19444	7.42
2620	18899	7.21
2621	18960	7.23
2622	18926	7.22
2623	18886	7.20
2624	19058	7.26
2625	18393	7.01
2626	19552	7.45
2627	18926	7.20
2628	19116	7.27
2629	17939	6.82
2630	17462	6.64
2631	17019	6.47
2632	16913	6.43
2633	16995	6.45
2634	16940	6.43
2635	17333	6.58
2636	17018	6.46
2637	17053	6.47
2638	17380	6.59
2639	17046	6.46
2640	17515	6.63
2641	17149	6.49
2642	16994	6.43
2643	16978	6.42
2644	17123	6.48
2645	17004	6.43
2646	16974	6.41
2647	17006	6.42
2648	17008	6.42
2649	17005	6.42
2650	17048	6.43
2651	17067	6.44
2652	17008	6.41
2653	17332	6.53
2654	17183	6.47
2655	17205	6.48
2656	17201	6.48
2657	17175	6.46
2658	17209	6.47
2659	17168	6.46
2660	17172	6.46
2661	17245	6.48
2662	17366	6.52
2663	17158	6.44
2664	17130	6.43
2665	17115	6.42
2666	17112	6.42
2667	17116	6.42
2668	17120	6.42
2669	17146	6.42
2670	17166	6.43
2671	17462	6.54
2672	17276	6.47
2673	17288	6.47
2674	17311	6.47
2675	17271	6.46
2676	17173	6.42
2677	17267	6.45
2678	17251	6.44
2679	18667	6.97
2680	17326	6.46
2681	17333	6.47
2682	17366	6.48
2683	17363	6.47
2684	17360	6.47
2685	17350	6.46
2686	17301	6.44
2687	17295	6.44
2688	19617	7.30
2689	17401	6.47
2690	17389	6.46
2691	17391	6.46
2692	17395	6.46
2693	17406	6.46
2694	17398	6.46
2695	18739	6.95
2696	17472	6.48
2697	20353	7.55
2698	17388	6.44
2699	17408	6.45
2700	17464	6.47
2701	17443	6.46
2702	17442	6.46
2703	17461	6.46
2704	17456	6.46
2705	17612	6.51
2706	17512	6.47
2707	17597	6.50
2708	17492	6.46
2709	17491	6.46
2710	17495	6.46
2711	17536	6.47
2712	17537	6.47
2713	17508	6.45
2714	17914	6.60
2715	17784	6.55
2716	17891	6.59
2717	17907	6.59
2718	17969	6.61
2719	17857	6.57
2720	17884	6.58
2721	17884	6.57
2722	18043	6.63
2723	18043	6.63
2724	17910	6.57
2725	17903	6.57
2726	17940	6.58
2727	17921	6.57
2728	17917	6.57
2729	17934	6.57
2730	17933	6.57
2731	17963	6.58
2732	17931	6.56
2733	17957	6.57
2734	17960	6.57
2735	18040	6.60
2736	18004	6.58
2737	18745	6.85
2738	17970	6.56
2739	18032	6.58
2740	18344	6.69
2741	17765	6.48
2742	17697	6.45
2743	17894	6.52
2744	18455	6.73
2745	18716	6.82
2746	19194	6.99
2747	18109	6.59
2748	18574	6.76
2749	17734	6.45
2750	17739	6.45
2751	18431	6.70
2752	17776	6.46
2753	17804	6.47
2754	17736	6.44
2755	18880	6.85
2756	18881	6.85
2757	18092	6.56
2758	18137	6.58
2759	17784	6.45
2760	17769	6.44
2761	17811	6.45
2762	18151	6.57
2763	17779	6.43
2764	18264	6.61
2765	19706	7.13
2766	17735	6.41
2767	17781	6.43
2768	17810	6.43
2769	17955	6.48
2770	17787	6.42
2771	17813	6.43
2772	17816	6.43
2773	17838	6.43
2774	17994	6.49
2775	17797	6.41
2776	17813	6.42
2777	17775	6.40
2778	17784	6.40
2779	17809	6.41
2780	17842	6.42
2781	17804	6.40
2782	18153	6.53
2783	17854	6.42
2784	17844	6.41
2785	18072	6.49
2786	17823	6.40
2787	17850	6.40
2788	17815	6.39
2789	17833	6.39
2790	17956	6.44
2791	17869	6.40
2792	18019	6.45
2793	17878	6.40
2794	17850	6.39
2795	17826	6.38
2796	17982	6.43
2797	17878	6.39
2798	17857	6.38
2799	17957	6.42
2800	17904	6.39
2801	17898	6.39
2802	17991	6.42
2803	17903	6.39
2804	17914	6.39
2805	17919	6.39
2806	17988	6.41
2807	18168	6.47
2808	18007	6.41
2809	18016	6.41
2810	18022	6.41
2811	18006	6.41
2812	18011	6.41
2813	18003	6.40
2814	18006	6.40
2815	18050	6.41
2816	18035	6.40
2817	18071	6.41
2818	18050	6.41
2819	18065	6.41
2820	18065	6.41
2821	18080	6.41
2822	18126	6.42
2823	18127	6.42
2824	18578	6.58
2825	18082	6.40
2826	18088	6.40
2827	18102	6.40
2828	18113	6.40
2829	19902	7.03
2830	18123	6.40
2831	18092	6.39
2832	18213	6.43
2833	18113	6.39
2834	18110	6.39
2835	18247	6.44
2836	18122	6.39
2837	19051	6.72
2838	21447	7.56
2839	18288	6.44
2840	18477	6.51
2841	18527	6.52
2842	19076	6.71
2843	18245	6.42
2844	20344	7.15
2845	18548	6.52
2846	18607	6.54
2847	18751	6.59
2848	19946	7.00
2849	19700	6.91
2850	18507	6.49
2851	18591	6.52
2852	18498	6.49
2853	19346	6.78
2854	18419	6.45
2855	19830	6.95
2856	18794	6.58
2857	18546	6.49
2858	19502	6.82
2859	19590	6.85
2860	18777	6.57
2861	20249	7.08
2862	21014	7.34
2863	18606	6.50
2864	20618	7.20
2865	20763	7.25
2866	23659	8.26
2867	23474	8.19
2868	25562	8.91
2869	21181	7.38
2870	29495	10.28
2871	34395	11.98
2872	21804	7.59
2873	24072	8.38
2874	23292	8.10
2875	23460	8.16
2876	25334	8.81
2877	24798	8.62
2878	24929	8.66
2879	24502	8.51
2880	24359	8.46
2881	24415	8.47
2882	24468	8.49
2883	24459	8.48
2884	24368	8.45
2885	31742	11.00
2886	23394	8.11
2887	23359	8.09
2888	22996	7.96
2889	22777	7.88
2890	22753	7.87
2891	22638	7.83
2892	26572	9.19
2893	22820	7.89
2894	28374	9.80
2895	25585	8.84
2896	23853	8.24
2897	27713	9.57
2898	35665	12.31
2899	33376	11.51
2900	24453	8.43
2901	24356	8.40
2902	35941	12.38
2903	34089	11.74
2904	28128	9.69
2905	24634	8.48
2906	24865	8.56
2907	28407	9.77
2908	29544	10.16
2909	24222	8.33
2910	25846	8.88
2911	25224	8.67
2912	24429	8.39
2913	23977	8.23
2914	23742	8.15
2915	23596	8.09
2916	23759	8.15
2917	26585	9.11
2918	29225	10.02
2919	24288	8.32
2920	23839	8.16
2921	23927	8.19
2922	25848	8.85
2923	23855	8.16
2924	23958	8.19
2925	26591	9.09
2926	28258	9.66
2927	26194	8.95
2928	26446	9.03
2929	24227	8.27
2930	23626	8.06
2931	25982	8.86
2932	24544	8.37
2933	22829	7.78
2934	25490	8.69
2935	23162	7.89
2936	24444	8.33
2937	24475	8.33
2938	24851	8.46
2939	24981	8.50
2940	25238	8.58
2941	25613	8.71
2942	25309	8.60
2943	25270	8.59
2944	25302	8.59
2945	24695	8.39
2946	24646	8.37
2947	26015	8.83
2948	25059	8.50
2949	25013	8.48
2950	25531	8.65
2951	24822	8.41
2952	24922	8.44
2953	24970	8.46
2954	24800	8.40
2955	24637	8.34
2956	24643	8.34
2957	24657	8.34
2958	25044	8.47
2959	24761	8.37
2960	24871	8.40
2961	24851	8.39
2962	24942	8.42
2963	25165	8.49
2964	25164	8.49
2965	28062	9.46
2966	25342	8.54
2967	25560	8.61
2968	25346	8.54
2969	25293	8.52
2970	25684	8.65
2971	25419	8.56
2972	25266	8.50
2973	25258	8.50
2974	25147	8.46
2975	25334	8.52
2976	26063	8.76
2977	24890	8.36
2978	25517	8.57
2979	25394	8.52
2980	27522	9.24
2981	26043	8.74
2982	24627	8.26
2983	23932	8.02
2984	24772	8.30
2985	23265	7.79
2986	23138	7.75
2987	22984	7.69
2988	22558	7.55
2989	22886	7.66
2990	22666	7.58
2991	22618	7.56
2992	22489	7.52
2993	22744	7.60
2994	21832	7.29
2995	21812	7.28
2996	22111	7.38
2997	22328	7.45
2998	21193	7.07
2999	21487	7.16
3000	21414	7.14
3001	21385	7.13
3002	21371	7.12
3003	21382	7.12
3004	21608	7.19
3005	21219	7.06
3006	21296	7.08
3007	21236	7.06
3008	21223	7.06
3009	21238	7.06
3010	21250	7.06
3011	21699	7.21
3012	20445	6.79
3013	19824	6.58
3014	20091	6.67
3015	19406	6.44
3016	19183	6.36
3017	19349	6.41
3018	19907	6.60
3019	19315	6.40
3020	19333	6.40
3021	19349	6.40
3022	19453	6.44
3023	19196	6.35
3024	19140	6.33
3025	19149	6.33
3026	19173	6.34
3027	19175	6.33
3028	19260	6.36
3029	19166	6.33
3030	19281	6.36
3031	19294	6.37
3032	19341	6.38
3033	19262	6.35
3034	19328	6.37
3035	19199	6.33
3036	19238	6.34
3037	19506	6.42
3038	19270	6.34
3039	19228	6.33
3040	19221	6.32
3041	19224	6.32
3042	19250	6.33
3043	19241	6.32
3044	19226	6.32
3045	19240	6.32
3046	19291	6.33
3047	19486	6.40
3048	19363	6.35
3049	19693	6.46
3050	19424	6.37
3051	20719	6.79
3052	19522	6.40
3053	19440	6.37
3054	19470	6.38
3055	19488	6.38
3056	19494	6.38
3057	19471	6.37
3058	19418	6.35
3059	19406	6.34
3060	19386	6.34
3061	19512	6.37
3062	19458	6.35
3063	19425	6.34
3064	19418	6.34
3065	19503	6.36
3066	20654	6.74
3067	19546	6.37
3068	20326	6.63
3069	19615	6.39
3070	19614	6.39
3071	19615	6.39
3072	19608	6.38
3073	19851	6.46
3074	19619	6.38
3075	19717	6.41
3076	19624	6.38
3077	19635	6.38
3078	19740	6.41
3079	19706	6.40
3080	19752	6.41
3081	19769	6.42
3082	19556	6.35
3083	19817	6.43
3084	19577	6.35
3085	19912	6.45
3086	19562	6.34
3087	19627	6.36
3088	19572	6.34
3089	19578	6.34
3090	19570	6.33
3091	19586	6.34
3092	19609	6.34
3093	19598	6.34
3094	19739	6.38
3095	19614	6.34
3096	19626	6.34
3097	19681	6.35
3098	19666	6.35
3099	19747	6.37
3100	19951	6.44
3101	19655	6.34
3102	19640	6.33
3103	19648	6.33
3104	19663	6.33
3105	19659	6.33
3106	19743	6.36
3107	19679	6.33
3108	19734	6.35
3109	19695	6.33
3110	19770	6.36
3111	19704	6.33
3112	19696	6.33
3113	19717	6.33
3114	19723	6.33
3115	19735	6.34
3116	19725	6.33
3117	19919	6.39
3118	19715	6.32
3119	19745	6.33
3120	19748	6.33
3121	19741	6.33
3122	19755	6.33
3123	19880	6.37
3124	19775	6.33
3125	19801	6.34
3126	19832	6.34
3127	19804	6.33
3128	19798	6.33
3129	19835	6.34
3130	19829	6.34
3131	19847	6.34
3132	19995	6.38
3133	19844	6.33
3134	19986	6.38
3135	19879	6.34
3136	19857	6.33
3137	20408	6.51
3138	19364	6.17
3139	19426	6.19
3140	19413	6.18
3141	19368	6.17
3142	19395	6.17
3143	19418	6.18
3144	19526	6.21
3145	20285	6.45
3146	19491	6.20
3147	19447	6.18
3148	19447	6.18
3149	21497	6.83
3150	19443	6.17
3151	19619	6.23
3152	19462	6.17
3153	19435	6.16
3154	19477	6.18
3155	19517	6.19
3156	19504	6.18
3157	19489	6.17
3158	19511	6.18
3159	19516	6.18
3160	19521	6.18
3161	19541	6.18
3162	19559	6.19
3163	19528	6.17
3164	19615	6.20
3165	19552	6.18
3166	19534	6.17
3167	19553	6.17
3168	19551	6.17
3169	19746	6.23
3170	19580	6.18
3171	19592	6.18
3172	19572	6.17
3173	19596	6.18
3174	19708	6.21
3175	19603	6.17
3176	19602	6.17
3177	19626	6.18
3178	19604	6.17
3179	19614	6.17
3180	19626	6.17
3181	19645	6.18
3182	19634	6.17
3183	19782	6.21
3184	19689	6.18
3185	19689	6.18
3186	19835	6.23
3187	19643	6.16
3188	19665	6.17
3189	19681	6.17
3190	19692	6.17
3191	19685	6.17
3192	19695	6.17
3193	19818	6.21
3194	19732	6.18
3195	19787	6.19
3196	19788	6.19
3197	19804	6.19
3198	19806	6.19
3199	19830	6.20
3200	19829	6.20
3201	19843	6.20
3202	19990	6.24
3203	19907	6.22
3204	19843	6.19
3205	19764	6.17
3206	19752	6.16
3207	19756	6.16
3208	19789	6.17
3209	19792	6.17
3210	19748	6.15
3211	19780	6.16
3212	19816	6.17
3213	19833	6.17
3214	19801	6.16
3215	19813	6.16
3216	19832	6.17
3217	19825	6.16
3218	19849	6.17
3219	19833	6.16
3220	19835	6.16
3221	19923	6.19
3222	19855	6.16
3223	19878	6.17
3224	19886	6.17
3225	19888	6.17
3226	19892	6.17
3227	19888	6.16
3228	19908	6.17
3229	19917	6.17
3230	20023	6.20
3231	19881	6.15
3232	23469	7.26
3233	19430	6.01
3234	19407	6.00
3235	19401	6.00
3236	19406	6.00
3237	19427	6.00
3238	26986	8.33
3239	19513	6.02
3240	20525	6.33
3241	19562	6.04
3242	19566	6.04
3243	19548	6.03
3244	19557	6.03
3245	19560	6.03
3246	19569	6.03
3247	19563	6.02
3248	19648	6.05
3249	19561	6.02
3250	19580	6.02
3251	19595	6.03
3252	19578	6.02
3253	19604	6.03
3254	19608	6.03
3255	21461	6.59
3256	19589	6.02
3257	19592	6.02
3258	19596	6.01
3259	19695	6.04
3260	19615	6.02
3261	19642	6.02
3262	19625	6.02
3263	19631	6.02
3264	19641	6.02
3265	19642	6.02
3266	20434	6.26
3267	19664	6.02
3268	20555	6.29
3269	19680	6.02
3270	19704	6.03
3271	19692	6.02
3272	20571	6.29
3273	20426	6.24
3274	19717	6.02
3275	19793	6.04
3276	19729	6.02
3277	19718	6.02
3278	19707	6.01
3279	21243	6.48
3280	27221	8.30
3281	20242	6.17
3282	20874	6.36
3283	19829	6.04
3284	19837	6.04
3285	19743	6.01
3286	19774	6.02
3287	19770	6.01
3288	19790	6.02
3289	23321	7.09
3290	19783	6.01
3291	19768	6.01
3292	19842	6.03
3293	19921	6.05
3294	19804	6.01
3295	19827	6.02
3296	19839	6.02
3297	20584	6.24
3298	21481	6.51
3299	19836	6.01
3300	23009	6.97
3301	21564	6.53
3302	21493	6.51
3303	19861	6.01
3304	20743	6.28
3305	20716	6.27
3306	22314	6.75
3307	20734	6.27
3308	20624	6.23
3309	20769	6.28
3310	20741	6.27
3311	20629	6.23
3312	19915	6.01
3313	20650	6.23
3314	21521	6.49
3315	22370	6.75
3316	22375	6.75
3317	20676	6.23
3318	21806	6.57
3319	21579	6.50
3320	24201	7.29
3321	19957	6.01
3322	20270	6.10
3323	20452	6.15
3324	20477	6.16
3325	20488	6.16
3326	20495	6.16
3327	20559	6.18
3328	20514	6.16
3329	20517	6.16
3330	25084	7.53
3331	20499	6.15
3332	20483	6.15
3333	20500	6.15
3334	20508	6.15
3335	20520	6.15
3336	20516	6.15
3337	20598	6.17
3338	20528	6.15
3339	20540	6.15
3340	20533	6.15
3341	20546	6.15
3342	20580	6.16
3343	20598	6.16
3344	20562	6.15
3345	21427	6.41
3346	20585	6.15
3347	20621	6.16
3348	20612	6.16
3349	20637	6.16
3350	20626	6.16
3351	20628	6.16
3352	20636	6.16
3353	20635	6.15
3354	20680	6.17
3355	20681	6.16
3356	20675	6.16
3357	20626	6.14
3358	20607	6.14
3359	20619	6.14
3360	20641	6.14
3361	20614	6.13
3362	20634	6.14
3363	20698	6.15
3364	20632	6.13
3365	20632	6.13
3366	20673	6.14
3367	20652	6.13
3368	20653	6.13
3369	20674	6.14
3370	20670	6.13
3371	20674	6.13
3372	20723	6.15
3373	20666	6.13
3374	20732	6.14
3375	20682	6.13
3376	22611	6.70
3377	22330	6.61
3378	20691	6.13
3379	20700	6.13
3380	20715	6.13
3381	20841	6.16
3382	20716	6.13
3383	20786	6.14
3384	20690	6.11
3385	20742	6.13
3386	20733	6.12
3387	20721	6.12
3388	20749	6.12
3389	20808	6.14
3390	20831	6.14
3391	20776	6.13
3392	20851	6.15
3393	20815	6.13
3394	20787	6.12
3395	20762	6.12
3396	20787	6.12
3397	20813	6.13
3398	21663	6.38
3399	20829	6.13
3400	20875	6.14
3401	20836	6.13
3402	20837	6.12
3403	22808	6.70
3404	22521	6.62
3405	20974	6.16
3406	20886	6.13
3407	21038	6.17
3408	20927	6.14
3409	20962	6.15
3410	20932	6.14
3411	20923	6.13
3412	20923	6.13
3413	21023	6.16
3414	20937	6.13
3415	22677	6.64
3416	22798	6.67
3417	22950	6.72
3418	23863	6.98
3419	24018	7.02
3420	24010	7.02
3421	24062	7.03
3422	24009	7.02
3423	24706	7.22
3424	24723	7.22
3425	24805	7.24
3426	24712	7.21
3427	24698	7.21
3428	24895	7.26
3429	25435	7.42
3430	25489	7.43
3431	26287	7.66
3432	26323	7.67
3433	26301	7.66
3434	26303	7.66
3435	26279	7.65
3436	26327	7.66
3437	26303	7.65
3438	26466	7.70
3439	26338	7.66
3440	26618	7.74
3441	27320	7.94
3442	27208	7.90
3443	27213	7.90
3444	27332	7.94
3445	28296	8.21
3446	28265	8.20
3447	28095	8.15
3448	28163	8.17
3449	28176	8.17
3450	28208	8.18
3451	28238	8.18
3452	29128	8.44
3453	28258	8.18
3454	28201	8.16
3455	28189	8.16
3456	28166	8.15
3457	28344	8.20
3458	28229	8.16
3459	28235	8.16
3460	28294	8.18
3461	28455	8.22
3462	28286	8.17
3463	28310	8.17
3464	28343	8.18
3465	28468	8.22
3466	28298	8.16
3467	28302	8.16
3468	28350	8.17
3469	28303	8.16
3470	28390	8.18
3471	28351	8.17
3472	28348	8.16
3473	28358	8.17
3474	28319	8.15
3475	27637	7.95
3476	27658	7.96
3477	26641	7.66
3478	26559	7.64
3479	26143	7.51
3480	26199	7.53
3481	25035	7.19
3482	24994	7.18
3483	25036	7.19
3484	24678	7.08
3485	24325	6.98
3486	24425	7.01
3487	24449	7.01
3488	24358	6.98
3489	24308	6.97
3490	24341	6.97
3491	24364	6.98
3492	24761	7.09
3493	23805	6.82
3494	23719	6.79
3495	24123	6.90
3496	23393	6.69
3497	22098	6.32
3498	22034	6.30
3499	21385	6.11
3500	21453	6.13
3501	21432	6.12
3502	21438	6.12
3503	21452	6.12
3504	21433	6.12
3505	21434	6.12
3506	21442	6.12
3507	21449	6.12
3508	21474	6.12
3509	21463	6.12
3510	21516	6.13
3511	21493	6.12
3512	21495	6.12
3513	21475	6.11
3514	21497	6.12
3515	21477	6.11
3516	21494	6.11
3517	21568	6.13
3518	21513	6.12
3519	21612	6.14
3520	21529	6.12
3521	21536	6.12
3522	21565	6.12
3523	21523	6.11
3524	21543	6.11
3525	21556	6.12
3526	21573	6.12
3527	21572	6.12
3528	21590	6.12
3529	21638	6.13
3530	21609	6.12
3531	21601	6.12
3532	21589	6.11
3533	21633	6.12
3534	21560	6.10
3535	21616	6.11
3536	21698	6.14
3537	21613	6.11
3538	21641	6.12
3539	21636	6.11
3540	23463	6.63
3541	22471	6.35
3542	21707	6.13
3543	21639	6.11
3544	21644	6.11
3545	21664	6.11
3546	21655	6.11
3547	21642	6.10
3548	21689	6.11
3549	21676	6.11
3550	21763	6.13
3551	21722	6.12
3552	21729	6.12
3553	21733	6.12
3554	21710	6.11
3555	23137	6.51
3556	21728	6.11
3557	23263	6.54
3558	21729	6.11
3559	21808	6.13
3560	21746	6.11
3561	21753	6.11
3562	21857	6.14
3563	21210	5.95
3564	21237	5.96
3565	21260	5.96
3566	21984	6.16
3567	21295	5.97
3568	22019	6.17
3569	21266	5.96
3570	21306	5.97
3571	21276	5.96
3572	21285	5.96
3573	21276	5.95
3574	22250	6.23
3575	21309	5.96
3576	21318	5.96
3577	21340	5.97
3578	21311	5.96
3579	21302	5.95
3580	21324	5.96
3581	21338	5.96
3582	21305	5.95
3583	21356	5.96
3584	21366	5.96
3585	21371	5.96
3586	21465	5.99
3587	21389	5.96
3588	21383	5.96
3589	21394	5.96
3590	21447	5.97
3591	21389	5.96
3592	21389	5.95
3593	21440	5.97
3594	21392	5.95
3595	21392	5.95
3596	21419	5.96
3597	21429	5.96
3598	21434	5.96
3599	21435	5.96
3600	23899	6.64
3601	21433	5.95
3602	21438	5.95
3603	21522	5.97
3604	21465	5.96
3605	21460	5.95
3606	24673	6.84
3607	23984	6.65
3608	21495	5.96
3609	21468	5.95
3610	21578	5.98
3611	21476	5.95
3612	21503	5.95
3613	21509	5.95
3614	21514	5.95
3615	21530	5.96
3616	21536	5.96
3617	21522	5.95
3618	21541	5.95
3619	21543	5.95
3620	21590	5.96
3621	21567	5.96
3622	21539	5.95
3623	21551	5.95
3624	21556	5.95
3625	21551	5.95
3626	21547	5.94
3627	21610	5.96
3628	21575	5.95
3629	24250	6.68
3630	21588	5.95
3631	21595	5.95
3632	21605	5.95
3633	21609	5.95
3634	22412	6.17
3635	21679	5.96
3636	21637	5.95
3637	21632	5.95
3638	24146	6.64
3639	22823	6.27
3640	23915	6.57
3641	21660	5.95
3642	21635	5.94
3643	21638	5.94
3644	21658	5.94
3645	21681	5.95
3646	21685	5.95
3647	21677	5.94
3648	21687	5.94
3649	22715	6.22
3650	21692	5.94
3651	24581	6.73
3652	29475	8.07
3653	24686	6.76
3654	21784	5.96
3655	21800	5.96
3656	21788	5.96
3657	21819	5.97
3658	21807	5.96
3659	21826	5.97
3660	21849	5.97
3661	21831	5.96
3662	21861	5.97
3663	21854	5.97
3664	21873	5.97
3665	21890	5.97
3666	21889	5.97
3667	21880	5.97
3668	21931	5.98
3669	21873	5.96
3670	21869	5.96
3671	21868	5.96
3672	21996	5.99
3673	21905	5.96
3674	21876	5.95
3675	21887	5.96
3676	21986	5.98
3677	21919	5.96
3678	21907	5.96
3679	22666	6.16
3680	22948	6.24
3681	21921	5.96
3682	22003	5.98
3683	22924	6.22
3684	22482	6.10
3685	22491	6.10
3686	22253	6.04
3687	22855	6.20
3688	22485	6.10
3689	23539	6.38
3690	22490	6.09
3691	22488	6.09
3692	22683	6.14
3693	22603	6.12
3694	22530	6.10
3695	22826	6.18
3696	22728	6.15
3697	22557	6.10
3698	22665	6.13
3699	23468	6.34
3700	22637	6.12
3701	23643	6.39
3702	22744	6.14
3703	22935	6.19
3704	22543	6.09
3705	22523	6.08
3706	23700	6.40
3707	22290	6.01
3708	22071	5.95
3709	22050	5.94
3710	22045	5.94
3711	22262	6.00
3712	22627	6.10
3713	22626	6.09
3714	22741	6.12
3715	23534	6.33
3716	23219	6.25
3717	23252	6.26
3718	23247	6.25
3719	23266	6.26
3720	23258	6.25
3721	23298	6.26
3722	23498	6.31
3723	23291	6.26
3724	23291	6.25
3725	24351	6.54
3726	23196	6.23
3727	22710	6.09
3728	23479	6.30
3729	23387	6.27
3730	23316	6.25
3731	23302	6.25
3732	23455	6.28
3733	23899	6.40
3734	23701	6.35
3735	23623	6.32
3736	23327	6.24
3737	23241	6.22
3738	22879	6.12
3739	24022	6.42
3740	24540	6.56
3741	23518	6.29
3742	23350	6.24
3743	23394	6.25
3744	23363	6.24
3745	23386	6.24
3746	23457	6.26
3747	23389	6.24
3748	23407	6.25
3749	23456	6.26
3750	23413	6.24
3751	23429	6.25
3752	23883	6.37
3753	23430	6.24
3754	25348	6.75
3755	23349	6.22
3756	23451	6.24
3757	23483	6.25
3758	23468	6.24
3759	23461	6.24
3760	23470	6.24
3761	23486	6.24
3762	23573	6.27
3763	23467	6.24
3764	24435	6.49
3765	24331	6.46
3766	23539	6.25
3767	23602	6.27
3768	23524	6.24
3769	23558	6.25
3770	23574	6.25
3771	23783	6.31
3772	24098	6.39
3773	23545	6.24
3774	23567	6.24
3775	23580	6.25
3776	23585	6.25
3777	23597	6.25
3778	24452	6.47
3779	23897	6.32
3780	23641	6.25
3781	23736	6.28
3782	24259	6.41
3783	24046	6.36
3784	23625	6.24
3785	23661	6.25
3786	24562	6.49
3787	24384	6.44
3788	23658	6.25
3789	23635	6.24
3790	23666	6.24
3791	23742	6.26
3792	24057	6.34
3793	23763	6.26
3794	23683	6.24
3795	23673	6.24
3796	23715	6.25
3797	23687	6.24
3798	23837	6.28
3799	24526	6.46
3800	24608	6.48
3801	23676	6.23
3802	24068	6.33
3803	23939	6.29
3804	24271	6.38
3805	23862	6.27
3806	24046	6.32
3807	24301	6.38
3808	24731	6.49
3809	23138	6.07
3810	24398	6.40
3811	24386	6.40
3812	23670	6.21
3813	23998	6.29
3814	24313	6.37
3815	24632	6.46
3816	24008	6.29
3817	23711	6.21
3818	23707	6.21
3819	23941	6.27
3820	24357	6.38
3821	23955	6.27
3822	23915	6.26
3823	24354	6.37
3824	24395	6.38
3825	23295	6.09
3826	24096	6.30
3827	24407	6.38
3828	24743	6.46
3829	24025	6.27
3830	23767	6.21
3831	24997	6.52
3832	24422	6.37
3833	24435	6.37
3834	24033	6.27
3835	23796	6.20
3836	25077	6.54
3837	24478	6.38
3838	24063	6.27
3839	24253	6.32
3840	24303	6.33
3841	24450	6.37
3842	24472	6.37
3843	24480	6.37
3844	27184	7.07
3845	38397	9.99
3846	46315	12.04
3847	41932	10.90
3848	33872	8.80
3849	34012	8.84
3850	31597	8.21
3851	28795	7.48
3852	28794	7.48
3853	29357	7.62
3854	25703	6.67
3855	25701	6.67
3856	25751	6.68
3857	25722	6.67
3858	25953	6.73
3859	23228	6.02
3860	23236	6.02
3861	23229	6.02
3862	23228	6.01
3863	23249	6.02
3864	23269	6.02
3865	23270	6.02
3866	23999	6.21
3867	23261	6.02
3868	23285	6.02
3869	23295	6.02
3870	23307	6.02
3871	25124	6.49
3872	23315	6.02
3873	23318	6.02
3874	23391	6.04
3875	23303	6.01
3876	23338	6.02
3877	23305	6.01
3878	23345	6.02
3879	23340	6.02
3880	23668	6.10
3881	24082	6.21
3882	23374	6.02
3883	24190	6.23
3884	23958	6.17
3885	23504	6.05
3886	24115	6.21
3887	23959	6.16
3888	25001	6.43
3889	24634	6.33
3890	23971	6.16
3891	23983	6.16
3892	23991	6.16
3893	24017	6.17
3894	24021	6.17
3895	24038	6.17
3896	24024	6.17
3897	24028	6.17
3898	24036	6.17
3899	24118	6.19
3900	24041	6.16
3901	24016	6.16
3902	24453	6.27
3903	24071	6.17
3904	24070	6.17
3905	24074	6.16
3906	24756	6.34
3907	24695	6.32
3908	24295	6.22
3909	24105	6.17
3910	24107	6.17
3911	24085	6.16
3912	24104	6.16
3913	24871	6.36
3914	24467	6.25
3915	25176	6.43
3916	24824	6.34
3917	24148	6.16
3918	24119	6.16
3919	24712	6.31
3920	24771	6.32
3921	24791	6.32
3922	24772	6.32
3923	24795	6.32
3924	24782	6.32
3925	24774	6.31
3926	24831	6.32
3927	24801	6.32
3928	24871	6.33
3929	24798	6.31
3930	24822	6.32
3931	24823	6.31
3932	24831	6.32
3933	24842	6.32
3934	24888	6.33
3935	24851	6.32
3936	24845	6.31
3937	24861	6.31
3938	24502	6.22
3939	24564	6.24
3940	24237	6.15
3941	24258	6.16
3942	24252	6.15
3943	24337	6.17
3944	24818	6.29
3945	24909	6.31
3946	24886	6.31
3947	24879	6.30
3948	24921	6.31
3949	24920	6.31
3950	24929	6.31
3951	24090	6.10
3952	23377	5.92
3953	23399	5.92
3954	23466	5.93
3955	23413	5.92
3956	23428	5.92
3957	23404	5.91
3958	23409	5.91
3959	23408	5.91
3960	23441	5.92
3961	23433	5.92
3962	25143	6.35
3963	24221	6.11
3964	23479	5.92
3965	24302	6.13
3966	23500	5.93
3967	23507	5.93
3968	23500	5.92
3969	23522	5.93
3970	23533	5.93
3971	23520	5.92
3972	23550	5.93
3973	23560	5.93
3974	23537	5.92
3975	23545	5.92
3976	23584	5.93
3977	23584	5.93
3978	23558	5.92
3979	23553	5.92
3980	24431	6.14
3981	23564	5.92
3982	23620	5.93
3983	23598	5.92
3984	23606	5.93
3985	23623	5.93
3986	23630	5.93
3987	23602	5.92
3988	23621	5.92
3989	23733	5.95
3990	23636	5.92
3991	23658	5.93
3992	23665	5.93
3993	23644	5.92
3994	23673	5.93
3995	23641	5.92
3996	23651	5.92
3997	23810	5.96
3998	23698	5.93
3999	23676	5.92
4000	24547	6.14
