N	Total Time	Average CPE
1	111	111.00
2	103	51.50
3	110	36.67
4	122	30.50
5	132	26.40
6	138	23.00
7	152	21.71
8	158	19.75
9	165	18.33
10	172	17.20
11	183	16.64
12	190	15.83
13	202	15.54
14	209	14.93
15	242	16.13
16	251	15.69
17	510	30.00
18	469	26.06
19	474	24.95
20	471	23.55
21	482	22.95
22	492	22.36
23	501	21.78
24	510	21.25
25	515	20.60
26	525	20.19
27	534	19.78
28	541	19.32
29	556	19.17
30	581	19.37
31	592	19.10
32	598	18.69
33	911	27.61
34	954	28.06
35	936	26.74
36	889	24.69
37	897	24.24
38	909	23.92
39	917	23.51
40	928	23.20
41	934	22.78
42	940	22.38
43	952	22.14
44	958	21.77
45	966	21.47
46	990	21.52
47	1007	21.43
48	1015	21.15
49	1020	20.82
50	1031	20.62
51	1040	20.39
52	1048	20.15
53	1063	20.06
54	1076	19.93
55	1066	19.38
56	1084	19.36
57	1098	19.26
58	1108	19.10
59	1108	18.78
60	1119	18.65
61	1133	18.57
62	1146	18.48
63	1151	18.27
64	1155	18.05
65	1468	22.58
66	1457	22.08
67	1468	21.91
68	1458	21.44
69	1470	21.30
70	1481	21.16
71	1491	21.00
72	1500	20.83
73	1508	20.66
74	1517	20.50
75	1523	20.31
76	1534	20.18
77	1563	20.30
78	1572	20.15
79	1581	20.01
80	1587	19.84
81	1601	19.77
82	1604	19.56
83	1616	19.47
84	1620	19.29
85	1639	19.28
86	1643	19.10
87	1653	19.00
88	1661	18.88
89	1847	20.75
90	1740	19.33
91	1749	19.22
92	1754	19.07
93	1768	19.01
94	1770	18.83
95	1780	18.74
96	1789	18.64
97	1798	18.54
98	1808	18.45
99	1821	18.39
100	1834	18.34
101	1857	18.39
102	1844	18.08
103	1854	18.00
104	1864	17.92
105	1875	17.86
106	1878	17.72
107	1890	17.66
108	1900	17.59
109	1903	17.46
110	1923	17.48
111	1924	17.33
112	1935	17.28
113	1944	17.20
114	1960	17.19
115	1950	16.96
116	1976	17.03
117	1978	16.91
118	1993	16.89
119	1998	16.79
120	2008	16.73
121	2018	16.68
122	2027	16.61
123	2036	16.55
124	2048	16.52
125	2056	16.45
126	2064	16.38
127	2076	16.35
128	2086	16.30
129	2464	19.10
130	2373	18.25
131	2466	18.82
132	2370	17.95
133	2403	18.07
134	2388	17.82
135	2396	17.75
136	2495	18.35
137	2407	17.57
138	2418	17.52
139	2424	17.44
140	2435	17.39
141	2475	17.55
142	2476	17.44
143	2478	17.33
144	2494	17.32
145	2504	17.27
146	2510	17.19
147	2519	17.14
148	2528	17.08
149	2543	17.07
150	2549	16.99
151	2556	16.93
152	2570	16.91
153	2574	16.82
154	2589	16.81
155	2598	16.76
156	2600	16.67
157	2695	17.17
158	2626	16.62
159	2630	16.54
160	2636	16.48
161	2667	16.57
162	2677	16.52
163	2678	16.43
164	2690	16.40
165	2700	16.36
166	2713	16.34
167	2717	16.27
168	2725	16.22
169	2735	16.18
170	2741	16.12
171	2754	16.11
172	2760	16.05
173	2771	16.02
174	2783	15.99
175	2790	15.94
176	3359	19.09
177	2726	15.40
178	2737	15.38
179	2745	15.34
180	2758	15.32
181	2761	15.25
182	2773	15.24
183	2779	15.19
184	2790	15.16
185	2804	15.16
186	2809	15.10
187	2816	15.06
188	2823	15.02
189	2834	14.99
190	2854	15.02
191	2927	15.32
192	2958	15.41
193	2990	15.49
194	3007	15.50
195	2993	15.35
196	2999	15.30
197	3006	15.26
198	3011	15.21
199	3041	15.28
200	3045	15.22
201	3062	15.23
202	3056	15.13
203	3059	15.07
204	3069	15.04
205	3082	15.03
206	3090	15.00
207	3100	14.98
208	3106	14.93
209	3135	15.00
210	3127	14.89
211	3130	14.83
212	3149	14.85
213	3151	14.79
214	3181	14.86
215	3306	15.38
216	3177	14.71
217	3184	14.67
218	3193	14.65
219	3204	14.63
220	3585	16.30
221	3241	14.67
222	3303	14.88
223	3265	14.64
224	3246	14.49
225	3523	15.66
226	3383	14.97
227	3273	14.42
228	3277	14.37
229	3292	14.38
230	3296	14.33
231	3309	14.32
232	3312	14.28
233	3322	14.26
234	3680	15.73
235	3345	14.23
236	4198	17.79
237	3280	13.84
238	3276	13.76
239	3292	13.77
240	3307	13.78
241	3361	13.95
242	3383	13.98
243	3299	13.58
244	3287	13.47
245	3379	13.79
246	3358	13.65
247	3296	13.34
248	3300	13.31
249	3279	13.17
250	4914	19.66
251	3239	12.90
252	3228	12.81
253	3240	12.81
254	3246	12.78
255	3257	12.77
256	3265	12.75
257	3541	13.78
258	4217	16.34
259	3474	13.41
260	3464	13.32
261	3758	14.40
262	3466	13.23
263	3478	13.22
264	3493	13.23
265	3561	13.44
266	3505	13.18
267	3505	13.13
268	3509	13.09
269	3525	13.10
270	3553	13.16
271	3561	13.14
272	3565	13.11
273	3576	13.10
274	3580	13.07
275	3591	13.06
276	3735	13.53
277	3623	13.08
278	3606	12.97
279	3628	13.00
280	3631	12.97
281	3640	12.95
282	3647	12.93
283	3672	12.98
284	3662	12.89
285	3676	12.90
286	3675	12.85
287	3690	12.86
288	3680	12.78
289	3699	12.80
290	3697	12.75
291	3712	12.76
292	3716	12.73
293	3733	12.74
294	3737	12.71
295	3752	12.72
296	3758	12.70
297	3764	12.67
298	3771	12.65
299	3783	12.65
300	3796	12.65
301	3820	12.69
302	3805	12.60
303	3811	12.58
304	3827	12.59
305	3828	12.55
306	3839	12.55
307	3844	12.52
308	3849	12.50
309	3861	12.50
310	3871	12.49
311	3877	12.47
312	3891	12.47
313	4277	13.66
314	3907	12.44
315	3901	12.38
316	3917	12.40
317	3924	12.38
318	3929	12.36
319	3942	12.36
320	3943	12.32
321	3956	12.32
322	3964	12.31
323	3970	12.29
324	3984	12.30
325	3990	12.28
326	4001	12.27
327	4002	12.24
328	3998	12.19
329	4026	12.24
330	4041	12.25
331	4039	12.20
332	4772	14.37
333	4054	12.17
334	4097	12.27
335	4055	12.10
336	4076	12.13
337	4080	12.11
338	4216	12.47
339	4105	12.11
340	5900	17.35
341	4114	12.06
342	4123	12.06
343	4131	12.04
344	8022	23.32
345	4098	11.88
346	4104	11.86
347	4114	11.86
348	4114	11.82
349	7766	22.25
350	4124	11.78
351	4138	11.79
352	4143	11.77
353	4152	11.76
354	4158	11.75
355	4168	11.74
356	4171	11.72
357	4182	11.71
358	4190	11.70
359	4195	11.69
360	4206	11.68
361	4212	11.67
362	4224	11.67
363	4228	11.65
364	4238	11.64
365	4247	11.64
366	4254	11.62
367	4261	11.61
368	4268	11.60
369	4276	11.59
370	4288	11.59
371	4294	11.57
372	4403	11.84
373	4310	11.55
374	4319	11.55
375	4321	11.52
376	4334	11.53
377	4346	11.53
378	4350	11.51
379	4360	11.50
380	4369	11.50
381	4373	11.48
382	4385	11.48
383	4397	11.48
384	4399	11.46
385	4410	11.45
386	4421	11.45
387	4420	11.42
388	4490	11.57
389	4434	11.40
390	4455	11.42
391	4447	11.37
392	4458	11.37
393	4464	11.36
394	4469	11.34
395	4469	11.31
396	4494	11.35
397	4492	11.31
398	4507	11.32
399	4515	11.32
400	4526	11.31
401	4530	11.30
402	4541	11.30
403	4545	11.28
404	4556	11.28
405	4560	11.26
406	4574	11.27
407	4582	11.26
408	4589	11.25
409	4596	11.24
410	4601	11.22
411	4610	11.22
412	4620	11.21
413	4611	11.16
414	4606	11.13
415	4619	11.13
416	4651	11.18
417	4661	11.18
418	6900	16.51
419	4628	11.05
420	4654	11.08
421	4637	11.01
422	4656	11.03
423	4671	11.04
424	6870	16.20
425	4688	11.03
426	4720	11.08
427	7820	18.31
428	4779	11.17
429	9243	21.55
430	6347	14.76
431	5705	13.24
432	6847	15.85
433	4891	11.30
434	7283	16.78
435	4791	11.01
436	4795	11.00
437	4803	10.99
438	4807	10.97
439	4817	10.97
440	4826	10.97
441	4833	10.96
442	4844	10.96
443	4854	10.96
444	4858	10.94
445	4866	10.93
446	4873	10.93
447	4879	10.91
448	4893	10.92
449	4904	10.92
450	4914	10.92
451	4919	10.91
452	4927	10.90
453	4933	10.89
454	4941	10.88
455	4946	10.87
456	4953	10.86
457	4957	10.85
458	4972	10.86
459	4980	10.85
460	4987	10.84
461	4992	10.83
462	7122	15.42
463	5010	10.82
464	5019	10.82
465	5025	10.81
466	5034	10.80
467	5040	10.79
468	5054	10.80
469	5061	10.79
470	5066	10.78
471	5072	10.77
472	5082	10.77
473	5091	10.76
474	5098	10.76
475	5103	10.74
476	5115	10.75
477	5122	10.74
478	5127	10.73
479	5135	10.72
480	5145	10.72
481	5209	10.83
482	5160	10.71
483	5167	10.70
484	5178	10.70
485	5181	10.68
486	5190	10.68
487	5196	10.67
488	5207	10.67
489	5215	10.66
490	5225	10.66
491	5322	10.84
492	5238	10.65
493	5247	10.64
494	5252	10.63
495	5265	10.64
496	5270	10.62
497	5279	10.62
498	5293	10.63
499	9200	18.44
500	5321	10.64
501	5309	10.60
502	5443	10.84
503	5522	10.98
504	5513	10.94
505	5487	10.87
506	5461	10.79
507	8072	15.92
508	5654	11.13
509	5639	11.08
510	5663	11.10
511	5671	11.10
512	5673	11.08
513	6177	12.04
514	5988	11.65
515	6004	11.66
516	6003	11.63
517	6006	11.62
518	6023	11.63
519	6042	11.64
520	6042	11.62
521	6031	11.58
522	6050	11.59
523	6057	11.58
524	6088	11.62
525	6064	11.55
526	6095	11.59
527	6119	11.61
528	6141	11.63
529	6129	11.59
530	6137	11.58
531	6144	11.57
532	6147	11.55
533	6767	12.70
534	6216	11.64
535	6177	11.55
536	6178	11.53
537	6177	11.50
538	6190	11.51
539	6204	11.51
540	6234	11.54
541	6221	11.50
542	6213	11.46
543	6251	11.51
544	6253	11.49
545	6241	11.45
546	6263	11.47
547	6278	11.48
548	6274	11.45
549	6284	11.45
550	6304	11.46
551	6306	11.44
552	6322	11.45
553	6330	11.45
554	6325	11.42
555	6304	11.36
556	6324	11.37
557	6337	11.38
558	6339	11.36
559	6353	11.36
560	6383	11.40
561	6397	11.40
562	6469	11.51
563	6390	11.35
564	6399	11.35
565	6409	11.34
566	6422	11.35
567	6446	11.37
568	6533	11.50
569	6458	11.35
570	6476	11.36
571	6463	11.32
572	6468	11.31
573	8219	14.34
574	6392	11.14
575	6393	11.12
576	6408	11.12
577	6410	11.11
578	6418	11.10
579	6427	11.10
580	6465	11.15
581	6441	11.09
582	6444	11.07
583	6533	11.21
584	6495	11.12
585	6505	11.12
586	6550	11.18
587	6524	11.11
588	6528	11.10
589	6540	11.10
590	6555	11.11
591	6525	11.04
592	6534	11.04
593	6582	11.10
594	6543	11.02
595	6562	11.03
596	6552	10.99
597	6560	10.99
598	6574	10.99
599	6587	11.00
600	6605	11.01
601	6605	10.99
602	6605	10.97
603	6621	10.98
604	6652	11.01
605	6653	11.00
606	6641	10.96
607	6659	10.97
608	6664	10.96
609	6813	11.19
610	6727	11.03
611	6673	10.92
612	6685	10.92
613	6721	10.96
614	6746	10.99
615	6788	11.04
616	6741	10.94
617	6725	10.90
618	6742	10.91
619	6739	10.89
620	7010	11.31
621	6762	10.89
622	6780	10.90
623	6791	10.90
624	6907	11.07
625	6924	11.08
626	6793	10.85
627	6814	10.87
628	6825	10.87
629	6875	10.93
630	6832	10.84
631	6849	10.85
632	7045	11.15
633	6963	11.00
634	7314	11.54
635	6892	10.85
636	6895	10.84
637	6915	10.86
638	7053	11.05
639	6940	10.86
640	6943	10.85
641	6957	10.85
642	6963	10.85
643	6969	10.84
644	6974	10.83
645	6982	10.82
646	6990	10.82
647	7001	10.82
648	7002	10.81
649	7019	10.82
650	7062	10.86
651	7023	10.79
652	7027	10.78
653	7041	10.78
654	7071	10.81
655	7067	10.79
656	7076	10.79
657	7085	10.78
658	7088	10.77
659	7100	10.77
660	7113	10.78
661	7122	10.77
662	7122	10.76
663	7146	10.78
664	7159	10.78
665	7155	10.76
666	7167	10.76
667	7158	10.73
668	7156	10.71
669	7151	10.69
670	7193	10.74
671	7181	10.70
672	7190	10.70
673	7215	10.72
674	7219	10.71
675	7235	10.72
676	7267	10.75
677	7278	10.75
678	7278	10.73
679	7269	10.71
680	7371	10.84
681	7264	10.67
682	7263	10.65
683	7268	10.64
684	7287	10.65
685	7284	10.63
686	7299	10.64
687	7464	10.86
688	7349	10.68
689	7353	10.67
690	7327	10.62
691	7325	10.60
692	7324	10.58
693	7355	10.61
694	7362	10.61
695	7363	10.59
696	7356	10.57
697	7364	10.57
698	7374	10.56
699	7516	10.75
700	7412	10.59
701	7399	10.55
702	7410	10.56
703	7422	10.56
704	7430	10.55
705	7441	10.55
706	7440	10.54
707	7452	10.54
708	7454	10.53
709	7467	10.53
710	7480	10.54
711	7480	10.52
712	7493	10.52
713	7500	10.52
714	7559	10.59
715	7541	10.55
716	7568	10.57
717	7532	10.50
718	7537	10.50
719	7546	10.50
720	7555	10.49
721	7562	10.49
722	7694	10.66
723	7580	10.48
724	7588	10.48
725	7595	10.48
726	7605	10.48
727	7611	10.47
728	7624	10.47
729	7633	10.47
730	7655	10.49
731	7649	10.46
732	7643	10.44
733	7646	10.43
734	7657	10.43
735	7664	10.43
736	7676	10.43
737	7724	10.48
738	7703	10.44
739	7691	10.41
740	7696	10.40
741	7706	10.40
742	7716	10.40
743	7721	10.39
744	7736	10.40
745	7745	10.40
746	7747	10.38
747	7755	10.38
748	7772	10.39
749	7774	10.38
750	7780	10.37
751	7791	10.37
752	7801	10.37
753	7805	10.37
754	7812	10.36
755	7825	10.36
756	7834	10.36
757	7837	10.35
758	7860	10.37
759	7896	10.40
760	7955	10.47
761	7875	10.35
762	7880	10.34
763	7889	10.34
764	7899	10.34
765	7908	10.34
766	7911	10.33
767	7924	10.33
768	7932	10.33
769	7936	10.32
770	7942	10.31
771	7951	10.31
772	7962	10.31
773	7967	10.31
774	7983	10.31
775	7980	10.30
776	7994	10.30
777	8003	10.30
778	8005	10.29
779	8015	10.29
780	8031	10.30
781	8032	10.28
782	8046	10.29
783	8050	10.28
784	8063	10.28
785	8066	10.28
786	8078	10.28
787	8086	10.27
788	8093	10.27
789	8162	10.34
790	8111	10.27
791	8120	10.27
792	8127	10.26
793	8138	10.26
794	8140	10.25
795	8147	10.25
796	8155	10.24
797	8172	10.25
798	8176	10.25
799	8186	10.25
800	8202	10.25
801	8201	10.24
802	8204	10.23
803	8215	10.23
804	8224	10.23
805	8230	10.22
806	8243	10.23
807	8247	10.22
808	8260	10.22
809	8320	10.28
810	8277	10.22
811	8276	10.20
812	8292	10.21
813	8295	10.20
814	8303	10.20
815	8309	10.20
816	8322	10.20
817	8386	10.26
818	8340	10.20
819	8345	10.19
820	8353	10.19
821	8354	10.18
822	8370	10.18
823	8374	10.17
824	8382	10.17
825	8387	10.17
826	8394	10.16
827	8416	10.18
828	8420	10.17
829	8487	10.24
830	8478	10.21
831	8493	10.22
832	8497	10.21
833	8505	10.21
834	8511	10.21
835	8519	10.20
836	8532	10.21
837	8604	10.28
838	8550	10.20
839	8552	10.19
840	8579	10.21
841	8570	10.19
842	8570	10.18
843	8582	10.18
844	8593	10.18
845	8602	10.18
846	8606	10.17
847	8607	10.16
848	8623	10.17
849	8638	10.17
850	8641	10.17
851	8642	10.16
852	8653	10.16
853	8660	10.15
854	8677	10.16
855	8681	10.15
856	8694	10.16
857	8693	10.14
858	8707	10.15
859	8712	10.14
860	8722	10.14
861	8733	10.14
862	8723	10.12
863	8801	10.20
864	8753	10.13
865	8760	10.13
866	8762	10.12
867	8775	10.12
868	8785	10.12
869	8798	10.12
870	8801	10.12
871	8868	10.18
872	8811	10.10
873	8824	10.11
874	8837	10.11
875	8837	10.10
876	8848	10.10
877	8856	10.10
878	8868	10.10
879	8872	10.09
880	8881	10.09
881	8892	10.09
882	8897	10.09
883	8905	10.08
884	8914	10.08
885	8926	10.09
886	8926	10.07
887	8929	10.07
888	8946	10.07
889	9007	10.13
890	8957	10.06
891	8961	10.06
892	9095	10.20
893	8991	10.07
894	8984	10.05
895	8997	10.05
896	9001	10.05
897	9022	10.06
898	9020	10.04
899	9036	10.05
900	9029	10.03
901	9022	10.01
902	9025	10.01
903	9030	10.00
904	9042	10.00
905	9049	10.00
906	9057	10.00
907	9070	10.00
908	9071	9.99
909	9111	10.02
910	9115	10.02
911	9122	10.01
912	9133	10.01
913	9147	10.02
914	9157	10.02
915	9164	10.02
916	9167	10.01
917	9186	10.02
918	9186	10.01
919	9195	10.01
920	9200	10.00
921	9206	10.00
922	9227	10.01
923	9219	9.99
924	9219	9.98
925	9245	9.99
926	9247	9.99
927	9251	9.98
928	9264	9.98
929	9273	9.98
930	9277	9.98
931	9288	9.98
932	9291	9.97
933	9321	9.99
934	9307	9.96
935	9318	9.97
936	9322	9.96
937	9350	9.98
938	9347	9.96
939	9358	9.97
940	9365	9.96
941	9373	9.96
942	9375	9.95
943	9387	9.95
944	9400	9.96
945	9396	9.94
946	9464	10.00
947	9406	9.93
948	9426	9.94
949	9434	9.94
950	9445	9.94
951	9451	9.94
952	9470	9.95
953	9462	9.93
954	9472	9.93
955	9484	9.93
956	9488	9.92
957	9500	9.93
958	9504	9.92
959	9509	9.92
960	9524	9.92
961	9535	9.92
962	9544	9.92
963	9608	9.98
964	9567	9.92
965	9561	9.91
966	9570	9.91
967	9575	9.90
968	9579	9.90
969	9591	9.90
970	9610	9.91
971	9606	9.89
972	9614	9.89
973	9638	9.91
974	9630	9.89
975	9641	9.89
976	9654	9.89
977	9658	9.89
978	9662	9.88
979	9668	9.88
980	9678	9.88
981	9692	9.88
982	9698	9.88
983	9710	9.88
984	9720	9.88
985	9730	9.88
986	9735	9.87
987	9797	9.93
988	9744	9.86
989	9753	9.86
990	9759	9.86
991	9758	9.85
992	9793	9.87
993	9784	9.85
994	9889	9.95
995	9805	9.85
996	9813	9.85
997	9825	9.85
998	9823	9.84
999	9824	9.83
1000	9857	9.86
1001	9853	9.84
1002	9854	9.83
1003	9863	9.83
1004	9876	9.84
1005	9879	9.83
1006	9889	9.83
1007	9895	9.83
1008	9908	9.83
1009	9914	9.83
1010	9974	9.88
1011	9919	9.81
1012	9941	9.82
1013	9942	9.81
1014	9959	9.82
1015	9951	9.80
1016	9965	9.81
1017	10029	9.86
1018	9990	9.81
1019	9999	9.81
1020	9994	9.80
1021	10007	9.80
1022	10022	9.81
1023	10029	9.80
1024	10032	9.80
1025	10818	10.55
1026	10583	10.31
1027	10592	10.31
1028	10592	10.30
1029	10595	10.30
1030	10604	10.30
1031	10614	10.29
1032	10679	10.35
1033	10624	10.28
1034	10640	10.29
1035	10641	10.28
1036	10651	10.28
1037	10682	10.30
1038	10688	10.30
1039	10758	10.35
1040	10711	10.30
1041	10715	10.29
1042	10726	10.29
1043	10733	10.29
1044	10740	10.29
1045	10746	10.28
1046	10742	10.27
1047	10754	10.27
1048	10761	10.27
1049	10767	10.26
1050	10772	10.26
1051	10785	10.26
1052	10792	10.26
1053	10800	10.26
1054	10859	10.30
1055	10818	10.25
1056	10829	10.25
1057	10834	10.25
1058	10842	10.25
1059	10854	10.25
1060	10863	10.25
1061	10878	10.25
1062	10880	10.24
1063	10881	10.24
1064	10893	10.24
1065	10903	10.24
1066	10913	10.24
1067	10911	10.23
1068	10931	10.24
1069	10937	10.23
1070	10793	10.09
1071	10682	9.97
1072	10692	9.97
1073	10694	9.97
1074	10704	9.97
1075	10813	10.06
1076	10726	9.97
1077	10724	9.96
1078	10730	9.95
1079	10734	9.95
1080	10748	9.95
1081	10752	9.95
1082	10777	9.96
1083	10780	9.95
1084	10786	9.95
1085	10787	9.94
1086	10803	9.95
1087	10822	9.96
1088	10818	9.94
1089	10828	9.94
1090	10824	9.93
1091	10834	9.93
1092	10840	9.93
1093	10864	9.94
1094	10860	9.93
1095	10871	9.93
1096	10885	9.93
1097	10898	9.93
1098	10902	9.93
1099	10916	9.93
1100	10915	9.92
1101	10917	9.92
1102	10927	9.92
1103	14162	12.84
1104	11021	9.98
1105	11042	9.99
1106	11459	10.36
1107	11074	10.00
1108	11179	10.09
1109	11129	10.04
1110	11029	9.94
1111	11081	9.97
1112	11074	9.96
1113	11096	9.97
1114	11105	9.97
1115	11113	9.97
1116	11114	9.96
1117	11119	9.95
1118	11140	9.96
1119	11134	9.95
1120	11155	9.96
1121	11153	9.95
1122	11158	9.94
1123	11321	10.08
1124	11179	9.95
1125	11192	9.95
1126	11203	9.95
1127	11185	9.92
1128	11203	9.93
1129	11221	9.94
1130	11229	9.94
1131	11229	9.93
1132	11229	9.92
1133	11255	9.93
1134	11258	9.93
1135	11265	9.93
1136	11266	9.92
1137	11293	9.93
1138	11288	9.92
1139	11298	9.92
1140	11303	9.91
1141	11308	9.91
1142	11323	9.92
1143	11331	9.91
1144	11341	9.91
1145	11341	9.90
1146	11354	9.91
1147	11369	9.91
1148	11364	9.90
1149	11367	9.89
1150	11384	9.90
1151	11388	9.89
1152	11407	9.90
1153	11406	9.89
1154	11404	9.88
1155	11424	9.89
1156	11427	9.88
1157	11431	9.88
1158	11449	9.89
1159	11466	9.89
1160	11463	9.88
1161	11474	9.88
1162	11480	9.88
1163	11477	9.87
1164	11640	10.00
1165	11490	9.86
1166	11492	9.86
1167	11507	9.86
1168	11506	9.85
1169	14283	12.22
1170	11569	9.89
1171	11541	9.86
1172	11563	9.87
1173	11573	9.87
1174	11577	9.86
1175	11595	9.87
1176	11596	9.86
1177	11602	9.86
1178	11611	9.86
1179	11617	9.85
1180	11621	9.85
1181	11637	9.85
1182	11631	9.84
1183	11734	9.92
1184	11716	9.90
1185	11772	9.93
1186	11670	9.84
1187	11678	9.84
1188	11684	9.84
1189	11763	9.89
1190	11698	9.83
1191	11708	9.83
1192	11720	9.83
1193	11843	9.93
1194	11724	9.82
1195	11731	9.82
1196	11738	9.81
1197	11739	9.81
1198	11757	9.81
1199	11764	9.81
1200	11924	9.94
1201	11838	9.86
1202	11831	9.84
1203	15284	12.70
1204	11804	9.80
1205	11812	9.80
1206	12175	10.10
1207	11825	9.80
1208	11834	9.80
1209	11854	9.80
1210	11856	9.80
1211	13940	11.51
1212	11871	9.79
1213	11889	9.80
1214	11888	9.79
1215	11867	9.77
1216	11894	9.78
1217	11922	9.80
1218	11912	9.78
1219	11930	9.79
1220	11942	9.79
1221	11941	9.78
1222	12081	9.89
1223	11964	9.78
1224	11970	9.78
1225	11972	9.77
1226	11993	9.78
1227	11987	9.77
1228	11998	9.77
1229	12013	9.77
1230	12012	9.77
1231	12023	9.77
1232	12022	9.76
1233	12033	9.76
1234	12049	9.76
1235	12056	9.76
1236	12067	9.76
1237	12069	9.76
1238	12071	9.75
1239	12088	9.76
1240	12093	9.75
1241	12166	9.80
1242	12107	9.75
1243	12142	9.77
1244	12122	9.74
1245	12119	9.73
1246	12134	9.74
1247	12146	9.74
1248	12163	9.75
1249	12148	9.73
1250	12176	9.74
1251	12177	9.73
1252	12174	9.72
1253	12192	9.73
1254	12204	9.73
1255	12213	9.73
1256	12210	9.72
1257	12222	9.72
1258	12225	9.72
1259	12292	9.76
1260	12299	9.76
1261	12247	9.71
1262	12264	9.72
1263	12264	9.71
1264	12273	9.71
1265	12353	9.77
1266	14065	11.11
1267	12303	9.71
1268	12306	9.71
1269	12316	9.71
1270	12319	9.70
1271	12340	9.71
1272	12348	9.71
1273	12364	9.71
1274	12345	9.69
1275	12351	9.69
1276	12373	9.70
1277	12377	9.69
1278	12396	9.70
1279	12489	9.76
1280	12396	9.68
1281	12405	9.68
1282	12418	9.69
1283	12426	9.69
1284	12444	9.69
1285	12444	9.68
1286	12460	9.69
1287	12461	9.68
1288	12473	9.68
1289	12466	9.67
1290	12464	9.66
1291	12472	9.66
1292	12504	9.68
1293	12500	9.67
1294	12506	9.66
1295	12522	9.67
1296	14545	11.22
1297	12532	9.66
1298	12587	9.70
1299	13598	10.47
1300	12554	9.66
1301	12567	9.66
1302	12571	9.66
1303	12583	9.66
1304	12630	9.69
1305	12605	9.66
1306	12753	9.76
1307	12599	9.64
1308	12615	9.64
1309	12624	9.64
1310	12623	9.64
1311	12636	9.64
1312	12637	9.63
1313	12645	9.63
1314	12725	9.68
1315	12680	9.64
1316	12696	9.65
1317	12724	9.66
1318	12689	9.63
1319	12690	9.62
1320	12708	9.63
1321	12715	9.63
1322	12723	9.62
1323	12735	9.63
1324	12750	9.63
1325	12742	9.62
1326	12763	9.63
1327	12754	9.61
1328	12778	9.62
1329	12775	9.61
1330	12785	9.61
1331	12795	9.61
1332	12820	9.62
1333	12814	9.61
1334	12816	9.61
1335	12835	9.61
1336	12823	9.60
1337	12835	9.60
1338	12844	9.60
1339	12850	9.60
1340	12863	9.60
1341	12869	9.60
1342	12878	9.60
1343	12898	9.60
1344	12906	9.60
1345	12904	9.59
1346	12905	9.59
1347	12916	9.59
1348	12926	9.59
1349	12942	9.59
1350	13063	9.68
1351	12951	9.59
1352	12960	9.59
1353	12973	9.59
1354	12980	9.59
1355	12979	9.58
1356	12979	9.57
1357	12989	9.57
1358	13012	9.58
1359	13949	10.26
1360	16071	11.82
1361	13068	9.60
1362	13017	9.56
1363	13029	9.56
1364	13041	9.56
1365	13044	9.56
1366	13075	9.57
1367	13240	9.69
1368	13073	9.56
1369	13107	9.57
1370	13101	9.56
1371	13098	9.55
1372	13103	9.55
1373	13117	9.55
1374	13140	9.56
1375	13135	9.55
1376	13142	9.55
1377	13152	9.55
1378	13230	9.60
1379	13147	9.53
1380	13169	9.54
1381	13172	9.54
1382	13186	9.54
1383	13193	9.54
1384	13278	9.59
1385	14372	10.38
1386	13208	9.53
1387	14396	10.38
1388	13222	9.53
1389	13238	9.53
1390	13268	9.55
1391	13268	9.54
1392	13252	9.52
1393	13273	9.53
1394	13283	9.53
1395	13418	9.62
1396	13414	9.61
1397	13300	9.52
1398	13294	9.51
1399	13304	9.51
1400	13346	9.53
1401	13356	9.53
1402	13347	9.52
1403	13356	9.52
1404	13366	9.52
1405	13367	9.51
1406	13377	9.51
1407	13380	9.51
1408	13386	9.51
1409	13399	9.51
1410	13402	9.50
1411	13416	9.51
1412	13416	9.50
1413	13433	9.51
1414	13431	9.50
1415	13446	9.50
1416	13447	9.50
1417	13462	9.50
1418	13594	9.59
1419	13507	9.52
1420	13485	9.50
1421	13492	9.49
1422	13484	9.48
1423	13510	9.49
1424	13513	9.49
1425	13521	9.49
1426	13526	9.49
1427	13530	9.48
1428	13545	9.49
1429	13547	9.48
1430	13556	9.48
1431	13570	9.48
1432	13577	9.48
1433	13585	9.48
1434	13604	9.49
1435	13699	9.55
1436	13601	9.47
1437	14890	10.36
1438	13619	9.47
1439	13625	9.47
1440	13673	9.50
1441	13646	9.47
1442	13622	9.45
1443	13324	9.23
1444	13327	9.23
1445	13339	9.23
1446	13337	9.22
1447	13371	9.24
1448	13370	9.23
1449	13381	9.23
1450	13379	9.23
1451	13403	9.24
1452	13409	9.23
1453	13404	9.23
1454	13414	9.23
1455	13420	9.22
1456	13418	9.22
1457	16594	11.39
1458	15110	10.36
1459	13464	9.23
1460	13454	9.22
1461	13474	9.22
1462	13472	9.21
1463	13466	9.20
1464	13488	9.21
1465	13508	9.22
1466	13519	9.22
1467	13576	9.25
1468	14663	9.99
1469	13523	9.21
1470	14384	9.79
1471	13541	9.21
1472	13552	9.21
1473	13562	9.21
1474	13587	9.22
1475	13579	9.21
1476	13578	9.20
1477	13584	9.20
1478	13636	9.23
1479	13598	9.19
1480	14966	10.11
1481	17005	11.48
1482	13618	9.19
1483	13644	9.20
1484	13731	9.25
1485	13646	9.19
1486	13672	9.20
1487	13671	9.19
1488	13676	9.19
1489	13688	9.19
1490	13681	9.18
1491	13698	9.19
1492	13710	9.19
1493	13695	9.17
1494	13724	9.19
1495	14466	9.68
1496	13730	9.18
1497	13732	9.17
1498	13752	9.18
1499	13746	9.17
1500	13829	9.22
1501	13768	9.17
1502	13790	9.18
1503	13792	9.18
1504	13792	9.17
1505	13812	9.18
1506	13810	9.17
1507	13839	9.18
1508	13842	9.18
1509	13843	9.17
1510	13842	9.17
1511	13848	9.16
1512	13858	9.17
1513	13850	9.15
1514	13863	9.16
1515	13869	9.15
1516	13890	9.16
1517	13887	9.15
1518	14626	9.64
1519	13909	9.16
1520	13914	9.15
1521	13934	9.16
1522	13934	9.16
1523	13942	9.15
1524	13965	9.16
1525	13953	9.15
1526	13969	9.15
1527	13981	9.16
1528	14086	9.22
1529	14981	9.80
1530	14004	9.15
1531	13994	9.14
1532	14139	9.23
1533	14030	9.15
1534	14019	9.14
1535	14028	9.14
1536	14034	9.14
1537	14019	9.12
1538	14064	9.14
1539	14057	9.13
1540	14077	9.14
1541	14071	9.13
1542	14095	9.14
1543	14088	9.13
1544	14102	9.13
1545	14114	9.14
1546	14131	9.14
1547	14117	9.13
1548	14158	9.15
1549	14149	9.13
1550	14122	9.11
1551	14155	9.13
1552	14171	9.13
1553	14155	9.11
1554	14186	9.13
1555	19175	12.33
1556	14197	9.12
1557	14201	9.12
1558	14199	9.11
1559	14247	9.14
1560	14233	9.12
1561	14242	9.12
1562	14246	9.12
1563	14316	9.16
1564	14313	9.15
1565	14259	9.11
1566	14259	9.11
1567	14300	9.13
1568	14282	9.11
1569	14293	9.11
1570	14313	9.12
1571	14312	9.11
1572	14311	9.10
1573	14317	9.10
1574	16798	10.67
1575	14354	9.11
1576	14370	9.12
1577	17374	11.02
1578	14344	9.09
1579	15448	9.78
1580	14380	9.10
1581	14387	9.10
1582	14391	9.10
1583	14399	9.10
1584	14401	9.09
1585	14416	9.10
1586	14427	9.10
1587	14431	9.09
1588	14448	9.10
1589	14454	9.10
1590	14462	9.10
1591	14458	9.09
1592	14468	9.09
1593	17651	11.08
1594	14604	9.16
1595	14494	9.09
1596	14501	9.09
1597	14509	9.09
1598	14518	9.09
1599	14530	9.09
1600	16873	10.55
1601	14528	9.07
1602	17964	11.21
1603	14534	9.07
1604	16209	10.11
1605	14564	9.07
1606	14562	9.07
1607	14573	9.07
1608	14606	9.08
1609	14696	9.13
1610	14630	9.09
1611	14634	9.08
1612	14614	9.07
1613	14645	9.08
1614	14656	9.08
1615	14648	9.07
1616	14652	9.07
1617	14680	9.08
1618	14673	9.07
1619	14684	9.07
1620	14699	9.07
1621	14705	9.07
1622	14706	9.07
1623	14724	9.07
1624	14847	9.14
1625	14713	9.05
1626	14731	9.06
1627	14743	9.06
1628	14745	9.06
1629	14750	9.05
1630	14767	9.06
1631	14768	9.05
1632	14768	9.05
1633	14796	9.06
1634	14806	9.06
1635	15862	9.70
1636	14799	9.05
1637	14814	9.05
1638	14819	9.05
1639	14906	9.09
1640	14838	9.05
1641	14856	9.05
1642	14864	9.05
1643	14862	9.05
1644	14876	9.05
1645	14891	9.05
1646	14897	9.05
1647	14900	9.05
1648	14902	9.04
1649	14900	9.04
1650	14917	9.04
1651	21127	12.80
1652	22602	13.68
1653	15787	9.55
1654	15074	9.11
1655	15075	9.11
1656	15089	9.11
1657	15099	9.11
1658	15121	9.12
1659	15131	9.12
1660	15137	9.12
1661	15149	9.12
1662	15154	9.12
1663	15162	9.12
1664	15168	9.12
1665	15329	9.21
1666	15188	9.12
1667	15199	9.12
1668	15210	9.12
1669	15221	9.12
1670	15205	9.10
1671	15226	9.11
1672	15296	9.15
1673	17749	10.61
1674	15238	9.10
1675	18519	11.06
1676	15241	9.09
1677	15247	9.09
1678	15254	9.09
1679	15267	9.09
1680	15288	9.10
1681	15299	9.10
1682	15303	9.10
1683	17074	10.14
1684	15313	9.09
1685	15325	9.09
1686	15330	9.09
1687	15336	9.09
1688	15335	9.08
1689	15342	9.08
1690	15341	9.08
1691	15352	9.08
1692	15353	9.07
1693	15377	9.08
1694	15428	9.11
1695	15372	9.07
1696	15379	9.07
1697	16116	9.50
1698	15397	9.07
1699	15400	9.06
1700	16312	9.60
1701	15430	9.07
1702	15434	9.07
1703	15433	9.06
1704	15449	9.07
1705	15459	9.07
1706	15467	9.07
1707	15476	9.07
1708	15473	9.06
1709	15541	9.09
1710	15501	9.06
1711	15505	9.06
1712	15513	9.06
1713	15521	9.06
1714	15536	9.06
1715	15555	9.07
1716	15540	9.06
1717	15551	9.06
1718	15560	9.06
1719	15559	9.05
1720	15579	9.06
1721	15596	9.06
1722	15589	9.05
1723	15614	9.06
1724	15601	9.05
1725	15614	9.05
1726	15614	9.05
1727	15641	9.06
1728	15642	9.05
1729	15646	9.05
1730	15663	9.05
1731	15669	9.05
1732	15667	9.05
1733	15677	9.05
1734	15692	9.05
1735	15693	9.04
1736	15690	9.04
1737	15763	9.07
1738	15723	9.05
1739	15722	9.04
1740	15727	9.04
1741	15728	9.03
1742	15748	9.04
1743	15739	9.03
1744	15741	9.03
1745	15764	9.03
1746	15764	9.03
1747	15770	9.03
1748	15783	9.03
1749	19101	10.92
1750	15794	9.03
1751	15929	9.10
1752	15815	9.03
1753	15819	9.02
1754	15829	9.02
1755	15838	9.02
1756	15845	9.02
1757	15855	9.02
1758	15843	9.01
1759	15858	9.02
1760	15866	9.01
1761	15875	9.01
1762	15878	9.01
1763	15900	9.02
1764	15902	9.01
1765	15962	9.04
1766	15931	9.02
1767	15911	9.00
1768	16893	9.55
1769	15952	9.02
1770	15965	9.02
1771	17786	10.04
1772	15979	9.02
1773	15986	9.02
1774	15984	9.01
1775	15986	9.01
1776	16002	9.01
1777	15995	9.00
1778	16018	9.01
1779	16094	9.05
1780	16028	9.00
1781	16039	9.01
1782	16049	9.01
1783	16058	9.01
1784	16070	9.01
1785	16074	9.01
1786	16072	9.00
1787	16066	8.99
1788	16096	9.00
1789	16106	9.00
1790	16117	9.00
1791	17806	9.94
1792	16133	9.00
1793	17845	9.95
1794	16139	9.00
1795	16151	9.00
1796	16139	8.99
1797	16165	9.00
1798	16179	9.00
1799	16176	8.99
1800	17181	9.54
1801	16194	8.99
1802	16192	8.99
1803	16202	8.99
1804	16215	8.99
1805	16229	8.99
1806	16227	8.99
1807	16250	8.99
1808	16249	8.99
1809	16255	8.99
1810	16271	8.99
1811	17004	9.39
1812	16291	8.99
1813	16287	8.98
1814	16295	8.98
1815	16296	8.98
1816	16314	8.98
1817	16334	8.99
1818	16323	8.98
1819	16324	8.97
1820	16351	8.98
1821	16362	8.99
1822	16364	8.98
1823	16376	8.98
1824	17334	9.50
1825	16375	8.97
1826	20312	11.12
1827	19027	10.41
1828	16398	8.97
1829	16407	8.97
1830	16411	8.97
1831	16421	8.97
1832	16427	8.97
1833	16433	8.97
1834	16560	9.03
1835	16443	8.96
1836	16463	8.97
1837	16467	8.96
1838	16480	8.97
1839	16479	8.96
1840	16500	8.97
1841	16499	8.96
1842	16503	8.96
1843	16524	8.97
1844	16528	8.96
1845	16538	8.96
1846	19816	10.73
1847	16590	8.98
1848	16559	8.96
1849	16566	8.96
1850	16553	8.95
1851	16575	8.95
1852	16584	8.95
1853	16608	8.96
1854	16599	8.95
1855	16616	8.96
1856	16619	8.95
1857	16633	8.96
1858	16612	8.94
1859	17912	9.64
1860	16781	9.02
1861	17658	9.49
1862	16677	8.96
1863	16665	8.95
1864	16688	8.95
1865	16713	8.96
1866	16716	8.96
1867	16720	8.96
1868	16715	8.95
1869	16725	8.95
1870	16745	8.95
1871	16730	8.94
1872	16756	8.95
1873	16758	8.95
1874	16899	9.02
1875	16783	8.95
1876	16796	8.95
1877	16796	8.95
1878	16797	8.94
1879	16805	8.94
1880	16818	8.95
1881	21843	11.61
1882	16834	8.94
1883	16837	8.94
1884	18975	10.07
1885	16857	8.94
1886	16860	8.94
1887	16864	8.94
1888	16879	8.94
1889	16878	8.93
1890	16893	8.94
1891	16893	8.93
1892	16915	8.94
1893	16916	8.94
1894	16940	8.94
1895	16931	8.93
1896	16931	8.93
1897	16946	8.93
1898	16962	8.94
1899	16967	8.93
1900	18525	9.75
1901	16983	8.93
1902	16995	8.94
1903	17009	8.94
1904	17005	8.93
1905	17013	8.93
1906	17017	8.93
1907	17039	8.93
1908	17038	8.93
1909	17030	8.92
1910	17032	8.92
1911	17058	8.93
1912	18808	9.84
1913	17147	8.96
1914	17083	8.93
1915	17086	8.92
1916	17093	8.92
1917	17099	8.92
1918	17108	8.92
1919	17117	8.92
1920	17133	8.92
1921	17143	8.92
1922	17140	8.92
1923	17163	8.93
1924	17145	8.91
1925	17172	8.92
1926	17183	8.92
1927	17185	8.92
1928	17185	8.91
1929	17199	8.92
1930	17205	8.91
1931	17217	8.92
1932	17220	8.91
1933	17240	8.92
1934	17236	8.91
1935	17250	8.91
1936	17271	8.92
1937	17252	8.91
1938	17266	8.91
1939	17281	8.91
1940	17285	8.91
1941	17288	8.91
1942	17302	8.91
1943	17304	8.91
1944	18904	9.72
1945	18186	9.35
1946	17318	8.90
1947	17331	8.90
1948	17329	8.90
1949	17347	8.90
1950	17351	8.90
1951	17356	8.90
1952	17373	8.90
1953	17377	8.90
1954	17388	8.90
1955	17411	8.91
1956	17402	8.90
1957	17407	8.89
1958	17423	8.90
1959	17434	8.90
1960	18320	9.35
1961	17454	8.90
1962	17453	8.90
1963	17455	8.89
1964	17547	8.93
1965	17472	8.89
1966	17490	8.90
1967	20666	10.51
1968	17496	8.89
1969	18413	9.35
1970	17525	8.90
1971	17523	8.89
1972	17536	8.89
1973	17537	8.89
1974	17550	8.89
1975	17553	8.89
1976	17571	8.89
1977	17571	8.89
1978	17588	8.89
1979	17594	8.89
1980	20885	10.55
1981	17589	8.88
1982	17582	8.87
1983	17597	8.87
1984	17615	8.88
1985	17619	8.88
1986	17621	8.87
1987	17641	8.88
1988	17637	8.87
1989	17694	8.90
1990	17640	8.86
1991	17665	8.87
1992	17700	8.89
1993	17682	8.87
1994	17694	8.87
1995	17706	8.88
1996	17703	8.87
1997	17709	8.87
1998	17729	8.87
1999	17725	8.87
2000	20292	10.15
2001	17827	8.91
2002	17760	8.87
2003	17764	8.87
2004	17773	8.87
2005	17787	8.87
2006	17795	8.87
2007	17798	8.87
2008	18517	9.22
2009	19758	9.83
2010	17819	8.87
2011	17822	8.86
2012	17833	8.86
2013	17917	8.90
2014	18729	9.30
2015	17862	8.86
2016	17875	8.87
2017	18857	9.35
2018	17873	8.86
2019	17887	8.86
2020	17900	8.86
2021	17910	8.86
2022	17907	8.86
2023	17929	8.86
2024	17930	8.86
2025	17936	8.86
2026	17934	8.85
2027	17937	8.85
2028	17942	8.85
2029	17955	8.85
2030	17962	8.85
2031	17975	8.85
2032	17980	8.85
2033	17998	8.85
2034	17991	8.85
2035	17995	8.84
2036	18016	8.85
2037	18023	8.85
2038	18034	8.85
2039	18050	8.85
2040	18030	8.84
2041	18041	8.84
2042	20696	10.14
2043	18042	8.83
2044	18063	8.84
2045	18948	9.27
2046	18090	8.84
2047	18095	8.84
2048	24194	11.81
2049	19069	9.31
2050	22944	11.19
2051	18810	9.17
2052	18795	9.16
2053	18784	9.15
2054	18796	9.15
2055	18816	9.16
2056	18831	9.16
2057	18827	9.15
2058	18851	9.16
2059	18846	9.15
2060	18854	9.15
2061	18861	9.15
2062	18957	9.19
2063	18888	9.16
2064	18886	9.15
2065	18889	9.15
2066	18900	9.15
2067	18909	9.15
2068	18929	9.15
2069	18945	9.16
2070	18953	9.16
2071	19816	9.57
2072	18957	9.15
2073	18962	9.15
2074	18984	9.15
2075	18989	9.15
2076	18995	9.15
2077	18998	9.15
2078	19007	9.15
2079	19039	9.16
2080	19034	9.15
2081	19058	9.16
2082	19065	9.16
2083	19050	9.15
2084	19087	9.16
2085	19073	9.15
2086	19064	9.14
2087	19089	9.15
2088	19068	9.13
2089	19084	9.14
2090	19087	9.13
2091	19089	9.13
2092	19089	9.12
2093	19112	9.13
2094	19124	9.13
2095	19119	9.13
2096	19956	9.52
2097	19210	9.16
2098	19142	9.12
2099	19156	9.13
2100	20772	9.89
2101	19183	9.13
2102	19903	9.47
2103	19212	9.14
2104	19212	9.13
2105	19195	9.12
2106	19217	9.12
2107	19241	9.13
2108	19237	9.13
2109	19256	9.13
2110	19239	9.12
2111	19252	9.12
2112	19280	9.13
2113	19274	9.12
2114	19275	9.12
2115	19293	9.12
2116	19274	9.11
2117	19303	9.12
2118	23518	11.10
2119	19307	9.11
2120	19439	9.17
2121	19319	9.11
2122	19330	9.11
2123	19345	9.11
2124	19367	9.12
2125	19332	9.10
2126	19343	9.10
2127	19363	9.10
2128	19379	9.11
2129	19401	9.11
2130	19398	9.11
2131	19412	9.11
2132	19440	9.12
2133	19419	9.10
2134	19435	9.11
2135	19440	9.11
2136	19459	9.11
2137	19455	9.10
2138	19457	9.10
2139	20940	9.79
2140	21021	9.82
2141	19493	9.10
2142	19498	9.10
2143	19590	9.14
2144	19517	9.10
2145	21647	10.09
2146	19509	9.09
2147	20714	9.65
2148	19517	9.09
2149	19530	9.09
2150	19539	9.09
2151	20430	9.50
2152	19564	9.09
2153	19557	9.08
2154	19579	9.09
2155	19597	9.09
2156	19595	9.09
2157	19593	9.08
2158	19618	9.09
2159	19644	9.10
2160	19624	9.09
2161	19650	9.09
2162	19654	9.09
2163	19661	9.09
2164	21503	9.94
2165	19693	9.10
2166	20455	9.44
2167	19716	9.10
2168	19708	9.09
2169	19715	9.09
2170	19716	9.09
2171	19724	9.09
2172	19719	9.08
2173	19732	9.08
2174	19746	9.08
2175	19758	9.08
2176	19788	9.09
2177	19852	9.12
2178	19812	9.10
2179	19826	9.10
2180	19849	9.11
2181	19850	9.10
2182	19839	9.09
2183	19854	9.09
2184	19859	9.09
2185	19863	9.09
2186	19882	9.10
2187	19878	9.09
2188	19952	9.12
2189	19902	9.09
2190	19904	9.09
2191	20706	9.45
2192	19916	9.09
2193	19935	9.09
2194	19944	9.09
2195	19942	9.09
2196	19951	9.09
2197	19949	9.08
2198	19965	9.08
2199	20062	9.12
2200	22512	10.23
2201	19955	9.07
2202	21772	9.89
2203	21534	9.77
2204	19981	9.07
2205	19970	9.06
2206	19974	9.05
2207	20011	9.07
2208	20004	9.06
2209	20008	9.06
2210	20014	9.06
2211	20032	9.06
2212	20033	9.06
2213	20038	9.05
2214	20054	9.06
2215	20037	9.05
2216	20065	9.05
2217	20073	9.05
2218	20086	9.06
2219	20098	9.06
2220	20097	9.05
2221	20107	9.05
2222	20202	9.09
2223	20124	9.05
2224	20127	9.05
2225	20131	9.05
2226	20159	9.06
2227	20149	9.05
2228	20158	9.05
2229	20169	9.05
2230	20174	9.05
2231	20187	9.05
2232	20190	9.05
2233	20281	9.08
2234	21715	9.72
2235	20222	9.05
2236	20241	9.05
2237	20233	9.04
2238	23533	10.52
2239	20277	9.06
2240	20244	9.04
2241	20253	9.04
2242	20280	9.05
2243	20291	9.05
2244	20397	9.09
2245	20299	9.04
2246	20301	9.04
2247	20312	9.04
2248	20321	9.04
2249	23077	10.26
2250	20320	9.03
2251	20348	9.04
2252	20341	9.03
2253	20361	9.04
2254	20374	9.04
2255	20384	9.04
2256	20387	9.04
2257	23754	10.52
2258	21148	9.37
2259	26168	11.58
2260	20532	9.08
2261	20525	9.08
2262	20525	9.07
2263	20540	9.08
2264	20547	9.08
2265	20556	9.08
2266	20566	9.08
2267	20580	9.08
2268	20580	9.07
2269	20559	9.06
2270	20667	9.10
2271	20570	9.06
2272	20575	9.06
2273	20616	9.07
2274	21374	9.40
2275	20615	9.06
2276	21834	9.59
2277	22819	10.02
2278	20638	9.06
2279	20649	9.06
2280	20705	9.08
2281	20783	9.11
2282	20671	9.06
2283	20668	9.05
2284	20687	9.06
2285	20690	9.05
2286	20702	9.06
2287	20711	9.06
2288	20727	9.06
2289	20721	9.05
2290	21602	9.43
2291	20756	9.06
2292	20826	9.09
2293	20752	9.05
2294	22385	9.76
2295	20784	9.06
2296	20767	9.04
2297	20785	9.05
2298	20802	9.05
2299	20800	9.05
2300	21576	9.38
2301	20803	9.04
2302	20896	9.08
2303	20823	9.04
2304	20845	9.05
2305	20846	9.04
2306	20860	9.05
2307	20879	9.05
2308	20900	9.06
2309	20903	9.05
2310	20909	9.05
2311	20919	9.05
2312	24183	10.46
2313	21012	9.08
2314	20939	9.05
2315	20973	9.06
2316	20968	9.05
2317	20982	9.06
2318	20981	9.05
2319	20988	9.05
2320	21008	9.06
2321	20998	9.05
2322	21014	9.05
2323	21075	9.07
2324	20991	9.03
2325	20992	9.03
2326	21761	9.36
2327	21902	9.41
2328	21015	9.03
2329	21030	9.03
2330	21036	9.03
2331	21039	9.03
2332	21062	9.03
2333	21058	9.03
2334	21137	9.06
2335	21079	9.03
2336	23881	10.22
2337	23403	10.01
2338	21109	9.03
2339	21120	9.03
2340	21112	9.02
2341	21128	9.03
2342	21138	9.03
2343	21144	9.02
2344	21229	9.06
2345	22043	9.40
2346	23905	10.19
2347	24794	10.56
2348	21220	9.04
2349	21231	9.04
2350	21247	9.04
2351	21246	9.04
2352	21253	9.04
2353	21259	9.03
2354	21258	9.03
2355	21309	9.05
2356	21272	9.03
2357	21272	9.03
2358	21276	9.02
2359	21284	9.02
2360	21294	9.02
2361	21324	9.03
2362	21338	9.03
2363	21347	9.03
2364	22224	9.40
2365	21402	9.05
2366	21343	9.02
2367	21324	9.01
2368	21340	9.01
2369	21350	9.01
2370	25541	10.78
2371	22122	9.33
2372	28335	11.95
2373	25344	10.68
2374	22323	9.40
2375	22259	9.37
2376	21436	9.02
2377	24298	10.22
2378	25218	10.60
2379	21405	9.00
2380	21426	9.00
2381	21415	8.99
2382	21426	8.99
2383	21437	9.00
2384	21447	9.00
2385	22260	9.33
2386	21465	9.00
2387	21487	9.00
2388	21480	8.99
2389	21496	9.00
2390	21513	9.00
2391	21514	9.00
2392	21506	8.99
2393	21531	9.00
2394	21533	8.99
2395	21625	9.03
2396	21532	8.99
2397	21544	8.99
2398	21546	8.98
2399	21538	8.98
2400	23892	9.96
2401	21611	9.00
2402	21597	8.99
2403	21620	9.00
2404	21621	8.99
2405	21644	9.00
2406	21697	9.02
2407	21648	8.99
2408	21655	8.99
2409	21666	8.99
2410	21653	8.98
2411	21654	8.98
2412	21668	8.98
2413	21672	8.98
2414	21692	8.99
2415	21706	8.99
2416	21772	9.01
2417	22462	9.29
2418	24295	10.05
2419	23308	9.64
2420	21742	8.98
2421	21777	9.00
2422	21745	8.98
2423	21748	8.98
2424	21764	8.98
2425	21767	8.98
2426	21845	9.00
2427	21793	8.98
2428	21793	8.98
2429	21819	8.98
2430	21802	8.97
2431	21839	8.98
2432	21831	8.98
2433	21858	8.98
2434	21869	8.98
2435	27683	11.37
2436	21986	9.03
2437	21837	8.96
2438	21863	8.97
2439	21885	8.97
2440	21902	8.98
2441	21903	8.97
2442	21918	8.98
2443	21935	8.98
2444	21925	8.97
2445	21927	8.97
2446	21997	8.99
2447	26902	10.99
2448	24139	9.86
2449	22517	9.19
2450	22527	9.19
2451	22537	9.20
2452	22536	9.19
2453	22548	9.19
2454	22563	9.19
2455	22553	9.19
2456	22671	9.23
2457	22624	9.21
2458	22604	9.20
2459	22612	9.20
2460	22641	9.20
2461	22785	9.26
2462	22615	9.19
2463	22632	9.19
2464	22798	9.25
2465	22675	9.20
2466	22743	9.22
2467	22696	9.20
2468	22697	9.20
2469	22690	9.19
2470	22712	9.20
2471	22743	9.20
2472	22741	9.20
2473	22741	9.20
2474	22754	9.20
2475	22743	9.19
2476	22863	9.23
2477	22775	9.19
2478	22776	9.19
2479	22806	9.20
2480	22786	9.19
2481	22823	9.20
2482	22814	9.19
2483	22811	9.19
2484	22814	9.18
2485	22850	9.20
2486	22934	9.23
2487	22859	9.19
2488	22806	9.17
2489	22844	9.18
2490	22875	9.19
2491	22876	9.18
2492	22880	9.18
2493	22894	9.18
2494	22908	9.19
2495	22979	9.21
2496	22900	9.17
2497	22896	9.17
2498	22882	9.16
2499	22912	9.17
2500	22936	9.17
2501	22924	9.17
2502	22944	9.17
2503	22954	9.17
2504	22930	9.16
2505	23027	9.19
2506	22962	9.16
2507	22965	9.16
2508	22969	9.16
2509	22984	9.16
2510	22991	9.16
2511	23013	9.16
2512	23051	9.18
2513	23104	9.19
2514	22996	9.15
2515	23156	9.21
2516	23010	9.15
2517	23023	9.15
2518	23040	9.15
2519	23251	9.23
2520	23063	9.15
2521	23108	9.17
2522	23095	9.16
2523	23119	9.16
2524	23189	9.19
2525	23153	9.17
2526	23147	9.16
2527	23144	9.16
2528	23192	9.17
2529	23240	9.19
2530	23157	9.15
2531	23179	9.16
2532	23195	9.16
2533	23218	9.17
2534	23256	9.18
2535	23212	9.16
2536	23222	9.16
2537	23205	9.15
2538	23248	9.16
2539	23250	9.16
2540	23258	9.16
2541	23245	9.15
2542	23260	9.15
2543	23296	9.16
2544	24506	9.63
2545	23266	9.14
2546	27499	10.80
2547	22731	8.92
2548	22771	8.94
2549	22788	8.94
2550	22779	8.93
2551	22776	8.93
2552	22792	8.93
2553	22883	8.96
2554	22831	8.94
2555	22843	8.94
2556	22828	8.93
2557	22846	8.93
2558	22860	8.94
2559	22882	8.94
2560	22876	8.94
2561	23955	9.35
2562	23662	9.24
2563	22937	8.95
2564	22873	8.92
2565	22889	8.92
2566	22881	8.92
2567	24360	9.49
2568	22937	8.93
2569	22911	8.92
2570	22930	8.92
2571	22878	8.90
2572	22996	8.94
2573	22910	8.90
2574	23650	9.19
2575	22924	8.90
2576	26189	10.17
2577	22952	8.91
2578	22944	8.90
2579	22943	8.90
2580	22962	8.90
2581	22981	8.90
2582	23033	8.92
2583	23130	8.95
2584	23007	8.90
2585	23039	8.91
2586	23032	8.91
2587	23034	8.90
2588	23044	8.90
2589	23053	8.90
2590	23055	8.90
2591	23088	8.91
2592	23136	8.93
2593	23076	8.90
2594	23098	8.90
2595	23085	8.90
2596	23092	8.90
2597	23098	8.89
2598	23110	8.90
2599	23126	8.90
2600	24861	9.56
2601	23214	8.93
2602	23170	8.90
2603	23170	8.90
2604	23177	8.90
2605	23182	8.90
2606	23197	8.90
2607	23209	8.90
2608	23198	8.89
2609	23216	8.90
2610	23249	8.91
2611	25720	9.85
2612	23258	8.90
2613	23253	8.90
2614	23260	8.90
2615	23260	8.89
2616	23262	8.89
2617	23302	8.90
2618	24163	9.23
2619	23306	8.90
2620	23312	8.90
2621	23321	8.90
2622	23339	8.90
2623	23347	8.90
2624	23366	8.90
2625	23345	8.89
2626	23353	8.89
2627	23368	8.90
2628	23471	8.93
2629	23344	8.88
2630	23507	8.94
2631	23451	8.91
2632	25745	9.78
2633	24164	9.18
2634	23464	8.91
2635	23449	8.90
2636	23441	8.89
2637	23444	8.89
2638	23454	8.89
2639	28848	10.93
2640	23512	8.91
2641	26074	9.87
2642	23554	8.92
2643	23572	8.92
2644	23585	8.92
2645	23586	8.92
2646	23583	8.91
2647	23602	8.92
2648	23627	8.92
2649	23619	8.92
2650	23619	8.91
2651	23608	8.91
2652	23642	8.91
2653	23627	8.91
2654	23645	8.91
2655	23631	8.90
2656	26762	10.08
2657	23663	8.91
2658	23680	8.91
2659	23669	8.90
2660	23685	8.90
2661	23697	8.91
2662	23702	8.90
2663	23717	8.91
2664	23697	8.90
2665	23717	8.90
2666	23717	8.90
2667	23753	8.91
2668	24626	9.23
2669	23767	8.90
2670	24489	9.17
2671	23690	8.87
2672	23680	8.86
2673	23711	8.87
2674	23720	8.87
2675	23715	8.87
2676	23813	8.90
2677	23880	8.92
2678	23786	8.88
2679	23807	8.89
2680	23835	8.89
2681	23808	8.88
2682	23847	8.89
2683	23848	8.89
2684	23838	8.88
2685	23858	8.89
2686	23941	8.91
2687	23865	8.88
2688	23881	8.88
2689	23885	8.88
2690	23893	8.88
2691	23881	8.87
2692	23905	8.88
2693	23925	8.88
2694	23945	8.89
2695	23981	8.90
2696	23911	8.87
2697	23914	8.87
2698	23931	8.87
2699	23914	8.86
2700	25671	9.51
2701	23947	8.87
2702	23949	8.86
2703	23962	8.86
2704	24051	8.89
2705	24002	8.87
2706	24004	8.87
2707	24028	8.88
2708	24007	8.87
2709	24032	8.87
2710	24035	8.87
2711	24051	8.87
2712	25945	9.57
2713	24224	8.93
2714	24064	8.87
2715	24051	8.86
2716	24077	8.86
2717	24095	8.87
2718	24088	8.86
2719	24091	8.86
2720	24099	8.86
2721	24092	8.85
2722	24241	8.91
2723	24133	8.86
2724	24112	8.85
2725	24131	8.86
2726	24137	8.85
2727	24176	8.87
2728	26475	9.70
2729	23989	8.79
2730	23983	8.78
2731	28126	10.30
2732	24040	8.80
2733	24048	8.80
2734	24047	8.80
2735	24051	8.79
2736	24063	8.79
2737	24061	8.79
2738	24136	8.82
2739	24072	8.79
2740	24081	8.79
2741	24100	8.79
2742	24087	8.78
2743	24105	8.79
2744	24123	8.79
2745	24124	8.79
2746	24104	8.78
2747	27121	9.87
2748	24119	8.78
2749	25117	9.14
2750	24210	8.80
2751	24188	8.79
2752	24232	8.81
2753	24166	8.78
2754	24185	8.78
2755	24187	8.78
2756	24205	8.78
2757	24215	8.78
2758	24223	8.78
2759	24280	8.80
2760	24239	8.78
2761	24261	8.79
2762	25111	9.09
2763	24272	8.78
2764	25035	9.06
2765	24287	8.78
2766	24290	8.78
2767	24314	8.79
2768	24330	8.79
2769	24306	8.78
2770	24300	8.77
2771	24312	8.77
2772	24326	8.78
2773	24328	8.77
2774	24406	8.80
2775	25213	9.09
2776	24375	8.78
2777	24363	8.77
2778	24382	8.78
2779	24385	8.77
2780	24385	8.77
2781	24402	8.77
2782	24410	8.77
2783	24446	8.78
2784	25245	9.07
2785	24411	8.77
2786	24467	8.78
2787	24416	8.76
2788	24446	8.77
2789	24454	8.77
2790	24442	8.76
2791	24463	8.76
2792	24541	8.79
2793	24484	8.77
2794	24490	8.77
2795	24489	8.76
2796	24526	8.77
2797	24517	8.77
2798	24521	8.76
2799	24515	8.76
2800	25294	9.03
2801	24632	8.79
2802	24588	8.78
2803	24595	8.77
2804	24592	8.77
2805	24593	8.77
2806	26182	9.33
2807	24607	8.77
2808	24627	8.77
2809	26358	9.38
2810	24622	8.76
2811	24633	8.76
2812	24635	8.76
2813	24650	8.76
2814	24644	8.76
2815	24659	8.76
2816	24673	8.76
2817	24685	8.76
2818	24689	8.76
2819	24745	8.78
2820	24705	8.76
2821	24705	8.76
2822	24765	8.78
2823	24714	8.75
2824	24735	8.76
2825	24742	8.76
2826	24769	8.76
2827	24757	8.76
2828	24767	8.76
2829	24792	8.76
2830	27081	9.57
2831	25559	9.03
2832	24773	8.75
2833	24923	8.80
2834	24855	8.77
2835	24870	8.77
2836	24934	8.79
2837	29432	10.37
2838	25842	9.11
2839	24969	8.79
2840	24890	8.76
2841	24894	8.76
2842	24895	8.76
2843	24910	8.76
2844	24932	8.77
2845	24923	8.76
2846	24931	8.76
2847	24915	8.75
2848	24981	8.77
2849	24950	8.76
2850	24959	8.76
2851	24966	8.76
2852	26555	9.31
2853	26880	9.42
2854	24988	8.76
2855	25009	8.76
2856	25026	8.76
2857	25070	8.77
2858	25031	8.76
2859	25039	8.76
2860	25049	8.76
2861	25051	8.76
2862	25047	8.75
2863	25121	8.77
2864	25914	9.05
2865	25076	8.75
2866	25105	8.76
2867	25105	8.76
2868	25113	8.76
2869	25123	8.76
2870	25870	9.01
2871	25129	8.75
2872	25968	9.04
2873	25114	8.74
2874	25134	8.75
2875	25124	8.74
2876	25130	8.74
2877	25166	8.75
2878	25154	8.74
2879	25173	8.74
2880	25195	8.75
2881	25211	8.75
2882	25207	8.75
2883	25268	8.76
2884	25199	8.74
2885	25206	8.74
2886	25264	8.75
2887	25254	8.75
2888	25261	8.75
2889	25269	8.75
2890	25266	8.74
2891	25277	8.74
2892	25282	8.74
2893	25302	8.75
2894	25304	8.74
2895	26390	9.12
2896	26784	9.25
2897	25325	8.74
2898	26089	9.00
2899	25359	8.75
2900	26207	9.04
2901	25335	8.73
2902	25355	8.74
2903	25357	8.73
2904	25372	8.74
2905	25391	8.74
2906	25409	8.74
2907	25392	8.73
2908	25393	8.73
2909	25441	8.75
2910	25442	8.74
2911	25423	8.73
2912	25436	8.73
2913	25445	8.73
2914	25449	8.73
2915	26698	9.16
2916	25489	8.74
2917	25499	8.74
2918	25494	8.74
2919	25509	8.74
2920	25499	8.73
2921	25518	8.74
2922	25533	8.74
2923	25545	8.74
2924	25597	8.75
2925	25560	8.74
2926	25558	8.73
2927	25580	8.74
2928	25567	8.73
2929	27888	9.52
2930	25623	8.75
2931	25573	8.73
2932	25675	8.76
2933	25625	8.74
2934	25648	8.74
2935	25707	8.76
2936	25656	8.74
2937	25688	8.75
2938	28506	9.70
2939	26678	9.08
2940	27033	9.19
2941	25650	8.72
2942	25659	8.72
2943	25690	8.73
2944	25709	8.73
2945	25656	8.71
2946	25692	8.72
2947	25719	8.73
2948	25729	8.73
2949	25731	8.73
2950	25740	8.73
2951	25761	8.73
2952	25824	8.75
2953	25787	8.73
2954	27810	9.41
2955	25768	8.72
2956	25789	8.72
2957	25794	8.72
2958	25876	8.75
2959	25825	8.73
2960	25832	8.73
2961	26592	8.98
2962	25811	8.71
2963	25840	8.72
2964	25848	8.72
2965	26568	8.96
2966	25898	8.73
2967	25850	8.71
2968	25852	8.71
2969	25945	8.74
2970	25928	8.73
2971	25927	8.73
2972	25933	8.73
2973	26875	9.04
2974	25929	8.72
2975	26016	8.74
2976	25988	8.73
2977	25985	8.73
2978	26054	8.75
2979	26015	8.73
2980	26038	8.74
2981	26053	8.74
2982	26061	8.74
2983	29267	9.81
2984	26002	8.71
2985	26018	8.72
2986	26080	8.73
2987	26005	8.71
2988	26014	8.71
2989	26036	8.71
2990	26042	8.71
2991	26078	8.72
2992	26066	8.71
2993	26054	8.70
2994	26093	8.72
2995	26086	8.71
2996	26103	8.71
2997	28760	9.60
2998	26112	8.71
2999	28420	9.48
3000	27587	9.20
3001	26115	8.70
3002	26134	8.71
3003	26133	8.70
3004	26140	8.70
3005	26145	8.70
3006	26143	8.70
3007	26171	8.70
3008	26165	8.70
3009	26215	8.71
3010	26194	8.70
3011	26288	8.73
3012	26248	8.71
3013	26254	8.71
3014	26261	8.71
3015	26264	8.71
3016	26281	8.71
3017	26292	8.71
3018	26279	8.71
3019	26356	8.73
3020	26307	8.71
3021	26266	8.69
3022	26279	8.70
3023	26305	8.70
3024	26310	8.70
3025	27172	8.98
3026	26315	8.70
3027	26325	8.70
3028	28791	9.51
3029	28177	9.30
3030	26351	8.70
3031	26347	8.69
3032	26344	8.69
3033	26464	8.73
3034	26410	8.70
3035	26399	8.70
3036	26686	8.79
3037	26423	8.70
3038	27580	9.08
3039	26426	8.70
3040	26425	8.69
3041	26454	8.70
3042	26449	8.69
3043	26478	8.70
3044	26526	8.71
3045	26487	8.70
3046	26518	8.71
3047	26531	8.71
3048	26532	8.70
3049	26527	8.70
3050	27362	8.97
3051	29103	9.54
3052	26631	8.73
3053	26587	8.71
3054	26581	8.70
3055	26593	8.70
3056	26601	8.70
3057	26617	8.71
3058	26622	8.71
3059	26637	8.71
3060	26636	8.70
3061	26750	8.74
3062	27694	9.04
3063	26651	8.70
3064	26674	8.71
3065	26675	8.70
3066	26670	8.70
3067	26690	8.70
3068	29806	9.72
3069	26763	8.72
3070	27477	8.95
3071	26685	8.69
3072	26690	8.69
3073	26702	8.69
3074	26712	8.69
3075	26721	8.69
3076	26730	8.69
3077	26725	8.69
3078	26735	8.69
3079	26719	8.68
3080	26744	8.68
3081	26735	8.68
3082	26730	8.67
3083	26761	8.68
3084	26769	8.68
3085	26777	8.68
3086	26777	8.68
3087	26763	8.67
3088	26748	8.66
3089	26791	8.67
3090	26796	8.67
3091	26804	8.67
3092	26816	8.67
3093	26789	8.66
3094	27664	8.94
3095	26874	8.68
3096	29689	9.59
3097	26911	8.69
3098	26909	8.69
3099	26915	8.69
3100	27650	8.92
3101	26919	8.68
3102	27651	8.91
3103	26912	8.67
3104	26944	8.68
3105	26946	8.68
3106	26958	8.68
3107	26954	8.68
3108	26966	8.68
3109	26958	8.67
3110	26977	8.67
3111	26955	8.66
3112	27000	8.68
3113	26998	8.67
3114	27010	8.67
3115	27017	8.67
3116	27021	8.67
3117	27020	8.67
3118	27103	8.69
3119	27051	8.67
3120	27051	8.67
3121	27060	8.67
3122	27080	8.67
3123	27082	8.67
3124	27081	8.67
3125	27105	8.67
3126	28852	9.23
3127	27104	8.67
3128	29346	9.38
3129	27126	8.67
3130	27155	8.68
3131	27167	8.68
3132	28001	8.94
3133	29700	9.48
3134	29310	9.35
3135	27173	8.67
3136	27180	8.67
3137	27176	8.66
3138	27183	8.66
3139	27191	8.66
3140	27195	8.66
3141	27214	8.66
3142	27232	8.67
3143	27224	8.66
3144	27226	8.66
3145	28082	8.93
3146	28778	9.15
3147	29359	9.33
3148	27274	8.66
3149	27296	8.67
3150	27370	8.69
3151	30005	9.52
3152	28011	8.89
3153	27287	8.65
3154	27305	8.66
3155	30452	9.65
3156	27317	8.66
3157	27355	8.66
3158	27471	8.70
3159	27314	8.65
3160	27348	8.65
3161	27360	8.66
3162	27360	8.65
3163	27359	8.65
3164	27370	8.65
3165	28189	8.91
3166	27386	8.65
3167	27386	8.65
3168	27389	8.65
3169	27408	8.65
3170	27429	8.65
3171	27449	8.66
3172	27440	8.65
3173	27445	8.65
3174	28408	8.95
3175	27431	8.64
3176	27454	8.64
3177	27461	8.64
3178	27485	8.65
3179	27478	8.64
3180	27473	8.64
3181	27511	8.65
3182	27619	8.68
3183	27509	8.64
3184	27510	8.64
3185	27540	8.65
3186	27554	8.65
3187	27563	8.65
3188	27575	8.65
3189	27577	8.65
3190	27647	8.67
3191	27589	8.65
3192	27574	8.64
3193	27601	8.64
3194	27634	8.65
3195	27623	8.65
3196	27619	8.64
3197	27608	8.64
3198	27700	8.66
3199	27662	8.65
3200	27668	8.65
3201	27643	8.64
3202	27673	8.64
3203	27689	8.64
3204	27703	8.65
3205	27759	8.66
3206	27691	8.64
3207	27694	8.64
3208	27697	8.63
3209	27706	8.63
3210	27706	8.63
3211	27707	8.63
3212	37147	11.57
3213	27727	8.63
3214	27899	8.68
3215	28617	8.90
3216	27787	8.64
3217	28454	8.84
3218	27744	8.62
3219	27717	8.61
3220	27752	8.62
3221	27893	8.66
3222	27809	8.63
3223	27835	8.64
3224	27811	8.63
3225	42545	13.19
3226	51074	15.83
3227	34840	10.80
3228	34832	10.79
3229	39399	12.20
3230	41087	12.72
3231	39601	12.26
3232	34934	10.81
3233	34900	10.79
3234	34960	10.81
3235	32065	9.91
3236	31652	9.78
3237	31125	9.62
3238	31136	9.62
3239	30584	9.44
3240	28160	8.69
3241	28172	8.69
3242	28184	8.69
3243	28194	8.69
3244	28209	8.70
3245	28220	8.70
3246	28190	8.68
3247	28242	8.70
3248	28191	8.68
3249	28192	8.68
3250	28222	8.68
3251	28235	8.69
3252	28223	8.68
3253	28247	8.68
3254	28266	8.69
3255	28254	8.68
3256	28276	8.68
3257	28267	8.68
3258	28295	8.68
3259	29242	8.97
3260	31294	9.60
3261	28310	8.68
3262	28271	8.67
3263	28370	8.69
3264	28334	8.68
3265	28346	8.68
3266	28431	8.71
3267	28351	8.68
3268	28351	8.68
3269	28370	8.68
3270	28403	8.69
3271	28374	8.67
3272	28390	8.68
3273	28386	8.67
3274	28434	8.68
3275	28404	8.67
3276	28461	8.69
3277	28417	8.67
3278	28445	8.68
3279	28415	8.67
3280	28447	8.67
3281	28446	8.67
3282	37139	11.32
3283	28584	8.71
3284	28597	8.71
3285	28604	8.71
3286	28568	8.69
3287	28591	8.70
3288	28582	8.69
3289	28587	8.69
3290	28811	8.76
3291	28631	8.70
3292	28627	8.70
3293	28615	8.69
3294	28651	8.70
3295	28646	8.69
3296	28661	8.70
3297	28710	8.71
3298	28676	8.69
3299	28686	8.70
3300	30310	9.18
3301	28698	8.69
3302	30323	9.18
3303	28740	8.70
3304	28785	8.71
3305	28812	8.72
3306	28705	8.68
3307	33030	9.99
3308	28769	8.70
3309	28792	8.70
3310	28780	8.69
3311	28762	8.69
3312	28800	8.70
3313	28898	8.72
3314	28824	8.70
3315	31107	9.38
3316	28845	8.70
3317	28819	8.69
3318	28847	8.69
3319	28868	8.70
3320	28949	8.72
3321	28881	8.70
3322	28891	8.70
3323	28919	8.70
3324	28885	8.69
3325	28980	8.72
3326	32334	9.72
3327	28899	8.69
3328	28927	8.69
3329	28945	8.69
3330	28933	8.69
3331	28935	8.69
3332	28963	8.69
3333	28974	8.69
3334	28965	8.69
3335	29963	8.98
3336	33011	9.90
3337	29248	8.76
3338	31614	9.47
3339	28923	8.66
3340	28946	8.67
3341	28955	8.67
3342	28972	8.67
3343	29020	8.68
3344	29004	8.67
3345	29037	8.68
3346	29043	8.68
3347	29037	8.68
3348	29046	8.68
3349	29038	8.67
3350	31783	9.49
3351	29057	8.67
3352	29082	8.68
3353	29060	8.67
3354	29086	8.67
3355	29111	8.68
3356	29093	8.67
3357	29115	8.67
3358	35987	10.72
3359	29820	8.88
3360	30094	8.96
3361	29090	8.66
3362	29117	8.66
3363	29112	8.66
3364	29127	8.66
3365	29163	8.67
3366	29957	8.90
3367	29154	8.66
3368	29168	8.66
3369	29161	8.66
3370	29171	8.66
3371	29183	8.66
3372	29200	8.66
3373	29290	8.68
3374	29218	8.66
3375	29215	8.66
3376	29218	8.65
3377	29231	8.66
3378	29227	8.65
3379	29252	8.66
3380	29347	8.68
3381	29249	8.65
3382	29271	8.65
3383	29272	8.65
3384	32762	9.68
3385	29297	8.65
3386	29306	8.66
3387	29315	8.66
3388	29951	8.84
3389	29377	8.67
3390	32324	9.54
3391	29326	8.65
3392	29314	8.64
3393	29330	8.64
3394	29320	8.64
3395	29416	8.66
3396	29358	8.64
3397	29360	8.64
3398	29438	8.66
3399	29434	8.66
3400	31115	9.15
3401	29427	8.65
3402	29503	8.67
3403	29457	8.66
3404	29466	8.66
3405	29483	8.66
3406	29480	8.66
3407	29488	8.66
3408	29491	8.65
3409	29514	8.66
3410	29576	8.67
3411	29514	8.65
3412	29519	8.65
3413	29535	8.65
3414	32001	9.37
3415	29548	8.65
3416	29520	8.64
3417	29636	8.67
3418	29596	8.66
3419	29573	8.65
3420	29563	8.64
3421	29591	8.65
3422	29599	8.65
3423	29608	8.65
3424	29618	8.65
3425	33560	9.80
3426	29676	8.66
3427	29675	8.66
3428	29701	8.66
3429	29700	8.66
3430	29708	8.66
3431	29719	8.66
3432	29791	8.68
3433	29715	8.66
3434	29700	8.65
3435	33371	9.71
3436	31996	9.31
3437	30833	8.97
3438	29692	8.64
3439	29789	8.66
3440	29758	8.65
3441	29745	8.64
3442	29734	8.64
3443	29754	8.64
3444	29773	8.64
3445	29760	8.64
3446	29762	8.64
3447	29827	8.65
3448	29817	8.65
3449	31406	9.11
3450	31371	9.09
3451	29790	8.63
3452	29795	8.63
3453	29847	8.64
3454	29895	8.66
3455	29820	8.63
3456	29806	8.62
3457	29818	8.63
3458	30686	8.87
3459	31677	9.16
3460	29865	8.63
3461	29957	8.66
3462	29922	8.64
3463	29891	8.63
3464	29921	8.64
3465	30877	8.91
3466	29904	8.63
3467	29913	8.63
3468	29967	8.64
3469	30079	8.67
3470	29957	8.63
3471	29938	8.63
3472	29915	8.62
3473	29994	8.64
3474	29981	8.63
3475	30003	8.63
3476	30066	8.65
3477	30070	8.65
3478	30052	8.64
3479	30074	8.64
3480	30090	8.65
3481	30091	8.64
3482	30103	8.65
3483	30153	8.66
3484	30093	8.64
3485	30075	8.63
3486	30119	8.64
3487	30111	8.64
3488	30129	8.64
3489	30164	8.65
3490	30131	8.63
3491	30253	8.67
3492	30161	8.64
3493	30142	8.63
3494	30153	8.63
3495	30163	8.63
3496	30188	8.64
3497	30169	8.63
3498	30254	8.65
3499	30230	8.64
3500	32058	9.16
3501	30218	8.63
3502	30233	8.63
3503	30222	8.63
3504	30236	8.63
3505	30396	8.67
3506	30244	8.63
3507	30236	8.62
3508	30282	8.63
3509	30271	8.63
3510	30276	8.63
3511	30309	8.63
3512	30410	8.66
3513	30328	8.63
3514	30314	8.63
3515	30315	8.62
3516	30343	8.63
3517	30346	8.63
3518	30324	8.62
3519	30356	8.63
3520	30438	8.65
3521	30395	8.63
3522	30392	8.63
3523	30381	8.62
3524	31260	8.87
3525	32734	9.29
3526	30410	8.62
3527	30431	8.63
3528	31656	8.97
3529	30421	8.62
3530	30429	8.62
3531	31928	9.04
3532	33010	9.35
3533	32598	9.23
3534	31388	8.88
3535	30475	8.62
3536	30482	8.62
3537	30504	8.62
3538	30486	8.62
3539	30498	8.62
3540	30534	8.63
3541	30595	8.64
3542	30547	8.62
3543	30564	8.63
3544	30562	8.62
3545	32325	9.12
3546	30555	8.62
3547	30588	8.62
3548	30666	8.64
3549	30604	8.62
3550	30596	8.62
3551	30607	8.62
3552	30618	8.62
3553	30647	8.63
3554	31481	8.86
3555	30723	8.64
3556	30665	8.62
3557	30656	8.62
3558	30631	8.61
3559	30650	8.61
3560	30633	8.60
3561	31656	8.89
3562	30764	8.64
3563	30732	8.63
3564	30741	8.63
3565	30760	8.63
3566	30770	8.63
3567	30800	8.63
3568	30806	8.63
3569	30825	8.64
3570	30812	8.63
3571	30813	8.63
3572	30784	8.62
3573	30804	8.62
3574	30809	8.62
3575	30824	8.62
3576	30882	8.64
3577	30837	8.62
3578	30830	8.62
3579	30841	8.62
3580	30862	8.62
3581	30865	8.62
3582	30854	8.61
3583	30860	8.61
3584	30875	8.61
3585	30908	8.62
3586	30888	8.61
3587	30907	8.62
3588	30907	8.61
3589	30890	8.61
3590	30909	8.61
3591	30968	8.62
3592	30925	8.61
3593	30918	8.61
3594	30929	8.61
3595	30947	8.61
3596	34787	9.67
3597	30984	8.61
3598	31019	8.62
3599	31001	8.61
3600	32830	9.12
3601	31033	8.62
3602	31032	8.62
3603	31046	8.62
3604	31060	8.62
3605	31138	8.64
3606	32917	9.13
3607	31944	8.86
3608	31800	8.81
3609	31075	8.61
3610	31093	8.61
3611	31104	8.61
3612	31102	8.61
3613	31097	8.61
3614	31093	8.60
3615	31102	8.60
3616	31144	8.61
3617	31162	8.62
3618	31134	8.61
3619	31174	8.61
3620	31174	8.61
3621	31178	8.61
3622	31165	8.60
3623	31183	8.61
3624	34477	9.51
3625	31183	8.60
3626	31288	8.63
3627	34130	9.41
3628	32382	8.93
3629	31194	8.60
3630	31204	8.60
3631	31187	8.59
3632	31212	8.59
3633	31256	8.60
3634	31233	8.59
3635	31214	8.59
3636	32435	8.92
3637	31259	8.59
3638	31231	8.58
3639	33069	9.09
3640	31424	8.63
3641	31313	8.60
3642	31309	8.60
3643	31304	8.59
3644	31298	8.59
3645	32059	8.80
3646	31310	8.59
3647	31358	8.60
3648	32201	8.83
3649	31334	8.59
3650	31340	8.59
3651	31355	8.59
3652	31351	8.58
3653	31388	8.59
3654	31420	8.60
3655	32209	8.81
3656	31392	8.59
3657	31382	8.58
3658	31400	8.58
3659	31411	8.58
3660	31405	8.58
3661	31575	8.62
3662	31449	8.59
3663	31459	8.59
3664	31463	8.59
3665	31465	8.59
3666	31472	8.58
3667	31483	8.59
3668	31521	8.59
3669	31513	8.59
3670	31516	8.59
3671	31518	8.59
3672	31516	8.58
3673	31535	8.59
3674	31545	8.59
3675	31553	8.59
3676	35830	9.75
3677	33305	9.06
3678	31581	8.59
3679	31599	8.59
3680	31598	8.59
3681	31747	8.62
3682	31598	8.58
3683	31606	8.58
3684	31622	8.58
3685	32416	8.80
3686	31650	8.59
3687	31657	8.59
3688	31670	8.59
3689	31674	8.59
3690	31690	8.59
3691	31686	8.58
3692	31723	8.59
3693	31708	8.59
3694	31715	8.59
3695	31836	8.62
3696	31734	8.59
3697	31736	8.58
3698	31740	8.58
3699	31754	8.58
3700	33600	9.08
3701	31756	8.58
3702	31804	8.59
3703	31774	8.58
3704	31792	8.58
3705	31798	8.58
3706	31797	8.58
3707	31818	8.58
3708	31821	8.58
3709	31961	8.62
3710	31837	8.58
3711	31837	8.58
3712	31821	8.57
3713	31874	8.58
3714	31879	8.58
3715	31876	8.58
3716	31896	8.58
3717	31914	8.59
3718	31926	8.59
3719	31925	8.58
3720	31934	8.58
3721	31958	8.59
3722	31957	8.59
3723	38441	10.33
3724	31950	8.58
3725	31944	8.58
3726	31983	8.58
3727	31976	8.58
3728	31988	8.58
3729	32802	8.80
3730	33713	9.04
3731	32946	8.83
3732	31969	8.57
3733	31977	8.57
3734	31985	8.57
3735	31980	8.56
3736	32017	8.57
3737	32045	8.58
3738	32045	8.57
3739	32059	8.57
3740	32073	8.58
3741	32811	8.77
3742	32126	8.59
3743	32206	8.60
3744	37922	10.13
3745	32095	8.57
3746	32092	8.57
3747	34874	9.31
3748	32129	8.57
3749	32130	8.57
3750	32239	8.60
3751	32121	8.56
3752	32143	8.57
3753	32145	8.57
3754	33250	8.86
3755	32113	8.55
3756	32149	8.56
3757	33125	8.82
3758	32123	8.55
3759	32151	8.55
3760	32153	8.55
3761	32179	8.56
3762	32184	8.56
3763	32246	8.57
3764	32224	8.56
3765	32200	8.55
3766	32205	8.55
3767	32219	8.55
3768	32238	8.56
3769	33136	8.79
3770	32429	8.60
3771	32282	8.56
3772	32311	8.57
3773	32298	8.56
3774	32323	8.56
3775	32341	8.57
3776	32329	8.56
3777	32465	8.60
3778	32344	8.56
3779	32359	8.56
3780	32380	8.57
3781	32319	8.55
3782	32321	8.55
3783	32428	8.57
3784	32340	8.55
3785	32343	8.55
3786	32355	8.55
3787	32354	8.54
3788	32359	8.54
3789	32366	8.54
3790	32497	8.57
3791	32379	8.54
3792	32376	8.54
3793	32391	8.54
3794	32374	8.53
3795	32398	8.54
3796	32421	8.54
3797	32422	8.54
3798	32414	8.53
3799	32430	8.54
3800	35067	9.23
3801	32553	8.56
3802	32543	8.56
3803	35743	9.40
3804	32549	8.56
3805	32542	8.55
3806	32552	8.55
3807	32595	8.56
3808	32593	8.56
3809	32611	8.56
3810	32677	8.58
3811	32638	8.56
3812	32593	8.55
3813	32591	8.55
3814	32639	8.56
3815	32631	8.55
3816	33521	8.78
3817	33441	8.76
3818	32661	8.55
3819	32667	8.55
3820	32674	8.55
3821	32672	8.55
3822	32685	8.55
3823	37774	9.88
3824	33726	8.82
3825	32743	8.56
3826	32715	8.55
3827	32721	8.55
3828	32763	8.56
3829	32750	8.55
3830	34618	9.04
3831	36791	9.60
3832	32849	8.57
3833	32781	8.55
3834	32800	8.56
3835	32831	8.56
3836	32826	8.56
3837	32901	8.57
3838	32826	8.55
3839	32836	8.55
3840	32837	8.55
3841	32845	8.55
3842	32856	8.55
3843	33747	8.78
3844	32860	8.55
3845	32885	8.55
3846	32903	8.56
3847	32894	8.55
3848	32902	8.55
3849	32881	8.54
3850	32976	8.57
3851	32920	8.55
3852	33678	8.74
3853	32965	8.56
3854	32975	8.56
3855	32975	8.55
3856	32987	8.55
3857	33054	8.57
3858	34776	9.01
3859	33027	8.56
3860	33019	8.55
3861	33039	8.56
3862	33017	8.55
3863	33186	8.59
3864	33093	8.56
3865	33096	8.56
3866	33105	8.56
3867	33126	8.57
3868	33106	8.56
3869	33101	8.56
3870	33165	8.57
3871	36378	9.40
3872	33094	8.55
3873	33127	8.55
3874	33170	8.56
3875	33147	8.55
3876	33179	8.56
3877	33148	8.55
3878	33170	8.55
3879	33190	8.56
3880	33167	8.55
3881	33191	8.55
3882	33200	8.55
3883	33234	8.56
3884	34077	8.77
3885	34078	8.77
3886	33183	8.54
3887	33217	8.55
3888	33239	8.55
3889	33241	8.55
3890	33384	8.58
3891	33273	8.55
3892	33300	8.56
3893	33311	8.56
3894	33295	8.55
3895	33317	8.55
3896	33315	8.55
3897	33303	8.55
3898	33319	8.55
3899	33328	8.55
3900	34908	8.95
3901	33338	8.55
3902	33344	8.55
3903	33413	8.56
3904	33324	8.54
3905	33300	8.53
3906	33326	8.53
3907	33333	8.53
3908	33342	8.53
3909	33539	8.58
3910	33346	8.53
3911	33383	8.54
3912	33367	8.53
3913	33398	8.54
3914	33399	8.53
3915	34178	8.73
3916	33476	8.55
3917	33483	8.55
3918	33490	8.55
3919	33502	8.55
3920	33503	8.55
3921	33510	8.55
3922	36915	9.41
3923	33479	8.53
3924	33482	8.53
3925	33483	8.53
3926	33490	8.53
3927	33517	8.54
3928	34238	8.72
3929	35481	9.03
3930	36515	9.29
3931	33573	8.54
3932	33544	8.53
3933	33562	8.53
3934	33581	8.54
3935	34512	8.77
3936	33593	8.53
3937	33561	8.52
3938	33569	8.52
3939	33596	8.53
3940	33613	8.53
3941	38456	9.76
3942	33580	8.52
3943	33462	8.49
3944	33483	8.49
3945	33500	8.49
3946	33500	8.49
3947	33505	8.49
3948	33524	8.49
3949	33531	8.49
3950	34463	8.72
3951	35101	8.88
3952	33544	8.49
3953	33554	8.49
3954	33563	8.49
3955	33567	8.49
3956	33569	8.49
3957	33589	8.49
3958	33594	8.49
3959	33602	8.49
3960	33614	8.49
3961	33610	8.49
3962	33627	8.49
3963	33625	8.48
3964	33647	8.49
3965	33647	8.49
3966	33653	8.49
3967	33754	8.51
3968	33757	8.51
3969	33749	8.50
3970	33726	8.50
3971	33723	8.49
3972	33747	8.50
3973	33819	8.51
3974	33733	8.49
3975	33720	8.48
3976	33726	8.48
3977	33733	8.48
3978	33762	8.49
3979	33772	8.49
3980	33868	8.51
3981	33852	8.50
3982	33810	8.49
3983	33814	8.49
3984	33805	8.49
3985	33821	8.49
3986	33897	8.50
3987	33910	8.51
3988	33866	8.49
3989	33850	8.49
3990	33854	8.48
3991	33869	8.49
3992	33884	8.49
3993	33882	8.49
3994	33893	8.49
3995	33886	8.48
3996	33891	8.48
3997	33921	8.49
3998	33889	8.48
3999	33996	8.50
4000	34821	8.71
