N	Total Time	Average CPE
1	319	319.00
2	107	53.50
3	107	35.67
4	108	27.00
5	115	23.00
6	122	20.33
7	126	18.00
8	153	19.12
9	141	15.67
10	146	14.60
11	153	13.91
12	161	13.42
13	167	12.85
14	174	12.43
15	183	12.20
16	188	11.75
17	519	30.53
18	501	27.83
19	500	26.32
20	502	25.10
21	507	24.14
22	514	23.36
23	521	22.65
24	528	22.00
25	578	23.12
26	543	20.88
27	547	20.26
28	554	19.79
29	562	19.38
30	569	18.97
31	574	18.52
32	584	18.25
33	791	23.97
34	785	23.09
35	793	22.66
36	801	22.25
37	808	21.84
38	812	21.37
39	823	21.10
40	821	20.52
41	819	19.98
42	840	20.00
43	850	19.77
44	854	19.41
45	859	19.09
46	870	18.91
47	880	18.72
48	881	18.35
49	888	18.12
50	895	17.90
51	904	17.73
52	910	17.50
53	941	17.75
54	946	17.52
55	955	17.36
56	963	17.20
57	967	16.96
58	973	16.78
59	981	16.63
60	987	16.45
61	994	16.30
62	999	16.11
63	1007	15.98
64	1013	15.83
65	1352	20.80
66	1342	20.33
67	1343	20.04
68	1347	19.81
69	1352	19.59
70	1359	19.41
71	1369	19.28
72	1375	19.10
73	1368	18.74
74	1377	18.61
75	1394	18.59
76	1401	18.43
77	1406	18.26
78	1414	18.13
79	1422	18.00
80	1429	17.86
81	1436	17.73
82	1468	17.90
83	1486	17.90
84	1479	17.61
85	1472	17.32
86	1479	17.20
87	1500	17.24
88	1511	17.17
89	1511	16.98
90	1507	16.74
91	1514	16.64
92	1533	16.66
93	1542	16.58
94	1546	16.45
95	1537	16.18
96	1543	16.07
97	1553	16.01
98	1561	15.93
99	1565	15.81
100	1577	15.77
101	1580	15.64
102	1608	15.76
103	1579	15.33
104	1574	15.13
105	1571	14.96
106	1582	14.92
107	1587	14.83
108	1594	14.76
109	1600	14.68
110	1608	14.62
111	1614	14.54
112	1618	14.45
113	1627	14.40
114	1634	14.33
115	1637	14.23
116	1631	14.06
117	1638	14.00
118	1646	13.95
119	1650	13.87
120	1652	13.77
121	1663	13.74
122	1673	13.71
123	1691	13.75
124	1695	13.67
125	1706	13.65
126	1711	13.58
127	1719	13.54
128	1727	13.49
129	2107	16.33
130	2014	15.49
131	2015	15.38
132	2018	15.29
133	2023	15.21
134	2030	15.15
135	2037	15.09
136	2039	14.99
137	2048	14.95
138	2055	14.89
139	2061	14.83
140	2062	14.73
141	2128	15.09
142	2114	14.89
143	2128	14.88
144	2077	14.42
145	2089	14.41
146	2085	14.28
147	2091	14.22
148	2094	14.15
149	2096	14.07
150	2100	14.00
151	2117	14.02
152	2114	13.91
153	2121	13.86
154	2126	13.81
155	2139	13.80
156	2143	13.74
157	2146	13.67
158	2155	13.64
159	2165	13.62
160	2172	13.57
161	2170	13.48
162	2178	13.44
163	2214	13.58
164	2196	13.39
165	2203	13.35
166	2231	13.44
167	2286	13.69
168	2291	13.64
169	2288	13.54
170	2298	13.52
171	2304	13.47
172	2314	13.45
173	2319	13.40
174	2322	13.34
175	2333	13.33
176	2336	13.27
177	2340	13.22
178	2328	13.08
179	2331	13.02
180	2346	13.03
181	2335	12.90
182	2423	13.31
183	2415	13.20
184	2409	13.09
185	2480	13.41
186	3174	17.06
187	2351	12.57
188	2350	12.50
189	2356	12.47
190	2352	12.38
191	2364	12.38
192	2350	12.24
193	2359	12.22
194	2352	12.12
195	2362	12.11
196	2368	12.08
197	2616	13.28
198	2429	12.27
199	2423	12.18
200	2427	12.13
201	2470	12.29
202	2482	12.29
203	2514	12.38
204	2585	12.67
205	2559	12.48
206	2569	12.47
207	2619	12.65
208	2545	12.24
209	2564	12.27
210	2566	12.22
211	2578	12.22
212	2598	12.25
213	2607	12.24
214	2588	12.09
215	2601	12.10
216	2607	12.07
217	2678	12.34
218	2629	12.06
219	2670	12.19
220	2651	12.05
221	2639	11.94
222	2630	11.85
223	2637	11.83
224	2644	11.80
225	2667	11.85
226	2664	11.79
227	2679	11.80
228	2685	11.78
229	2694	11.76
230	2699	11.73
231	2690	11.65
232	3854	16.61
233	2495	10.71
234	2499	10.68
235	2488	10.59
236	2519	10.67
237	2526	10.66
238	2533	10.64
239	2537	10.62
240	2548	10.62
241	2550	10.58
242	2558	10.57
243	2563	10.55
244	2574	10.55
245	2582	10.54
246	2586	10.51
247	2592	10.49
248	2602	10.49
249	2603	10.45
250	2611	10.44
251	2618	10.43
252	2623	10.41
253	2632	10.40
254	2636	10.38
255	2639	10.35
256	2655	10.37
257	2914	11.34
258	2886	11.19
259	2903	11.21
260	2892	11.12
261	2902	11.12
262	2913	11.12
263	2905	11.05
264	2920	11.06
265	2926	11.04
266	2938	11.05
267	2943	11.02
268	2946	10.99
269	2957	10.99
270	2972	11.01
271	2963	10.93
272	2997	11.02
273	2981	10.92
274	3014	11.00
275	3023	10.99
276	3013	10.92
277	3033	10.95
278	3040	10.94
279	3034	10.87
280	3042	10.86
281	3055	10.87
282	3052	10.82
283	3075	10.87
284	3100	10.92
285	3083	10.82
286	3026	10.58
287	3116	10.86
288	3018	10.48
289	3033	10.49
290	3024	10.43
291	3029	10.41
292	3037	10.40
293	3047	10.40
294	3050	10.37
295	3060	10.37
296	3069	10.37
297	3078	10.36
298	3078	10.33
299	3089	10.33
300	3105	10.35
301	3120	10.37
302	3104	10.28
303	3116	10.28
304	3116	10.25
305	3123	10.24
306	3132	10.24
307	3113	10.14
308	3065	9.95
309	3067	9.93
310	3072	9.91
311	3086	9.92
312	3093	9.91
313	3099	9.90
314	3657	11.65
315	3029	9.62
316	3034	9.60
317	3037	9.58
318	3047	9.58
319	3049	9.56
320	3053	9.54
321	3612	11.25
322	2996	9.30
323	2999	9.28
324	3005	9.27
325	3017	9.28
326	3008	9.23
327	3018	9.23
328	3029	9.23
329	3701	11.25
330	2964	8.98
331	2969	8.97
332	2978	8.97
333	2975	8.93
334	2985	8.94
335	2990	8.93
336	3011	8.96
337	3005	8.92
338	3014	8.92
339	3017	8.90
340	3027	8.90
341	3029	8.88
342	3037	8.88
343	3041	8.87
344	3043	8.85
345	3050	8.84
346	3065	8.86
347	3068	8.84
348	3064	8.80
349	3083	8.83
350	3091	8.83
351	3093	8.81
352	3093	8.79
353	3105	8.80
354	3109	8.78
355	3120	8.79
356	3123	8.77
357	3138	8.79
358	3197	8.93
359	3137	8.74
360	3151	8.75
361	3150	8.73
362	3154	8.71
363	3165	8.72
364	3171	8.71
365	3176	8.70
366	3173	8.67
367	3187	8.68
368	3197	8.69
369	3273	8.87
370	3389	9.16
371	3264	8.80
372	3242	8.72
373	3248	8.71
374	3218	8.60
375	3255	8.68
376	3243	8.62
377	3244	8.60
378	3260	8.62
379	3323	8.77
380	3303	8.69
381	3265	8.57
382	3268	8.55
383	3281	8.57
384	3289	8.57
385	3291	8.55
386	3296	8.54
387	3299	8.52
388	3306	8.52
389	3306	8.50
390	3316	8.50
391	3327	8.51
392	3332	8.50
393	3339	8.50
394	3342	8.48
395	3346	8.47
396	3360	8.48
397	3362	8.47
398	3370	8.47
399	3375	8.46
400	3405	8.51
401	3380	8.43
402	3387	8.43
403	3399	8.43
404	3393	8.40
405	3401	8.40
406	3411	8.40
407	3422	8.41
408	3423	8.39
409	3425	8.37
410	3431	8.37
411	3437	8.36
412	3448	8.37
413	3452	8.36
414	3454	8.34
415	3469	8.36
416	3488	8.38
417	3508	8.41
418	4630	11.08
419	3501	8.36
420	3599	8.57
421	3532	8.39
422	3503	8.30
423	3511	8.30
424	3515	8.29
425	3526	8.30
426	3526	8.28
427	3544	8.30
428	3535	8.26
429	3544	8.26
430	3547	8.25
431	3579	8.30
432	3611	8.36
433	3668	8.47
434	3610	8.32
435	3590	8.25
436	3597	8.25
437	3599	8.24
438	5642	12.88
439	3593	8.18
440	3608	8.20
441	3613	8.19
442	3627	8.21
443	3635	8.21
444	3631	8.18
445	3627	8.15
446	3651	8.19
447	3650	8.17
448	3646	8.14
449	3661	8.15
450	3675	8.17
451	3683	8.17
452	3675	8.13
453	3688	8.14
454	3700	8.15
455	3683	8.09
456	3683	8.08
457	3713	8.12
458	3717	8.12
459	3718	8.10
460	3718	8.08
461	3727	8.08
462	3734	8.08
463	3730	8.06
464	3740	8.06
465	3743	8.05
466	3755	8.06
467	3756	8.04
468	3763	8.04
469	3763	8.02
470	3777	8.04
471	3778	8.02
472	3798	8.05
473	3801	8.04
474	3802	8.02
475	3813	8.03
476	3875	8.14
477	3812	7.99
478	3817	7.99
479	3823	7.98
480	3833	7.99
481	3835	7.97
482	3842	7.97
483	3843	7.96
484	3847	7.95
485	3854	7.95
486	3866	7.95
487	3878	7.96
488	3876	7.94
489	3877	7.93
490	3892	7.94
491	3901	7.95
492	3895	7.92
493	3917	7.95
494	3915	7.93
495	3916	7.91
496	3933	7.93
497	3918	7.88
498	3929	7.89
499	3957	7.93
500	3972	7.94
501	3949	7.88
502	3947	7.86
503	3968	7.89
504	3970	7.88
505	3969	7.86
506	3976	7.86
507	3986	7.86
508	3993	7.86
509	3997	7.85
510	4012	7.87
511	4012	7.85
512	4011	7.83
513	4441	8.66
514	4226	8.22
515	4226	8.21
516	4237	8.21
517	4242	8.21
518	4238	8.18
519	4250	8.19
520	4256	8.18
521	4265	8.19
522	4265	8.17
523	4273	8.17
524	4277	8.16
525	4304	8.20
526	4310	8.19
527	4299	8.16
528	4313	8.17
529	4342	8.21
530	4334	8.18
531	4337	8.17
532	4348	8.17
533	4368	8.20
534	4375	8.19
535	4360	8.15
536	4376	8.16
537	4368	8.13
538	4366	8.12
539	4385	8.14
540	4388	8.13
541	4399	8.13
542	4415	8.15
543	4405	8.11
544	4409	8.10
545	4418	8.11
546	4420	8.10
547	4437	8.11
548	4445	8.11
549	4448	8.10
550	4452	8.09
551	4444	8.07
552	4573	8.28
553	7848	14.19
554	4481	8.09
555	4506	8.12
556	4501	8.10
557	4496	8.07
558	4491	8.05
559	4537	8.12
560	4549	8.12
561	4515	8.05
562	4531	8.06
563	4509	8.01
564	4529	8.03
565	4547	8.05
566	4564	8.06
567	4540	8.01
568	4572	8.05
569	5959	10.47
570	4584	8.04
571	4591	8.04
572	13646	23.86
573	4728	8.25
574	4858	8.46
575	4892	8.51
576	9692	16.83
577	5326	9.23
578	8172	14.14
579	6311	10.90
580	13335	22.99
581	6514	11.21
582	6450	11.08
583	8258	14.16
584	5422	9.28
585	4890	8.36
586	7976	13.61
587	7896	13.45
588	4691	7.98
589	4678	7.94
590	4707	7.98
591	4691	7.94
592	5472	9.24
593	4655	7.85
594	4658	7.84
595	4729	7.95
596	4867	8.17
597	5019	8.41
598	5003	8.37
599	5140	8.58
600	4993	8.32
601	4922	8.19
602	4805	7.98
603	5158	8.55
604	5215	8.63
605	6177	10.21
606	5312	8.77
607	5895	9.71
608	4731	7.78
609	4749	7.80
610	4750	7.79
611	4770	7.81
612	5395	8.82
613	4886	7.97
614	4919	8.01
615	4899	7.97
616	5562	9.03
617	5042	8.17
618	5062	8.19
619	5035	8.13
620	5111	8.24
621	5195	8.37
622	5195	8.35
623	5219	8.38
624	5280	8.46
625	5356	8.57
626	5363	8.57
627	5358	8.55
628	6100	9.71
629	5520	8.78
630	5523	8.77
631	5540	8.78
632	5565	8.81
633	5600	8.85
634	5611	8.85
635	5568	8.77
636	5582	8.78
637	5590	8.78
638	5609	8.79
639	5657	8.85
640	5621	8.78
641	5645	8.81
642	5965	9.29
643	5866	9.12
644	5782	8.98
645	5720	8.87
646	5654	8.75
647	5640	8.72
648	5684	8.77
649	5779	8.90
650	5681	8.74
651	5878	9.03
652	5733	8.79
653	5734	8.78
654	5709	8.73
655	5719	8.73
656	5738	8.75
657	5741	8.74
658	5751	8.74
659	5764	8.75
660	5773	8.75
661	6219	9.41
662	5758	8.70
663	5767	8.70
664	5795	8.73
665	5796	8.72
666	5825	8.75
667	5814	8.72
668	8016	12.00
669	5853	8.75
670	5859	8.74
671	5978	8.91
672	5870	8.74
673	5875	8.73
674	5885	8.73
675	5888	8.72
676	5898	8.72
677	5906	8.72
678	5917	8.73
679	5909	8.70
680	5912	8.69
681	5929	8.71
682	5943	8.71
683	6079	8.90
684	5949	8.70
685	5950	8.69
686	5952	8.68
687	5974	8.70
688	5967	8.67
689	5980	8.68
690	5993	8.69
691	5994	8.67
692	6005	8.68
693	6030	8.70
694	6023	8.68
695	6021	8.66
696	6074	8.73
697	6074	8.71
698	6114	8.76
699	6053	8.66
700	6095	8.71
701	6059	8.64
702	6061	8.63
703	6062	8.62
704	6074	8.63
705	6078	8.62
706	6086	8.62
707	7231	10.23
708	6216	8.78
709	6197	8.74
710	6137	8.64
711	6081	8.55
712	6090	8.55
713	6114	8.58
714	6113	8.56
715	6120	8.56
716	6126	8.56
717	6113	8.53
718	6150	8.57
719	6153	8.56
720	6141	8.53
721	6154	8.54
722	6147	8.51
723	6149	8.50
724	6135	8.47
725	6178	8.52
726	6165	8.49
727	6181	8.50
728	6183	8.49
729	6196	8.50
730	6194	8.48
731	6212	8.50
732	6207	8.48
733	6213	8.48
734	6212	8.46
735	6223	8.47
736	6232	8.47
737	6232	8.46
738	6214	8.42
739	6085	8.23
740	6083	8.22
741	6681	9.02
742	5930	7.99
743	5934	7.99
744	5948	7.99
745	6446	8.65
746	5795	7.77
747	5822	7.79
748	5798	7.75
749	5695	7.60
750	5737	7.65
751	5739	7.64
752	5688	7.56
753	5701	7.57
754	5708	7.57
755	5706	7.56
756	5723	7.57
757	5949	7.86
758	6160	8.13
759	6246	8.23
760	6554	8.62
761	6287	8.26
762	6211	8.15
763	6183	8.10
764	6183	8.09
765	6185	8.08
766	6186	8.08
767	6196	8.08
768	6292	8.19
769	6347	8.25
770	6210	8.06
771	6217	8.06
772	6224	8.06
773	6233	8.06
774	6264	8.09
775	6257	8.07
776	6359	8.19
777	6270	8.07
778	6307	8.11
779	6276	8.06
780	6267	8.03
781	6270	8.03
782	6283	8.03
783	6285	8.03
784	6291	8.02
785	6293	8.02
786	6306	8.02
787	6308	8.02
788	6305	8.00
789	6325	8.02
790	6328	8.01
791	6323	7.99
792	6345	8.01
793	6341	8.00
794	6351	8.00
795	6358	8.00
796	6360	7.99
797	6356	7.97
798	6367	7.98
799	6375	7.98
800	6434	8.04
801	6410	8.00
802	6411	7.99
803	6418	7.99
804	6427	7.99
805	6441	8.00
806	6436	7.99
807	6449	7.99
808	6451	7.98
809	6455	7.98
810	6460	7.98
811	6468	7.98
812	6471	7.97
813	6474	7.96
814	6499	7.98
815	6495	7.97
816	6498	7.96
817	6496	7.95
818	6496	7.94
819	6513	7.95
820	6521	7.95
821	6600	8.04
822	6543	7.96
823	6547	7.96
824	6547	7.95
825	6554	7.94
826	6561	7.94
827	6561	7.93
828	6563	7.93
829	6585	7.94
830	6587	7.94
831	6591	7.93
832	6596	7.93
833	6590	7.91
834	6608	7.92
835	6607	7.91
836	6621	7.92
837	6618	7.91
838	6628	7.91
839	6642	7.92
840	6648	7.91
841	6645	7.90
842	6648	7.90
843	6658	7.90
844	6662	7.89
845	6660	7.88
846	6672	7.89
847	6680	7.89
848	6680	7.88
849	6690	7.88
850	6702	7.88
851	6698	7.87
852	6751	7.92
853	6707	7.86
854	6695	7.84
855	6712	7.85
856	6717	7.85
857	6724	7.85
858	6718	7.83
859	6724	7.83
860	6737	7.83
861	6731	7.82
862	6737	7.82
863	6751	7.82
864	6756	7.82
865	6767	7.82
866	6794	7.85
867	6783	7.82
868	6791	7.82
869	6801	7.83
870	6803	7.82
871	6805	7.81
872	6811	7.81
873	6822	7.81
874	6831	7.82
875	6832	7.81
876	6838	7.81
877	6855	7.82
878	6846	7.80
879	6848	7.79
880	6866	7.80
881	6860	7.79
882	6956	7.89
883	6874	7.78
884	6886	7.79
885	6895	7.79
886	6895	7.78
887	6895	7.77
888	6897	7.77
889	6914	7.78
890	6901	7.75
891	6931	7.78
892	6927	7.77
893	6931	7.76
894	6934	7.76
895	6946	7.76
896	6944	7.75
897	6960	7.76
898	6968	7.76
899	6964	7.75
900	6971	7.75
901	6978	7.74
902	6978	7.74
903	6993	7.74
904	7026	7.77
905	7004	7.74
906	7000	7.73
907	7016	7.74
908	7021	7.73
909	7024	7.73
910	7113	7.82
911	7043	7.73
912	7227	7.92
913	7045	7.72
914	7044	7.71
915	7055	7.71
916	7063	7.71
917	7074	7.71
918	7086	7.72
919	7074	7.70
920	7093	7.71
921	7150	7.76
922	7105	7.71
923	7107	7.70
924	7111	7.70
925	7121	7.70
926	7128	7.70
927	7123	7.68
928	7140	7.69
929	7147	7.69
930	7141	7.68
931	7155	7.69
932	7158	7.68
933	7167	7.68
934	7164	7.67
935	7169	7.67
936	7184	7.68
937	7185	7.67
938	7242	7.72
939	7195	7.66
940	7210	7.67
941	7204	7.66
942	7220	7.66
943	7220	7.66
944	7224	7.65
945	7237	7.66
946	7231	7.64
947	7246	7.65
948	7253	7.65
949	7245	7.63
950	7302	7.69
951	7290	7.67
952	7303	7.67
953	7352	7.71
954	7408	7.77
955	7453	7.80
956	7356	7.69
957	7523	7.86
958	7596	7.93
959	7539	7.86
960	7627	7.94
961	7696	8.01
962	7279	7.57
963	7278	7.56
964	7311	7.58
965	7381	7.65
966	7335	7.59
967	7334	7.58
968	7330	7.57
969	7330	7.56
970	7337	7.56
971	7341	7.56
972	7380	7.59
973	7459	7.67
974	7366	7.56
975	7380	7.57
976	7373	7.55
977	7388	7.56
978	7384	7.55
979	7399	7.56
980	7405	7.56
981	7381	7.52
982	7413	7.55
983	7617	7.75
984	7421	7.54
985	7411	7.52
986	7418	7.52
987	7407	7.50
988	7432	7.52
989	7435	7.52
990	7434	7.51
991	7449	7.52
992	7460	7.52
993	7472	7.52
994	7527	7.57
995	7475	7.51
996	7480	7.51
997	7479	7.50
998	7482	7.50
999	7485	7.49
1000	7534	7.53
1001	7503	7.50
1002	7518	7.50
1003	7538	7.52
1004	7520	7.49
1005	7532	7.49
1006	7548	7.50
1007	7736	7.68
1008	7557	7.50
1009	7564	7.50
1010	7551	7.48
1011	7569	7.49
1012	7557	7.47
1013	7566	7.47
1014	7582	7.48
1015	7573	7.46
1016	7584	7.46
1017	7590	7.46
1018	7610	7.48
1019	7614	7.47
1020	7614	7.46
1021	7618	7.46
1022	7608	7.44
1023	7624	7.45
1024	7641	7.46
1025	8166	7.97
1026	7793	7.60
1027	7785	7.58
1028	7801	7.59
1029	7800	7.58
1030	7798	7.57
1031	7803	7.57
1032	7819	7.58
1033	7812	7.56
1034	7818	7.56
1035	7839	7.57
1036	7845	7.57
1037	7837	7.56
1038	7846	7.56
1039	7846	7.55
1040	7881	7.58
1041	7886	7.58
1042	7871	7.55
1043	7894	7.57
1044	8020	7.68
1045	7914	7.57
1046	7912	7.56
1047	7918	7.56
1048	7915	7.55
1049	7923	7.55
1050	7943	7.56
1051	7941	7.56
1052	7936	7.54
1053	7959	7.56
1054	7955	7.55
1055	7971	7.56
1056	7977	7.55
1057	7985	7.55
1058	7990	7.55
1059	8006	7.56
1060	7998	7.55
1061	8002	7.54
1062	8011	7.54
1063	8032	7.56
1064	8024	7.54
1065	8043	7.55
1066	8052	7.55
1067	8045	7.54
1068	8118	7.60
1069	8059	7.54
1070	8077	7.55
1071	8060	7.53
1072	8063	7.52
1073	8066	7.52
1074	8095	7.54
1075	8086	7.52
1076	8088	7.52
1077	8117	7.54
1078	8111	7.52
1079	8122	7.53
1080	8130	7.53
1081	8118	7.51
1082	8123	7.51
1083	8138	7.51
1084	8142	7.51
1085	8151	7.51
1086	8150	7.50
1087	8173	7.52
1088	8167	7.51
1089	8167	7.50
1090	8181	7.51
1091	8172	7.49
1092	8188	7.50
1093	8278	7.57
1094	8208	7.50
1095	8213	7.50
1096	8210	7.49
1097	8210	7.48
1098	8224	7.49
1099	8226	7.48
1100	8278	7.53
1101	8242	7.49
1102	8255	7.49
1103	8251	7.48
1104	8270	7.49
1105	8260	7.48
1106	8279	7.49
1107	8280	7.48
1108	8286	7.48
1109	8285	7.47
1110	8311	7.49
1111	8295	7.47
1112	8321	7.48
1113	8301	7.46
1114	8326	7.47
1115	8305	7.45
1116	8302	7.44
1117	8395	7.52
1118	8378	7.49
1119	8349	7.46
1120	8350	7.46
1121	8361	7.46
1122	8698	7.75
1123	8369	7.45
1124	8382	7.46
1125	8378	7.45
1126	8388	7.45
1127	8396	7.45
1128	8394	7.44
1129	8395	7.44
1130	8409	7.44
1131	8406	7.43
1132	8434	7.45
1133	8426	7.44
1134	8425	7.43
1135	8436	7.43
1136	8451	7.44
1137	8454	7.44
1138	8458	7.43
1139	8463	7.43
1140	8538	7.49
1141	8468	7.42
1142	8476	7.42
1143	8573	7.50
1144	8492	7.42
1145	8496	7.42
1146	8504	7.42
1147	8504	7.41
1148	8513	7.42
1149	8500	7.40
1150	8511	7.40
1151	8511	7.39
1152	8543	7.42
1153	8541	7.41
1154	8550	7.41
1155	8553	7.41
1156	8561	7.41
1157	8555	7.39
1158	8554	7.39
1159	8582	7.40
1160	8582	7.40
1161	8564	7.38
1162	8592	7.39
1163	8605	7.40
1164	8606	7.39
1165	8606	7.39
1166	8626	7.40
1167	8621	7.39
1168	8643	7.40
1169	8831	7.55
1170	8639	7.38
1171	8646	7.38
1172	8656	7.39
1173	8657	7.38
1174	8660	7.38
1175	8651	7.36
1176	8692	7.39
1177	8669	7.37
1178	8679	7.37
1179	8707	7.39
1180	10335	8.76
1181	8334	7.06
1182	8336	7.05
1183	8342	7.05
1184	8350	7.05
1185	8356	7.05
1186	8362	7.05
1187	8367	7.05
1188	8374	7.05
1189	8382	7.05
1190	8380	7.04
1191	8389	7.04
1192	8398	7.05
1193	8401	7.04
1194	8407	7.04
1195	8410	7.04
1196	8430	7.05
1197	8426	7.04
1198	8429	7.04
1199	8429	7.03
1200	8544	7.12
1201	8443	7.03
1202	8453	7.03
1203	8458	7.03
1204	8457	7.02
1205	8472	7.03
1206	8481	7.03
1207	8493	7.04
1208	8480	7.02
1209	8505	7.03
1210	8503	7.03
1211	8507	7.02
1212	8526	7.03
1213	8528	7.03
1214	8531	7.03
1215	8525	7.02
1216	8544	7.03
1217	8545	7.02
1218	8549	7.02
1219	8553	7.02
1220	8567	7.02
1221	8559	7.01
1222	8368	6.85
1223	8369	6.84
1224	8433	6.89
1225	8376	6.84
1226	8399	6.85
1227	8382	6.83
1228	8412	6.85
1229	8403	6.84
1230	8420	6.85
1231	8419	6.84
1232	8405	6.82
1233	8423	6.83
1234	8426	6.83
1235	8426	6.82
1236	8428	6.82
1237	8449	6.83
1238	8458	6.83
1239	8466	6.83
1240	8473	6.83
1241	10327	8.32
1242	8475	6.82
1243	8479	6.82
1244	8480	6.82
1245	8484	6.81
1246	8499	6.82
1247	8497	6.81
1248	8507	6.82
1249	8506	6.81
1250	8508	6.81
1251	8527	6.82
1252	8529	6.81
1253	8534	6.81
1254	8546	6.81
1255	8549	6.81
1256	8559	6.81
1257	8536	6.79
1258	8551	6.80
1259	8579	6.81
1260	8568	6.80
1261	8546	6.78
1262	8585	6.80
1263	8572	6.79
1264	8582	6.79
1265	8586	6.79
1266	8579	6.78
1267	8617	6.80
1268	8627	6.80
1269	8620	6.79
1270	8745	6.89
1271	8644	6.80
1272	8648	6.80
1273	8642	6.79
1274	8656	6.79
1275	8668	6.80
1276	8676	6.80
1277	8701	6.81
1278	8682	6.79
1279	8673	6.78
1280	8677	6.78
1281	8694	6.79
1282	8688	6.78
1283	8708	6.79
1284	8699	6.77
1285	8689	6.76
1286	8699	6.76
1287	8699	6.76
1288	8725	6.77
1289	8742	6.78
1290	8744	6.78
1291	8827	6.84
1292	8758	6.78
1293	8769	6.78
1294	8767	6.78
1295	8790	6.79
1296	8779	6.77
1297	8796	6.78
1298	8762	6.75
1299	8792	6.77
1300	8790	6.76
1301	8797	6.76
1302	8793	6.75
1303	8783	6.74
1304	8800	6.75
1305	8820	6.76
1306	11091	8.49
1307	8801	6.73
1308	8794	6.72
1309	8806	6.73
1310	11058	8.44
1311	8830	6.74
1312	8894	6.78
1313	8916	6.79
1314	8874	6.75
1315	8857	6.74
1316	8861	6.73
1317	8870	6.74
1318	8887	6.74
1319	8880	6.73
1320	8876	6.72
1321	8898	6.74
1322	8892	6.73
1323	8914	6.74
1324	8890	6.71
1325	8915	6.73
1326	8900	6.71
1327	8925	6.73
1328	8920	6.72
1329	8931	6.72
1330	8943	6.72
1331	8942	6.72
1332	8949	6.72
1333	8951	6.71
1334	8962	6.72
1335	8956	6.71
1336	8965	6.71
1337	8985	6.72
1338	8975	6.71
1339	8992	6.72
1340	8999	6.72
1341	9008	6.72
1342	9006	6.71
1343	9014	6.71
1344	9037	6.72
1345	9022	6.71
1346	9007	6.69
1347	9027	6.70
1348	9042	6.71
1349	9039	6.70
1350	9048	6.70
1351	9038	6.69
1352	9073	6.71
1353	9071	6.70
1354	9084	6.71
1355	9087	6.71
1356	9077	6.69
1357	9082	6.69
1358	9090	6.69
1359	9080	6.68
1360	9112	6.70
1361	9119	6.70
1362	9114	6.69
1363	9123	6.69
1364	9131	6.69
1365	9128	6.69
1366	9140	6.69
1367	9144	6.69
1368	9143	6.68
1369	9152	6.69
1370	9165	6.69
1371	9171	6.69
1372	12981	9.46
1373	9154	6.67
1374	9271	6.75
1375	9211	6.70
1376	10547	7.66
1377	9226	6.70
1378	9205	6.68
1379	10058	7.29
1380	9220	6.68
1381	9228	6.68
1382	9234	6.68
1383	9245	6.68
1384	9248	6.68
1385	9255	6.68
1386	9262	6.68
1387	9246	6.67
1388	9269	6.68
1389	9270	6.67
1390	9279	6.68
1391	9283	6.67
1392	9319	6.69
1393	9330	6.70
1394	9326	6.69
1395	9311	6.67
1396	9320	6.68
1397	9335	6.68
1398	9312	6.66
1399	10618	7.59
1400	9345	6.67
1401	9363	6.68
1402	9330	6.65
1403	9342	6.66
1404	9366	6.67
1405	9348	6.65
1406	9378	6.67
1407	9386	6.67
1408	9376	6.66
1409	9396	6.67
1410	9385	6.66
1411	9404	6.66
1412	9397	6.66
1413	9401	6.65
1414	9427	6.67
1415	9477	6.70
1416	9431	6.66
1417	9456	6.67
1418	9434	6.65
1419	9443	6.65
1420	9452	6.66
1421	9499	6.68
1422	9504	6.68
1423	10823	7.61
1424	9506	6.68
1425	9517	6.68
1426	9537	6.69
1427	9545	6.69
1428	9535	6.68
1429	9541	6.68
1430	9542	6.67
1431	9553	6.68
1432	9561	6.68
1433	9553	6.67
1434	9644	6.73
1435	9593	6.69
1436	9587	6.68
1437	9584	6.67
1438	9579	6.66
1439	9595	6.67
1440	9597	6.66
1441	9620	6.68
1442	9617	6.67
1443	9610	6.66
1444	9628	6.67
1445	9641	6.67
1446	9636	6.66
1447	9650	6.67
1448	9649	6.66
1449	9654	6.66
1450	9651	6.66
1451	9658	6.66
1452	9667	6.66
1453	9681	6.66
1454	9747	6.70
1455	9688	6.66
1456	12848	8.82
1457	9689	6.65
1458	9703	6.66
1459	9705	6.65
1460	9700	6.64
1461	9712	6.65
1462	9714	6.64
1463	9730	6.65
1464	9713	6.63
1465	9729	6.64
1466	9734	6.64
1467	9780	6.67
1468	9739	6.63
1469	9745	6.63
1470	9752	6.63
1471	9764	6.64
1472	9803	6.66
1473	12040	8.17
1474	9785	6.64
1475	9786	6.63
1476	11093	7.52
1477	9804	6.64
1478	9792	6.63
1479	9816	6.64
1480	9817	6.63
1481	9836	6.64
1482	9827	6.63
1483	9823	6.62
1484	9829	6.62
1485	9834	6.62
1486	9846	6.63
1487	11190	7.53
1488	9839	6.61
1489	9847	6.61
1490	9863	6.62
1491	9924	6.66
1492	9932	6.66
1493	9874	6.61
1494	9877	6.61
1495	9887	6.61
1496	9896	6.61
1497	9900	6.61
1498	9919	6.62
1499	9921	6.62
1500	9935	6.62
1501	9930	6.62
1502	9945	6.62
1503	9943	6.62
1504	9949	6.62
1505	9957	6.62
1506	9964	6.62
1507	9948	6.60
1508	9951	6.60
1509	9962	6.60
1510	10050	6.66
1511	9987	6.61
1512	10003	6.62
1513	10009	6.62
1514	10006	6.61
1515	9998	6.60
1516	10007	6.60
1517	10011	6.60
1518	10041	6.61
1519	10019	6.60
1520	10042	6.61
1521	10046	6.60
1522	10041	6.60
1523	10055	6.60
1524	10052	6.60
1525	10066	6.60
1526	10079	6.60
1527	10092	6.61
1528	10096	6.61
1529	10197	6.67
1530	10090	6.59
1531	10100	6.60
1532	10102	6.59
1533	10110	6.59
1534	10098	6.58
1535	10113	6.59
1536	10101	6.58
1537	10122	6.59
1538	10113	6.58
1539	10124	6.58
1540	10125	6.57
1541	10147	6.58
1542	10139	6.58
1543	10154	6.58
1544	10154	6.58
1545	10146	6.57
1546	10176	6.58
1547	10170	6.57
1548	10190	6.58
1549	10198	6.58
1550	10182	6.57
1551	10203	6.58
1552	10214	6.58
1553	10216	6.58
1554	10221	6.58
1555	10242	6.59
1556	10231	6.58
1557	10244	6.58
1558	10238	6.57
1559	10247	6.57
1560	10252	6.57
1561	10270	6.58
1562	10266	6.57
1563	10264	6.57
1564	12171	7.78
1565	10284	6.57
1566	10344	6.61
1567	10283	6.56
1568	10306	6.57
1569	10312	6.57
1570	10313	6.57
1571	10326	6.57
1572	10330	6.57
1573	10340	6.57
1574	10341	6.57
1575	10356	6.58
1576	10347	6.57
1577	10344	6.56
1578	10347	6.56
1579	10342	6.55
1580	10371	6.56
1581	10353	6.55
1582	10368	6.55
1583	10438	6.59
1584	10485	6.62
1585	10387	6.55
1586	10398	6.56
1587	10409	6.56
1588	10415	6.56
1589	10415	6.55
1590	10412	6.55
1591	10435	6.56
1592	10419	6.54
1593	10446	6.56
1594	10447	6.55
1595	10448	6.55
1596	10463	6.56
1597	10461	6.55
1598	10456	6.54
1599	11752	7.35
1600	11350	7.09
1601	10494	6.55
1602	11975	7.48
1603	10500	6.55
1604	10506	6.55
1605	10510	6.55
1606	10519	6.55
1607	10524	6.55
1608	10537	6.55
1609	10530	6.54
1610	10542	6.55
1611	10548	6.55
1612	10548	6.54
1613	10569	6.55
1614	10562	6.54
1615	10566	6.54
1616	11154	6.90
1617	10330	6.39
1618	10316	6.38
1619	10375	6.41
1620	10320	6.37
1621	10343	6.38
1622	10353	6.38
1623	10353	6.38
1624	10362	6.38
1625	10362	6.38
1626	10371	6.38
1627	10369	6.37
1628	10383	6.38
1629	13126	8.06
1630	10388	6.37
1631	10433	6.40
1632	10407	6.38
1633	10387	6.36
1634	10410	6.37
1635	10412	6.37
1636	10490	6.41
1637	10489	6.41
1638	10431	6.37
1639	10438	6.37
1640	12413	7.57
1641	11174	6.81
1642	10457	6.37
1643	10454	6.36
1644	10466	6.37
1645	10470	6.36
1646	11197	6.80
1647	10488	6.37
1648	10482	6.36
1649	10524	6.38
1650	10509	6.37
1651	10502	6.36
1652	14101	8.54
1653	10688	6.47
1654	10560	6.38
1655	10557	6.38
1656	10554	6.37
1657	10559	6.37
1658	13727	8.28
1659	11309	6.82
1660	10573	6.37
1661	10576	6.37
1662	10585	6.37
1663	10592	6.37
1664	10606	6.37
1665	10603	6.37
1666	10600	6.36
1667	10621	6.37
1668	10618	6.37
1669	11446	6.86
1670	10677	6.39
1671	10643	6.37
1672	10651	6.37
1673	10657	6.37
1674	10665	6.37
1675	10663	6.37
1676	10673	6.37
1677	10687	6.37
1678	10671	6.36
1679	10701	6.37
1680	12249	7.29
1681	10730	6.38
1682	11638	6.92
1683	10708	6.36
1684	10724	6.37
1685	13707	8.13
1686	10729	6.36
1687	11661	6.91
1688	10779	6.39
1689	10756	6.37
1690	10756	6.36
1691	10761	6.36
1692	10782	6.37
1693	10786	6.37
1694	10763	6.35
1695	10795	6.37
1696	10794	6.36
1697	10797	6.36
1698	10805	6.36
1699	10796	6.35
1700	10853	6.38
1701	10802	6.35
1702	10827	6.36
1703	10821	6.35
1704	10945	6.42
1705	10826	6.35
1706	10824	6.34
1707	10840	6.35
1708	10841	6.35
1709	10869	6.36
1710	10877	6.36
1711	10847	6.34
1712	10880	6.36
1713	10866	6.34
1714	10887	6.35
1715	10889	6.35
1716	10902	6.35
1717	10901	6.35
1718	10909	6.35
1719	10894	6.34
1720	10924	6.35
1721	10950	6.36
1722	10940	6.35
1723	10939	6.35
1724	10928	6.34
1725	10943	6.34
1726	10939	6.34
1727	10957	6.34
1728	10973	6.35
1729	12878	7.45
1730	10972	6.34
1731	10964	6.33
1732	10992	6.35
1733	10990	6.34
1734	10999	6.34
1735	10998	6.34
1736	10999	6.34
1737	11013	6.34
1738	11075	6.37
1739	11019	6.34
1740	11021	6.33
1741	12727	7.31
1742	11031	6.33
1743	11060	6.35
1744	11058	6.34
1745	11054	6.33
1746	11054	6.33
1747	11055	6.33
1748	11079	6.34
1749	11069	6.33
1750	11095	6.34
1751	11088	6.33
1752	11107	6.34
1753	11083	6.32
1754	11103	6.33
1755	11167	6.36
1756	11109	6.33
1757	11132	6.34
1758	12045	6.85
1759	11124	6.32
1760	11135	6.33
1761	13619	7.73
1762	11177	6.34
1763	11155	6.33
1764	11160	6.33
1765	11160	6.32
1766	12059	6.83
1767	11183	6.33
1768	11179	6.32
1769	12379	7.00
1770	11173	6.31
1771	13592	7.67
1772	11187	6.31
1773	11190	6.31
1774	11214	6.32
1775	11206	6.31
1776	11199	6.31
1777	11218	6.31
1778	11229	6.32
1779	11238	6.32
1780	11251	6.32
1781	11239	6.31
1782	11249	6.31
1783	11243	6.31
1784	11301	6.33
1785	11515	6.45
1786	11564	6.47
1787	11587	6.48
1788	11607	6.49
1789	11573	6.47
1790	11582	6.47
1791	11585	6.47
1792	11584	6.46
1793	11564	6.45
1794	11606	6.47
1795	11610	6.47
1796	11606	6.46
1797	11590	6.45
1798	11612	6.46
1799	11612	6.45
1800	11624	6.46
1801	11645	6.47
1802	11637	6.46
1803	11717	6.50
1804	11658	6.46
1805	11664	6.46
1806	11674	6.46
1807	11669	6.46
1808	11670	6.45
1809	11664	6.45
1810	11665	6.44
1811	11679	6.45
1812	11696	6.45
1813	11691	6.45
1814	11699	6.45
1815	11714	6.45
1816	11706	6.45
1817	11733	6.46
1818	11776	6.48
1819	11791	6.48
1820	11732	6.45
1821	11748	6.45
1822	11759	6.45
1823	11761	6.45
1824	11757	6.45
1825	11769	6.45
1826	11775	6.45
1827	11767	6.44
1828	11790	6.45
1829	11787	6.44
1830	11789	6.44
1831	11795	6.44
1832	11796	6.44
1833	11817	6.45
1834	11813	6.44
1835	11820	6.44
1836	11887	6.47
1837	11857	6.45
1838	11862	6.45
1839	11834	6.44
1840	11860	6.45
1841	11856	6.44
1842	11852	6.43
1843	11864	6.44
1844	11855	6.43
1845	11889	6.44
1846	11880	6.44
1847	11902	6.44
1848	11909	6.44
1849	11922	6.45
1850	11980	6.48
1851	11915	6.44
1852	11907	6.43
1853	11919	6.43
1854	11943	6.44
1855	11933	6.43
1856	11921	6.42
1857	11925	6.42
1858	11934	6.42
1859	11941	6.42
1860	11945	6.42
1861	11953	6.42
1862	11968	6.43
1863	11970	6.43
1864	11980	6.43
1865	12057	6.46
1866	11984	6.42
1867	11998	6.43
1868	12009	6.43
1869	12017	6.43
1870	12074	6.46
1871	12023	6.43
1872	12034	6.43
1873	12868	6.87
1874	12041	6.43
1875	12056	6.43
1876	12046	6.42
1877	12050	6.42
1878	12065	6.42
1879	12055	6.42
1880	12070	6.42
1881	12057	6.41
1882	12089	6.42
1883	12100	6.43
1884	12095	6.42
1885	12103	6.42
1886	12105	6.42
1887	12106	6.42
1888	12115	6.42
1889	12103	6.41
1890	12144	6.43
1891	12141	6.42
1892	12163	6.43
1893	12134	6.41
1894	12145	6.41
1895	12236	6.46
1896	12220	6.45
1897	12184	6.42
1898	12174	6.41
1899	12187	6.42
1900	12182	6.41
1901	12179	6.41
1902	12216	6.42
1903	12213	6.42
1904	12199	6.41
1905	12212	6.41
1906	12214	6.41
1907	12222	6.41
1908	12218	6.40
1909	12244	6.41
1910	12233	6.40
1911	12301	6.44
1912	12243	6.40
1913	12276	6.42
1914	12265	6.41
1915	12287	6.42
1916	12285	6.41
1917	12287	6.41
1918	13060	6.81
1919	12310	6.41
1920	12297	6.40
1921	12309	6.41
1922	12326	6.41
1923	12312	6.40
1924	12327	6.41
1925	12350	6.42
1926	12341	6.41
1927	12360	6.41
1928	12351	6.41
1929	12365	6.41
1930	12343	6.40
1931	12373	6.41
1932	12376	6.41
1933	12370	6.40
1934	12382	6.40
1935	12382	6.40
1936	12401	6.41
1937	12383	6.39
1938	12910	6.66
1939	12119	6.25
1940	12247	6.31
1941	15170	7.82
1942	12137	6.25
1943	12151	6.25
1944	12142	6.25
1945	12164	6.25
1946	12166	6.25
1947	12173	6.25
1948	12162	6.24
1949	12172	6.25
1950	14945	7.66
1951	12968	6.65
1952	12183	6.24
1953	12210	6.25
1954	12210	6.25
1955	12282	6.28
1956	12209	6.24
1957	12221	6.24
1958	12224	6.24
1959	12242	6.25
1960	12244	6.25
1961	12256	6.25
1962	12257	6.25
1963	12266	6.25
1964	12267	6.25
1965	12274	6.25
1966	12273	6.24
1967	12276	6.24
1968	12296	6.25
1969	12289	6.24
1970	12374	6.28
1971	15409	7.82
1972	12287	6.23
1973	13655	6.92
1974	12288	6.22
1975	12308	6.23
1976	12334	6.24
1977	12328	6.24
1978	12330	6.23
1979	12325	6.23
1980	12338	6.23
1981	12344	6.23
1982	12345	6.23
1983	12335	6.22
1984	12437	6.27
1985	12389	6.24
1986	12402	6.24
1987	12390	6.24
1988	12392	6.23
1989	12396	6.23
1990	12387	6.22
1991	12414	6.24
1992	12417	6.23
1993	12433	6.24
1994	12441	6.24
1995	12437	6.23
1996	12435	6.23
1997	12435	6.23
1998	15266	7.64
1999	12451	6.23
2000	14160	7.08
2001	12463	6.23
2002	12468	6.23
2003	12469	6.23
2004	12485	6.23
2005	12491	6.23
2006	12490	6.23
2007	12488	6.22
2008	12506	6.23
2009	12518	6.23
2010	12529	6.23
2011	12532	6.23
2012	12521	6.22
2013	12589	6.25
2014	12538	6.23
2015	12543	6.22
2016	12547	6.22
2017	12563	6.23
2018	12545	6.22
2019	12545	6.21
2020	12564	6.22
2021	12573	6.22
2022	12574	6.22
2023	12578	6.22
2024	12587	6.22
2025	12591	6.22
2026	12601	6.22
2027	12597	6.21
2028	12719	6.27
2029	12613	6.22
2030	12638	6.23
2031	12604	6.21
2032	12629	6.22
2033	12644	6.22
2034	12633	6.21
2035	12643	6.21
2036	12649	6.21
2037	12629	6.20
2038	12668	6.22
2039	12667	6.21
2040	12663	6.21
2041	12694	6.22
2042	12697	6.22
2043	12678	6.21
2044	12709	6.22
2045	12690	6.21
2046	12707	6.21
2047	12712	6.21
2048	12730	6.22
2049	13259	6.47
2050	13679	6.67
2051	12884	6.28
2052	12911	6.29
2053	12897	6.28
2054	12925	6.29
2055	12907	6.28
2056	12935	6.29
2057	12933	6.29
2058	12920	6.28
2059	12944	6.29
2060	12923	6.27
2061	12953	6.28
2062	12957	6.28
2063	12959	6.28
2064	12958	6.28
2065	12991	6.29
2066	15570	7.54
2067	16864	8.16
2068	13014	6.29
2069	20303	9.81
2070	12998	6.28
2071	12984	6.27
2072	13000	6.27
2073	13005	6.27
2074	15441	7.45
2075	13006	6.27
2076	13027	6.28
2077	13018	6.27
2078	13017	6.26
2079	13024	6.26
2080	13032	6.27
2081	13050	6.27
2082	13058	6.27
2083	13062	6.27
2084	13190	6.33
2085	13087	6.28
2086	13078	6.27
2087	13067	6.26
2088	13835	6.63
2089	13102	6.27
2090	13119	6.28
2091	15538	7.43
2092	13119	6.27
2093	14099	6.74
2094	13915	6.65
2095	13125	6.26
2096	13132	6.27
2097	13143	6.27
2098	13155	6.27
2099	13148	6.26
2100	14885	7.09
2101	13174	6.27
2102	13168	6.26
2103	13184	6.27
2104	13183	6.27
2105	13193	6.27
2106	13197	6.27
2107	13187	6.26
2108	13199	6.26
2109	13202	6.26
2110	13213	6.26
2111	13276	6.29
2112	13309	6.30
2113	13234	6.26
2114	13235	6.26
2115	13239	6.26
2116	13239	6.26
2117	13263	6.26
2118	13267	6.26
2119	13264	6.26
2120	13268	6.26
2121	13290	6.27
2122	14225	6.70
2123	13293	6.26
2124	13296	6.26
2125	13499	6.35
2126	13594	6.39
2127	13303	6.25
2128	13307	6.25
2129	13317	6.26
2130	13326	6.26
2131	13332	6.26
2132	13323	6.25
2133	13331	6.25
2134	13345	6.25
2135	13333	6.24
2136	13373	6.26
2137	13372	6.26
2138	13379	6.26
2139	13382	6.26
2140	13394	6.26
2141	13364	6.24
2142	13396	6.25
2143	13374	6.24
2144	13411	6.26
2145	13391	6.24
2146	13711	6.39
2147	13688	6.38
2148	14997	6.98
2149	13408	6.24
2150	13406	6.24
2151	13433	6.25
2152	13436	6.24
2153	13509	6.27
2154	13452	6.25
2155	13459	6.25
2156	13507	6.26
2157	13879	6.43
2158	13577	6.29
2159	13472	6.24
2160	15575	7.21
2161	13470	6.23
2162	13480	6.23
2163	13487	6.24
2164	13490	6.23
2165	13490	6.23
2166	13581	6.27
2167	13518	6.24
2168	13527	6.24
2169	13522	6.23
2170	13534	6.24
2171	13535	6.23
2172	13555	6.24
2173	13558	6.24
2174	13564	6.24
2175	13554	6.23
2176	13570	6.24
2177	13564	6.23
2178	13572	6.23
2179	14384	6.60
2180	13654	6.26
2181	14471	6.64
2182	13617	6.24
2183	13606	6.23
2184	13619	6.24
2185	13605	6.23
2186	13621	6.23
2187	13602	6.22
2188	13617	6.22
2189	13631	6.23
2190	13637	6.23
2191	13639	6.23
2192	13635	6.22
2193	13719	6.26
2194	14535	6.62
2195	14030	6.39
2196	14003	6.38
2197	14054	6.40
2198	14070	6.40
2199	13881	6.31
2200	14422	6.56
2201	13701	6.22
2202	13705	6.22
2203	13718	6.23
2204	13718	6.22
2205	13711	6.22
2206	15460	7.01
2207	13743	6.23
2208	13752	6.23
2209	15929	7.21
2210	13758	6.23
2211	14572	6.59
2212	13767	6.22
2213	13783	6.23
2214	13782	6.22
2215	13789	6.23
2216	13806	6.23
2217	13806	6.23
2218	13787	6.22
2219	13935	6.28
2220	13832	6.23
2221	14509	6.53
2222	14154	6.37
2223	14157	6.37
2224	14179	6.38
2225	14184	6.37
2226	14184	6.37
2227	14197	6.37
2228	13964	6.27
2229	13858	6.22
2230	13844	6.21
2231	13869	6.22
2232	13889	6.22
2233	13911	6.23
2234	13898	6.22
2235	13901	6.22
2236	13904	6.22
2237	13894	6.21
2238	13906	6.21
2239	13909	6.21
2240	13933	6.22
2241	13940	6.22
2242	13943	6.22
2243	13943	6.22
2244	13944	6.21
2245	15546	6.92
2246	13947	6.21
2247	13947	6.21
2248	13950	6.21
2249	13956	6.21
2250	13957	6.20
2251	13974	6.21
2252	13986	6.21
2253	13992	6.21
2254	13991	6.21
2255	13994	6.21
2256	14006	6.21
2257	13995	6.20
2258	14055	6.22
2259	14027	6.21
2260	14040	6.21
2261	14027	6.20
2262	14263	6.31
2263	14248	6.30
2264	14036	6.20
2265	14040	6.20
2266	14059	6.20
2267	14059	6.20
2268	16686	7.36
2269	14045	6.19
2270	14829	6.53
2271	14154	6.23
2272	14083	6.20
2273	14090	6.20
2274	14106	6.20
2275	14115	6.20
2276	14105	6.20
2277	14128	6.20
2278	14119	6.20
2279	14125	6.20
2280	14117	6.19
2281	14889	6.53
2282	14491	6.35
2283	14495	6.35
2284	14522	6.36
2285	14515	6.35
2286	14510	6.35
2287	14532	6.35
2288	14525	6.35
2289	14521	6.34
2290	14540	6.35
2291	14535	6.34
2292	14548	6.35
2293	17893	7.80
2294	14224	6.20
2295	14252	6.21
2296	14278	6.22
2297	14263	6.21
2298	14240	6.20
2299	17228	7.49
2300	15150	6.59
2301	14284	6.21
2302	14289	6.21
2303	14286	6.20
2304	14292	6.20
2305	14373	6.24
2306	14301	6.20
2307	14319	6.21
2308	14312	6.20
2309	14309	6.20
2310	14339	6.21
2311	14326	6.20
2312	14340	6.20
2313	14376	6.22
2314	14346	6.20
2315	14349	6.20
2316	14367	6.20
2317	14373	6.20
2318	14377	6.20
2319	14382	6.20
2320	14378	6.20
2321	14404	6.21
2322	14406	6.20
2323	14406	6.20
2324	14401	6.20
2325	14517	6.24
2326	14786	6.36
2327	15018	6.45
2328	14426	6.20
2329	14430	6.20
2330	14447	6.20
2331	14432	6.19
2332	14448	6.20
2333	14471	6.20
2334	14463	6.20
2335	14463	6.19
2336	14472	6.20
2337	15387	6.58
2338	14823	6.34
2339	14853	6.35
2340	14856	6.35
2341	14847	6.34
2342	14852	6.34
2343	14878	6.35
2344	14881	6.35
2345	14874	6.34
2346	14885	6.34
2347	14908	6.35
2348	14616	6.22
2349	14525	6.18
2350	15369	6.54
2351	14556	6.19
2352	14557	6.19
2353	14558	6.19
2354	14576	6.19
2355	15792	6.71
2356	14608	6.20
2357	14612	6.20
2358	14625	6.20
2359	14609	6.19
2360	14592	6.18
2361	14604	6.19
2362	14608	6.18
2363	14619	6.19
2364	14632	6.19
2365	14613	6.18
2366	14703	6.21
2367	15002	6.34
2368	15000	6.33
2369	14992	6.33
2370	15006	6.33
2371	15019	6.33
2372	15000	6.32
2373	14667	6.18
2374	14680	6.18
2375	14674	6.18
2376	14684	6.18
2377	14698	6.18
2378	18161	7.64
2379	14710	6.18
2380	14784	6.21
2381	16186	6.80
2382	14718	6.18
2383	14735	6.18
2384	15466	6.49
2385	14741	6.18
2386	14737	6.18
2387	14731	6.17
2388	14758	6.18
2389	14776	6.19
2390	14742	6.17
2391	14764	6.17
2392	14780	6.18
2393	15669	6.55
2394	15377	6.42
2395	15157	6.33
2396	15221	6.35
2397	15174	6.33
2398	15177	6.33
2399	15181	6.33
2400	15750	6.56
2401	14818	6.17
2402	14830	6.17
2403	14824	6.17
2404	14827	6.17
2405	15712	6.53
2406	14860	6.18
2407	14848	6.17
2408	15705	6.52
2409	14886	6.18
2410	14885	6.18
2411	14884	6.17
2412	14898	6.18
2413	14904	6.18
2414	14910	6.18
2415	14926	6.18
2416	14908	6.17
2417	14942	6.18
2418	14928	6.17
2419	14948	6.18
2420	14931	6.17
2421	14966	6.18
2422	14961	6.18
2423	14950	6.17
2424	15327	6.32
2425	15676	6.46
2426	14993	6.18
2427	15138	6.24
2428	15376	6.33
2429	15413	6.35
2430	15366	6.32
2431	15372	6.32
2432	15429	6.34
2433	15403	6.33
2434	15389	6.32
2435	15363	6.31
2436	15036	6.17
2437	15058	6.18
2438	15030	6.16
2439	15051	6.17
2440	15041	6.16
2441	15905	6.52
2442	16684	6.83
2443	15081	6.17
2444	15080	6.17
2445	15080	6.17
2446	15091	6.17
2447	15089	6.17
2448	15104	6.17
2449	15108	6.17
2450	15082	6.16
2451	15103	6.16
2452	15097	6.16
2453	15101	6.16
2454	15097	6.15
2455	15099	6.15
2456	19905	8.10
2457	22617	9.21
2458	16708	6.80
2459	22266	9.05
2460	20540	8.35
2461	15538	6.31
2462	16518	6.71
2463	18118	7.36
2464	16325	6.63
2465	17461	7.08
2466	15535	6.30
2467	16281	6.60
2468	15509	6.28
2469	15522	6.29
2470	15515	6.28
2471	15535	6.29
2472	15589	6.31
2473	15554	6.29
2474	15576	6.30
2475	15664	6.33
2476	15596	6.30
2477	15578	6.29
2478	15558	6.28
2479	15574	6.28
2480	15594	6.29
2481	15617	6.29
2482	15589	6.28
2483	16486	6.64
2484	15594	6.28
2485	15645	6.30
2486	15829	6.37
2487	15611	6.28
2488	15641	6.29
2489	15651	6.29
2490	15657	6.29
2491	15660	6.29
2492	15658	6.28
2493	15684	6.29
2494	15668	6.28
2495	15681	6.28
2496	15677	6.28
2497	15685	6.28
2498	15711	6.29
2499	15708	6.29
2500	15731	6.29
2501	15726	6.29
2502	15713	6.28
2503	15723	6.28
2504	15731	6.28
2505	15722	6.28
2506	15733	6.28
2507	15742	6.28
2508	15766	6.29
2509	15780	6.29
2510	15739	6.27
2511	15764	6.28
2512	15758	6.27
2513	15832	6.30
2514	15778	6.28
2515	15795	6.28
2516	15793	6.28
2517	15802	6.28
2518	15812	6.28
2519	15810	6.28
2520	15826	6.28
2521	15887	6.30
2522	15822	6.27
2523	15836	6.28
2524	15901	6.30
2525	15834	6.27
2526	15857	6.28
2527	15857	6.28
2528	15885	6.28
2529	15872	6.28
2530	15859	6.27
2531	15879	6.27
2532	15872	6.27
2533	15897	6.28
2534	15895	6.27
2535	15904	6.27
2536	15913	6.27
2537	15932	6.28
2538	15926	6.28
2539	15940	6.28
2540	15952	6.28
2541	15933	6.27
2542	15939	6.27
2543	15944	6.27
2544	16044	6.31
2545	15966	6.27
2546	15956	6.27
2547	15972	6.27
2548	15970	6.27
2549	15992	6.27
2550	15995	6.27
2551	16011	6.28
2552	17114	6.71
2553	16872	6.61
2554	17937	7.02
2555	16006	6.26
2556	15999	6.26
2557	16000	6.26
2558	16076	6.28
2559	15991	6.25
2560	15993	6.25
2561	16021	6.26
2562	16031	6.26
2563	16043	6.26
2564	16027	6.25
2565	16044	6.25
2566	16138	6.29
2567	16081	6.26
2568	16072	6.26
2569	16065	6.25
2570	16081	6.26
2571	16103	6.26
2572	16102	6.26
2573	16106	6.26
2574	16115	6.26
2575	16145	6.27
2576	16119	6.26
2577	16130	6.26
2578	16234	6.30
2579	16149	6.26
2580	16151	6.26
2581	16217	6.28
2582	16158	6.26
2583	16149	6.25
2584	16161	6.25
2585	16196	6.27
2586	16147	6.24
2587	16162	6.25
2588	16237	6.27
2589	16196	6.26
2590	16190	6.25
2591	16183	6.25
2592	16260	6.27
2593	16196	6.25
2594	16210	6.25
2595	16215	6.25
2596	16222	6.25
2597	16244	6.25
2598	16232	6.25
2599	16242	6.25
2600	16344	6.29
2601	16260	6.25
2602	16260	6.25
2603	16317	6.27
2604	16273	6.25
2605	16278	6.25
2606	16285	6.25
2607	16285	6.25
2608	16301	6.25
2609	16326	6.26
2610	16304	6.25
2611	16389	6.28
2612	16331	6.25
2613	16333	6.25
2614	16423	6.28
2615	16361	6.26
2616	16358	6.25
2617	16339	6.24
2618	16368	6.25
2619	16393	6.26
2620	16382	6.25
2621	16372	6.25
2622	16396	6.25
2623	16402	6.25
2624	16395	6.25
2625	16417	6.25
2626	16459	6.27
2627	16377	6.23
2628	16400	6.24
2629	16420	6.25
2630	16431	6.25
2631	16424	6.24
2632	16429	6.24
2633	16427	6.24
2634	16509	6.27
2635	16458	6.25
2636	16469	6.25
2637	16526	6.27
2638	16533	6.27
2639	16492	6.25
2640	16487	6.25
2641	16504	6.25
2642	16492	6.24
2643	16514	6.25
2644	17537	6.63
2645	16662	6.30
2646	16554	6.26
2647	16525	6.24
2648	16587	6.26
2649	16537	6.24
2650	16533	6.24
2651	16533	6.24
2652	16551	6.24
2653	16558	6.24
2654	16550	6.24
2655	16620	6.26
2656	16576	6.24
2657	16583	6.24
2658	16572	6.23
2659	16636	6.26
2660	16592	6.24
2661	16600	6.24
2662	16610	6.24
2663	16616	6.24
2664	16633	6.24
2665	16637	6.24
2666	16622	6.23
2667	16626	6.23
2668	16648	6.24
2669	16643	6.24
2670	16649	6.24
2671	16643	6.23
2672	16664	6.24
2673	16632	6.22
2674	16653	6.23
2675	16691	6.24
2676	16686	6.24
2677	16751	6.26
2678	16686	6.23
2679	16706	6.24
2680	16747	6.25
2681	16696	6.23
2682	16703	6.23
2683	16716	6.23
2684	16731	6.23
2685	16719	6.23
2686	16735	6.23
2687	16738	6.23
2688	16761	6.24
2689	16766	6.24
2690	16460	6.12
2691	17121	6.36
2692	16347	6.07
2693	16377	6.08
2694	16418	6.09
2695	16367	6.07
2696	16383	6.08
2697	16387	6.08
2698	16384	6.07
2699	17211	6.38
2700	17462	6.47
2701	16379	6.06
2702	16465	6.09
2703	16400	6.07
2704	16415	6.07
2705	16430	6.07
2706	16482	6.09
2707	16460	6.08
2708	16481	6.09
2709	16490	6.09
2710	16500	6.09
2711	16488	6.08
2712	16505	6.09
2713	16513	6.09
2714	16501	6.08
2715	16501	6.08
2716	16508	6.08
2717	16515	6.08
2718	16527	6.08
2719	17222	6.33
2720	16852	6.20
2721	16533	6.08
2722	16538	6.08
2723	16529	6.07
2724	16567	6.08
2725	16551	6.07
2726	16582	6.08
2727	16578	6.08
2728	16802	6.16
2729	16807	6.16
2730	16587	6.08
2731	16600	6.08
2732	16667	6.10
2733	16608	6.08
2734	16637	6.09
2735	16672	6.10
2736	16626	6.08
2737	18219	6.66
2738	18928	6.91
2739	19900	7.27
2740	16618	6.06
2741	16644	6.07
2742	16736	6.10
2743	16650	6.07
2744	16648	6.07
2745	16711	6.09
2746	17434	6.35
2747	17580	6.40
2748	16717	6.08
2749	16734	6.09
2750	17576	6.39
2751	16711	6.07
2752	16741	6.08
2753	20639	7.50
2754	16751	6.08
2755	16815	6.10
2756	16767	6.08
2757	16761	6.08
2758	16779	6.08
2759	16776	6.08
2760	16770	6.08
2761	16782	6.08
2762	16795	6.08
2763	17518	6.34
2764	17696	6.40
2765	16803	6.08
2766	16817	6.08
2767	18549	6.70
2768	16836	6.08
2769	16854	6.09
2770	16840	6.08
2771	16852	6.08
2772	20436	7.37
2773	16829	6.07
2774	16842	6.07
2775	16860	6.08
2776	16862	6.07
2777	16873	6.08
2778	16889	6.08
2779	17698	6.37
2780	17320	6.23
2781	17365	6.24
2782	17330	6.23
2783	17342	6.23
2784	17344	6.23
2785	17406	6.25
2786	17406	6.25
2787	17336	6.22
2788	17951	6.44
2789	16935	6.07
2790	16936	6.07
2791	16935	6.07
2792	16971	6.08
2793	16951	6.07
2794	16966	6.07
2795	17058	6.10
2796	17914	6.41
2797	16979	6.07
2798	16977	6.07
2799	17186	6.14
2800	17442	6.23
2801	17457	6.23
2802	17442	6.22
2803	17470	6.23
2804	18409	6.57
2805	23199	8.27
2806	20204	7.20
2807	25437	9.06
2808	22523	8.02
2809	17617	6.27
2810	18470	6.57
2811	17730	6.31
2812	17689	6.29
2813	20373	7.24
2814	21233	7.55
2815	18638	6.62
2816	17910	6.36
2817	22864	8.12
2818	20014	7.10
2819	25763	9.14
2820	27699	9.82
2821	19615	6.95
2822	17594	6.23
2823	17493	6.20
2824	17522	6.20
2825	17509	6.20
2826	17530	6.20
2827	17515	6.20
2828	17538	6.20
2829	17537	6.20
2830	18649	6.59
2831	20910	7.39
2832	22895	8.08
2833	17474	6.17
2834	17513	6.18
2835	18396	6.49
2836	21354	7.53
2837	18443	6.50
2838	17230	6.07
2839	17287	6.09
2840	17261	6.08
2841	17236	6.07
2842	17255	6.07
2843	18073	6.36
2844	17216	6.05
2845	17229	6.06
2846	17238	6.06
2847	18402	6.46
2848	17313	6.08
2849	17248	6.05
2850	17267	6.06
2851	18884	6.62
2852	17297	6.06
2853	17273	6.05
2854	17290	6.06
2855	17286	6.05
2856	19412	6.80
2857	17357	6.08
2858	17296	6.05
2859	17312	6.06
2860	17307	6.05
2861	17304	6.05
2862	17311	6.05
2863	17311	6.05
2864	17292	6.04
2865	17322	6.05
2866	18299	6.38
2867	17424	6.08
2868	17359	6.05
2869	17339	6.04
2870	18197	6.34
2871	17331	6.04
2872	17329	6.03
2873	17360	6.04
2874	17355	6.04
2875	17354	6.04
2876	17365	6.04
2877	17364	6.04
2878	17388	6.04
2879	17373	6.03
2880	17366	6.03
2881	17396	6.04
2882	17396	6.04
2883	17381	6.03
2884	17389	6.03
2885	17390	6.03
2886	17417	6.03
2887	17411	6.03
2888	17434	6.04
2889	17416	6.03
2890	17428	6.03
2891	17460	6.04
2892	17444	6.03
2893	17479	6.04
2894	17465	6.03
2895	17456	6.03
2896	17666	6.10
2897	18355	6.34
2898	18446	6.37
2899	18387	6.34
2900	18396	6.34
2901	18404	6.34
2902	18400	6.34
2903	18404	6.34
2904	18440	6.35
2905	18424	6.34
2906	18429	6.34
2907	18390	6.33
2908	18518	6.37
2909	18425	6.33
2910	18447	6.34
2911	18458	6.34
2912	18475	6.34
2913	18469	6.34
2914	18483	6.34
2915	18465	6.33
2916	18483	6.34
2917	18496	6.34
2918	18585	6.37
2919	18492	6.34
2920	18509	6.34
2921	18501	6.33
2922	18485	6.33
2923	18525	6.34
2924	18540	6.34
2925	18564	6.35
2926	18563	6.34
2927	18548	6.34
2928	18560	6.34
2929	18483	6.31
2930	18566	6.34
2931	18582	6.34
2932	18575	6.34
2933	18639	6.35
2934	18626	6.35
2935	18575	6.33
2936	18695	6.37
2937	18661	6.35
2938	18646	6.35
2939	18626	6.34
2940	18613	6.33
2941	18615	6.33
2942	18629	6.33
2943	18653	6.34
2944	18655	6.34
2945	18640	6.33
2946	18648	6.33
2947	18784	6.37
2948	18699	6.34
2949	18710	6.34
2950	18691	6.34
2951	18712	6.34
2952	18719	6.34
2953	18716	6.34
2954	18716	6.34
2955	18746	6.34
2956	18732	6.34
2957	18752	6.34
2958	18730	6.33
2959	18731	6.33
2960	18768	6.34
2961	18796	6.35
2962	18865	6.37
2963	18815	6.35
2964	18825	6.35
2965	18975	6.40
2966	18894	6.37
2967	18810	6.34
2968	18834	6.35
2969	18828	6.34
2970	18827	6.34
2971	18810	6.33
2972	18841	6.34
2973	18853	6.34
2974	18851	6.34
2975	18873	6.34
2976	18951	6.37
2977	18894	6.35
2978	18871	6.34
2979	18890	6.34
2980	18878	6.33
2981	18906	6.34
2982	18874	6.33
2983	18920	6.34
2984	18895	6.33
2985	18987	6.36
2986	18961	6.35
2987	18940	6.34
2988	18978	6.35
2989	18986	6.35
2990	18929	6.33
2991	18932	6.33
2992	18939	6.33
2993	21116	7.06
2994	18573	6.20
2995	18510	6.18
2996	18528	6.18
2997	18543	6.19
2998	18509	6.17
2999	18518	6.17
3000	18548	6.18
3001	18559	6.18
3002	18580	6.19
3003	18609	6.20
3004	18579	6.18
3005	18656	6.21
3006	18576	6.18
3007	18553	6.17
3008	18572	6.17
3009	18545	6.16
3010	18588	6.18
3011	18614	6.18
3012	18575	6.17
3013	18656	6.19
3014	18646	6.19
3015	18633	6.18
3016	18659	6.19
3017	18653	6.18
3018	18631	6.17
3019	18633	6.17
3020	18638	6.17
3021	18619	6.16
3022	18621	6.16
3023	18677	6.18
3024	18680	6.18
3025	18702	6.18
3026	18671	6.17
3027	18689	6.17
3028	18700	6.18
3029	18711	6.18
3030	18704	6.17
3031	18702	6.17
3032	18735	6.18
3033	20850	6.87
3034	18758	6.18
3035	18756	6.18
3036	18711	6.16
3037	18734	6.17
3038	18720	6.16
3039	18786	6.18
3040	18755	6.17
3041	18759	6.17
3042	18774	6.17
3043	18790	6.17
3044	18821	6.18
3045	18790	6.17
3046	18755	6.16
3047	18772	6.16
3048	18766	6.16
3049	19676	6.45
3050	18813	6.17
3051	19674	6.45
3052	18904	6.19
3053	18896	6.19
3054	18835	6.17
3055	18864	6.17
3056	18840	6.16
3057	18830	6.16
3058	18823	6.16
3059	18850	6.16
3060	18820	6.15
3061	18857	6.16
3062	18884	6.17
3063	18904	6.17
3064	18879	6.16
3065	18887	6.16
3066	18901	6.16
3067	18887	6.16
3068	18900	6.16
3069	18906	6.16
3070	18889	6.15
3071	18985	6.18
3072	18984	6.18
3073	19515	6.35
3074	18970	6.17
3075	18958	6.17
3076	18982	6.17
3077	18988	6.17
3078	18971	6.16
3079	18987	6.17
3080	18989	6.17
3081	19081	6.19
3082	18986	6.16
3083	18984	6.16
3084	18995	6.16
3085	18993	6.16
3086	19013	6.16
3087	19013	6.16
3088	19035	6.16
3089	19292	6.25
3090	18584	6.01
3091	18646	6.03
3092	18588	6.01
3093	18618	6.02
3094	18619	6.02
3095	18619	6.02
3096	19459	6.29
3097	18605	6.01
3098	18685	6.03
3099	19598	6.32
3100	20558	6.63
3101	18659	6.02
3102	18636	6.01
3103	18669	6.02
3104	18634	6.00
3105	18938	6.10
3106	19468	6.27
3107	18658	6.01
3108	18692	6.01
3109	19102	6.14
3110	18835	6.06
3111	19585	6.30
3112	18736	6.02
3113	19316	6.20
3114	19168	6.16
3115	19171	6.15
3116	19214	6.17
3117	19189	6.16
3118	19217	6.16
3119	19254	6.17
3120	19261	6.17
3121	19236	6.16
3122	19255	6.17
3123	19250	6.16
3124	19252	6.16
3125	19290	6.17
3126	19269	6.16
3127	19285	6.17
3128	19318	6.18
3129	19378	6.19
3130	19324	6.17
3131	19312	6.17
3132	20081	6.41
3133	19324	6.17
3134	19317	6.16
3135	19300	6.16
3136	19304	6.16
3137	19310	6.16
3138	20313	6.47
3139	18892	6.02
3140	18889	6.02
3141	18889	6.01
3142	18891	6.01
3143	18898	6.01
3144	21732	6.91
3145	19374	6.16
3146	19448	6.18
3147	19407	6.17
3148	19385	6.16
3149	19405	6.16
3150	19398	6.16
3151	19387	6.15
3152	19399	6.15
3153	19395	6.15
3154	19413	6.16
3155	19471	6.17
3156	19482	6.17
3157	19424	6.15
3158	19427	6.15
3159	19449	6.16
3160	19446	6.15
3161	19447	6.15
3162	19423	6.14
3163	19438	6.15
3164	19477	6.16
3165	19493	6.16
3166	19517	6.16
3167	19499	6.16
3168	19487	6.15
3169	19514	6.16
3170	19361	6.11
3171	19044	6.01
3172	19049	6.01
3173	19039	6.00
3174	19141	6.03
3175	19127	6.02
3176	19070	6.00
3177	21243	6.69
3178	19518	6.14
3179	19535	6.15
3180	19539	6.14
3181	19538	6.14
3182	19537	6.14
3183	19608	6.16
3184	19661	6.17
3185	19552	6.14
3186	19583	6.15
3187	19604	6.15
3188	19587	6.14
3189	19599	6.15
3190	20356	6.38
3191	19573	6.13
3192	19604	6.14
3193	19641	6.15
3194	19632	6.15
3195	19611	6.14
3196	19630	6.14
3197	19642	6.14
3198	19649	6.14
3199	19638	6.14
3200	19715	6.16
3201	19715	6.16
3202	19766	6.17
3203	19714	6.15
3204	19728	6.16
3205	19753	6.16
3206	19733	6.16
3207	19712	6.15
3208	19746	6.16
3209	19750	6.15
3210	19738	6.15
3211	19777	6.16
3212	19765	6.15
3213	19791	6.16
3214	19749	6.14
3215	19787	6.15
3216	19764	6.15
3217	19780	6.15
3218	19819	6.16
3219	19805	6.15
3220	19811	6.15
3221	19827	6.16
3222	19833	6.16
3223	19812	6.15
3224	19847	6.16
3225	19811	6.14
3226	19837	6.15
3227	19847	6.15
3228	19824	6.14
3229	19857	6.15
3230	19878	6.15
3231	19949	6.17
3232	19897	6.16
3233	19870	6.15
3234	19889	6.15
3235	19909	6.15
3236	21048	6.50
3237	20756	6.41
3238	19902	6.15
3239	19913	6.15
3240	19923	6.15
3241	19915	6.14
3242	19924	6.15
3243	19928	6.14
3244	19937	6.15
3245	19958	6.15
3246	19939	6.14
3247	19992	6.16
3248	21316	6.56
3249	19976	6.15
3250	19988	6.15
3251	19943	6.13
3252	19984	6.15
3253	19973	6.14
3254	19990	6.14
3255	19978	6.14
3256	20089	6.17
3257	20037	6.15
3258	20014	6.14
3259	20020	6.14
3260	20043	6.15
3261	20027	6.14
3262	20314	6.23
3263	20849	6.39
3264	20036	6.14
3265	20063	6.14
3266	20080	6.15
3267	20102	6.15
3268	21552	6.59
3269	20462	6.26
3270	19601	5.99
3271	19582	5.99
3272	20342	6.22
3273	19600	5.99
3274	20240	6.18
3275	21177	6.47
3276	20149	6.15
3277	20103	6.13
3278	20088	6.13
3279	20101	6.13
3280	20097	6.13
3281	20141	6.14
3282	20140	6.14
3283	20246	6.17
3284	20915	6.37
3285	20509	6.24
3286	20540	6.25
3287	21814	6.64
3288	20159	6.13
3289	20163	6.13
3290	20200	6.14
3291	20265	6.16
3292	20203	6.14
3293	20189	6.13
3294	20164	6.12
3295	20187	6.13
3296	20208	6.13
3297	20223	6.13
3298	20199	6.12
3299	20225	6.13
3300	20299	6.15
3301	20252	6.14
3302	20258	6.14
3303	20265	6.14
3304	20639	6.25
3305	20345	6.16
3306	20501	6.20
3307	20283	6.13
3308	20281	6.13
3309	20304	6.14
3310	20339	6.14
3311	20325	6.14
3312	20323	6.14
3313	20317	6.13
3314	20348	6.14
3315	20324	6.13
3316	20319	6.13
3317	20347	6.13
3318	20356	6.14
3319	20356	6.13
3320	20373	6.14
3321	20361	6.13
3322	20369	6.13
3323	20368	6.13
3324	20401	6.14
3325	20384	6.13
3326	20376	6.13
3327	20461	6.15
3328	20509	6.16
3329	20405	6.13
3330	20459	6.14
3331	20422	6.13
3332	20403	6.12
3333	20423	6.13
3334	20423	6.13
3335	20447	6.13
3336	20568	6.17
3337	20454	6.13
3338	20508	6.14
3339	21647	6.48
3340	21605	6.47
3341	20570	6.16
3342	20499	6.13
3343	20486	6.13
3344	20569	6.15
3345	20609	6.16
3346	20521	6.13
3347	20528	6.13
3348	20501	6.12
3349	20483	6.12
3350	20528	6.13
3351	20516	6.12
3352	20540	6.13
3353	20625	6.15
3354	20574	6.13
3355	20583	6.14
3356	20549	6.12
3357	20576	6.13
3358	20553	6.12
3359	20576	6.13
3360	20580	6.12
3361	20557	6.12
3362	20681	6.15
3363	20591	6.12
3364	20591	6.12
3365	20577	6.12
3366	20603	6.12
3367	20608	6.12
3368	20636	6.13
3369	20646	6.13
3370	20615	6.12
3371	20737	6.15
3372	20659	6.13
3373	20671	6.13
3374	20658	6.12
3375	20662	6.12
3376	21930	6.50
3377	20679	6.12
3378	20666	6.12
3379	20763	6.14
3380	20706	6.13
3381	20698	6.12
3382	20706	6.12
3383	20688	6.12
3384	20731	6.13
3385	20720	6.12
3386	20728	6.12
3387	20761	6.13
3388	20800	6.14
3389	20740	6.12
3390	20735	6.12
3391	20754	6.12
3392	20729	6.11
3393	20748	6.11
3394	20731	6.11
3395	20750	6.11
3396	20787	6.12
3397	20789	6.12
3398	20808	6.12
3399	20808	6.12
3400	20832	6.13
3401	20805	6.12
3402	20841	6.13
3403	20826	6.12
3404	20809	6.11
3405	20845	6.12
3406	20860	6.12
3407	20834	6.12
3408	20857	6.12
3409	20852	6.12
3410	20853	6.12
3411	20859	6.12
3412	20869	6.12
3413	20860	6.11
3414	20949	6.14
3415	20940	6.13
3416	20871	6.11
3417	20895	6.12
3418	20913	6.12
3419	20892	6.11
3420	20946	6.12
3421	20928	6.12
3422	20979	6.13
3423	21018	6.14
3424	20949	6.12
3425	20950	6.12
3426	20951	6.12
3427	20961	6.12
3428	20994	6.12
3429	21004	6.13
3430	20943	6.11
3431	21012	6.12
3432	21021	6.12
3433	20969	6.11
3434	20971	6.11
3435	20967	6.10
3436	21014	6.12
3437	20976	6.10
3438	20990	6.11
3439	21130	6.14
3440	22368	6.50
3441	21027	6.11
3442	22326	6.49
3443	21072	6.12
3444	21044	6.11
3445	21051	6.11
3446	21070	6.11
3447	21072	6.11
3448	21148	6.13
3449	21096	6.12
3450	21127	6.12
3451	21098	6.11
3452	21103	6.11
3453	21076	6.10
3454	21535	6.23
3455	21101	6.11
3456	21176	6.13
3457	21134	6.11
3458	21127	6.11
3459	21133	6.11
3460	21117	6.10
3461	21124	6.10
3462	21157	6.11
3463	21130	6.10
3464	21145	6.10
3465	21172	6.11
3466	21241	6.13
3467	21182	6.11
3468	21200	6.11
3469	21181	6.11
3470	21195	6.11
3471	21182	6.10
3472	21186	6.10
3473	21220	6.11
3474	21309	6.13
3475	21237	6.11
3476	21243	6.11
3477	21240	6.11
3478	21213	6.10
3479	21260	6.11
3480	21263	6.11
3481	21242	6.10
3482	21380	6.14
3483	21265	6.11
3484	21294	6.11
3485	21302	6.11
3486	21418	6.14
3487	21286	6.10
3488	21299	6.11
3489	21316	6.11
3490	21387	6.13
3491	21418	6.14
3492	21770	6.23
3493	21319	6.10
3494	21327	6.10
3495	21330	6.10
3496	21360	6.11
3497	21341	6.10
3498	21369	6.11
3499	21365	6.11
3500	21385	6.11
3501	21369	6.10
3502	21398	6.11
3503	21414	6.11
3504	21384	6.10
3505	21428	6.11
3506	21431	6.11
3507	21416	6.11
3508	21476	6.12
3509	21422	6.10
3510	21396	6.10
3511	21427	6.10
3512	21471	6.11
3513	21437	6.10
3514	21433	6.10
3515	21507	6.12
3516	21464	6.10
3517	21476	6.11
3518	21475	6.10
3519	21468	6.10
3520	21508	6.11
3521	21494	6.10
3522	21467	6.10
3523	21519	6.11
3524	21563	6.12
3525	21539	6.11
3526	21548	6.11
3527	21514	6.10
3528	23209	6.58
3529	21567	6.11
3530	21558	6.11
3531	21512	6.09
3532	21578	6.11
3533	21636	6.12
3534	21563	6.10
3535	21562	6.10
3536	21587	6.10
3537	22332	6.31
3538	25663	7.25
3539	21563	6.09
3540	22482	6.35
3541	21606	6.10
3542	21584	6.09
3543	21608	6.10
3544	21611	6.10
3545	21632	6.10
3546	21622	6.10
3547	21600	6.09
3548	21722	6.12
3549	21736	6.12
3550	21661	6.10
3551	21646	6.10
3552	21688	6.11
3553	21670	6.10
3554	21662	6.10
3555	21668	6.10
3556	21661	6.09
3557	21896	6.16
3558	22554	6.34
3559	22070	6.20
3560	22207	6.24
3561	21705	6.10
3562	21666	6.08
3563	21732	6.10
3564	21719	6.09
3565	21873	6.14
3566	21736	6.10
3567	21748	6.10
3568	21729	6.09
3569	21764	6.10
3570	21758	6.09
3571	21760	6.09
3572	21798	6.10
3573	21776	6.09
3574	21857	6.12
3575	21810	6.10
3576	21773	6.09
3577	21771	6.09
3578	21799	6.09
3579	21834	6.10
3580	21796	6.09
3581	21849	6.10
3582	21904	6.12
3583	21817	6.09
3584	21820	6.09
3585	21825	6.09
3586	21821	6.09
3587	21811	6.08
3588	21843	6.09
3589	21828	6.08
3590	21859	6.09
3591	21865	6.09
3592	21890	6.09
3593	22037	6.13
3594	21883	6.09
3595	21894	6.09
3596	21906	6.09
3597	21896	6.09
3598	21932	6.10
3599	21928	6.09
3600	21955	6.10
3601	21945	6.09
3602	22043	6.12
3603	22279	6.18
3604	21944	6.09
3605	21944	6.09
3606	22056	6.12
3607	22794	6.32
3608	21973	6.09
3609	21968	6.09
3610	21995	6.09
3611	21979	6.09
3612	21976	6.08
3613	21969	6.08
3614	22005	6.09
3615	22076	6.11
3616	22032	6.09
3617	22033	6.09
3618	22023	6.09
3619	22041	6.09
3620	24437	6.75
3621	22052	6.09
3622	22028	6.08
3623	22093	6.10
3624	22033	6.08
3625	22055	6.08
3626	22054	6.08
3627	23743	6.55
3628	22977	6.33
3629	24750	6.82
3630	22082	6.08
3631	22172	6.11
3632	22108	6.09
3633	22116	6.09
3634	23425	6.45
3635	22152	6.09
3636	22098	6.08
3637	22136	6.09
3638	22135	6.08
3639	22130	6.08
3640	22156	6.09
3641	22144	6.08
3642	22166	6.09
3643	22170	6.09
3644	22191	6.09
3645	22171	6.08
3646	22207	6.09
3647	22177	6.08
3648	22192	6.08
3649	22198	6.08
3650	22196	6.08
3651	22213	6.08
3652	22223	6.09
3653	22226	6.08
3654	22428	6.14
3655	22188	6.07
3656	22230	6.08
3657	22255	6.09
3658	22242	6.08
3659	22234	6.08
3660	22259	6.08
3661	22266	6.08
3662	22251	6.08
3663	22284	6.08
3664	22262	6.08
3665	22270	6.08
3666	22307	6.08
3667	22275	6.07
3668	22287	6.08
3669	22298	6.08
3670	22294	6.07
3671	22333	6.08
3672	22342	6.08
3673	22309	6.07
3674	22336	6.08
3675	22339	6.08
3676	22337	6.08
3677	22367	6.08
3678	23514	6.39
3679	22372	6.08
3680	22359	6.08
3681	22381	6.08
3682	22377	6.08
3683	22404	6.08
3684	22393	6.08
3685	22401	6.08
3686	22408	6.08
3687	22415	6.08
3688	22435	6.08
3689	22406	6.07
3690	22435	6.08
3691	22462	6.09
3692	22497	6.09
3693	22420	6.07
3694	22447	6.08
3695	22432	6.07
3696	22466	6.08
3697	22475	6.08
3698	22468	6.08
3699	22458	6.07
3700	24492	6.62
3701	22521	6.09
3702	22493	6.08
3703	22496	6.08
3704	22476	6.07
3705	22520	6.08
3706	22519	6.08
3707	22507	6.07
3708	22521	6.07
3709	22556	6.08
3710	22618	6.10
3711	22556	6.08
3712	22546	6.07
3713	22565	6.08
3714	22555	6.07
3715	22563	6.07
3716	22572	6.07
3717	22572	6.07
3718	22652	6.09
3719	22591	6.07
3720	22600	6.08
3721	22607	6.08
3722	22613	6.08
3723	22635	6.08
3724	22629	6.08
3725	22647	6.08
3726	22694	6.09
3727	22681	6.09
3728	22671	6.08
3729	22640	6.07
3730	22678	6.08
3731	22679	6.08
3732	22653	6.07
3733	22693	6.08
3734	22676	6.07
3735	22693	6.08
3736	23137	6.19
3737	23425	6.27
3738	22702	6.07
3739	22738	6.08
3740	22782	6.09
3741	22740	6.08
3742	23570	6.30
3743	22713	6.07
3744	22714	6.07
3745	22735	6.07
3746	22726	6.07
3747	22724	6.06
3748	22735	6.07
3749	22753	6.07
3750	22806	6.08
3751	22774	6.07
3752	22789	6.07
3753	22773	6.07
3754	22775	6.07
3755	22784	6.07
3756	22811	6.07
3757	22865	6.09
3758	22860	6.08
3759	22807	6.07
3760	22801	6.06
3761	22822	6.07
3762	22849	6.07
3763	22849	6.07
3764	22833	6.07
3765	22887	6.08
3766	22891	6.08
3767	22896	6.08
3768	23856	6.33
3769	24042	6.38
3770	22902	6.07
3771	22917	6.08
3772	22948	6.08
3773	22903	6.07
3774	22902	6.07
3775	22895	6.06
3776	22911	6.07
3777	22905	6.06
3778	22926	6.07
3779	22934	6.07
3780	23003	6.09
3781	23028	6.09
3782	22942	6.07
3783	22960	6.07
3784	22964	6.07
3785	22970	6.07
3786	22961	6.06
3787	22957	6.06
3788	23003	6.07
3789	22983	6.07
3790	23027	6.08
3791	22995	6.07
3792	22994	6.06
3793	23017	6.07
3794	23033	6.07
3795	23023	6.07
3796	23039	6.07
3797	23068	6.08
3798	23060	6.07
3799	23065	6.07
3800	23100	6.08
3801	23058	6.07
3802	23064	6.07
3803	23065	6.06
3804	23192	6.10
3805	23093	6.07
3806	23075	6.06
3807	23081	6.06
3808	23076	6.06
3809	23082	6.06
3810	23076	6.06
3811	23097	6.06
3812	23185	6.08
3813	23128	6.07
3814	23136	6.07
3815	23127	6.06
3816	23157	6.07
3817	23158	6.07
3818	23159	6.07
3819	23204	6.08
3820	23167	6.06
3821	23163	6.06
3822	23193	6.07
3823	23182	6.06
3824	23191	6.06
3825	23192	6.06
3826	23948	6.26
3827	23253	6.08
3828	23305	6.09
3829	23273	6.08
3830	23240	6.07
3831	27987	7.31
3832	25562	6.67
3833	23048	6.01
3834	23089	6.02
3835	23087	6.02
3836	23104	6.02
3837	23110	6.02
3838	23115	6.02
3839	23107	6.02
3840	23100	6.02
3841	23124	6.02
3842	23128	6.02
3843	23105	6.01
3844	24296	6.32
3845	23140	6.02
3846	23152	6.02
3847	23158	6.02
3848	23164	6.02
3849	23161	6.02
3850	23932	6.22
3851	23160	6.01
3852	23164	6.01
3853	23170	6.01
3854	24083	6.25
3855	24732	6.42
3856	23248	6.03
3857	23196	6.01
3858	23190	6.01
3859	23195	6.01
3860	23327	6.04
3861	25640	6.64
3862	23199	6.01
3863	23338	6.04
3864	24153	6.25
3865	23246	6.01
3866	23922	6.19
3867	23818	6.16
3868	24085	6.23
3869	23793	6.15
3870	23838	6.16
3871	23852	6.16
3872	23861	6.16
3873	23935	6.18
3874	24026	6.20
3875	23857	6.16
3876	23847	6.15
3877	23876	6.16
3878	23870	6.16
3879	23887	6.16
3880	23900	6.16
3881	23878	6.15
3882	23909	6.16
3883	23924	6.16
3884	25001	6.44
3885	24754	6.37
3886	24426	6.29
3887	24815	6.38
3888	24352	6.26
3889	23955	6.16
3890	24646	6.34
3891	24957	6.41
3892	23968	6.16
3893	23970	6.16
3894	24789	6.37
3895	24161	6.20
3896	23960	6.15
3897	24014	6.16
3898	24429	6.27
3899	24067	6.17
3900	24037	6.16
3901	23984	6.15
3902	25623	6.57
3903	24011	6.15
3904	24127	6.18
3905	24049	6.16
3906	24149	6.18
3907	24081	6.16
3908	25069	6.41
3909	24051	6.15
3910	25676	6.57
3911	24048	6.15
3912	24052	6.15
3913	24214	6.19
3914	24713	6.31
3915	24683	6.30
3916	23700	6.05
3917	24978	6.38
3918	24715	6.31
3919	24713	6.31
3920	24647	6.29
3921	24672	6.29
3922	24907	6.35
3923	24728	6.30
3924	25188	6.42
3925	25411	6.47
3926	24169	6.16
3927	24888	6.34
3928	24841	6.32
3929	25300	6.44
3930	25738	6.55
3931	24759	6.30
3932	25683	6.53
3933	24203	6.15
3934	25247	6.42
3935	24465	6.22
3936	24517	6.23
3937	24709	6.28
3938	24850	6.31
3939	24074	6.11
3940	24281	6.16
3941	24833	6.30
3942	24867	6.31
3943	23866	6.05
3944	24476	6.21
3945	24878	6.31
3946	24882	6.31
3947	24862	6.30
3948	25222	6.39
3949	23956	6.07
3950	24364	6.17
3951	24292	6.15
3952	24289	6.15
3953	24767	6.27
3954	24532	6.20
3955	24097	6.09
3956	25457	6.44
3957	24956	6.31
3958	24957	6.31
3959	24488	6.19
3960	24339	6.15
3961	25237	6.37
3962	24549	6.20
3963	24107	6.08
3964	24587	6.20
3965	25324	6.39
3966	24658	6.22
3967	24379	6.15
3968	25668	6.47
3969	24759	6.24
3970	24883	6.27
3971	25834	6.51
3972	25304	6.37
3973	24409	6.14
3974	25377	6.39
3975	25219	6.34
3976	24785	6.23
3977	25212	6.34
3978	26025	6.54
3979	24857	6.25
3980	25371	6.37
3981	25974	6.52
3982	25314	6.36
3983	25018	6.28
3984	25852	6.49
3985	24894	6.25
3986	24637	6.18
3987	24664	6.19
3988	26078	6.54
3989	24260	6.08
3990	24474	6.13
3991	25796	6.46
3992	26601	6.66
3993	24679	6.18
3994	24983	6.26
3995	25526	6.39
3996	25483	6.38
3997	25379	6.35
3998	24594	6.15
3999	25452	6.36
4000	25620	6.41
