N	Total Time	Average CPE
1	349	349.00
2	179	89.50
3	174	58.00
4	251	62.75
5	338	67.60
6	411	68.50
7	422	60.29
8	609	76.12
9	629	69.89
10	625	62.50
11	771	70.09
12	787	65.58
13	982	75.54
14	950	67.86
15	1134	75.60
16	1164	72.75
17	1149	67.59
18	1231	68.39
19	1343	70.68
20	892	44.60
21	409	19.48
22	439	19.95
23	457	19.87
24	481	20.04
25	500	20.00
26	523	20.12
27	544	20.15
28	1060	37.86
29	2223	76.66
30	2065	68.83
31	2368	76.39
32	2247	70.22
33	2335	70.76
34	2409	70.85
35	964	27.54
36	727	20.19
37	748	20.22
38	789	20.76
39	893	22.90
40	632	15.80
41	642	15.66
42	658	15.67
43	691	16.07
44	724	16.45
45	771	17.13
46	816	17.74
47	890	18.94
48	890	18.54
49	874	17.84
50	834	16.68
51	848	16.63
52	872	16.77
53	906	17.09
54	923	17.09
55	884	16.07
56	909	16.23
57	927	16.26
58	939	16.19
59	980	16.61
60	948	15.80
61	955	15.66
62	970	15.65
63	998	15.84
64	1000	15.62
65	1023	15.74
66	1039	15.74
67	1038	15.49
68	1062	15.62
69	1086	15.74
70	1094	15.63
71	1115	15.70
72	1146	15.92
73	1139	15.60
74	1160	15.68
75	1182	15.76
76	1196	15.74
77	1234	16.03
78	1258	16.13
79	1243	15.73
80	1575	19.69
81	1656	20.44
82	1716	20.93
83	1701	20.49
84	1740	20.71
85	1751	20.60
86	1787	20.78
87	1844	21.20
88	1831	20.81
89	1864	20.94
90	1878	20.87
91	1903	20.91
92	1926	20.93
93	1941	20.87
94	1946	20.70
95	1978	20.82
96	2000	20.83
97	2004	20.66
98	2026	20.67
99	2053	20.74
100	2046	20.46
101	2088	20.67
102	2110	20.69
103	2145	20.83
104	2155	20.72
105	2172	20.69
106	2198	20.74
107	2214	20.69
108	2232	20.67
109	2256	20.70
110	2279	20.72
111	2304	20.76
112	2318	20.70
113	2344	20.74
114	2369	20.78
115	2458	21.37
116	2478	21.36
117	2540	21.71
118	2601	22.04
119	2660	22.35
120	2633	21.94
121	2591	21.41
122	2615	21.43
123	2661	21.63
124	2576	20.77
125	2597	20.78
126	2647	21.01
127	2692	21.20
128	2711	21.18
129	2717	21.06
130	2945	22.65
131	2809	21.44
132	2992	22.67
133	2797	21.03
134	2851	21.28
135	2800	20.74
136	2819	20.73
137	2839	20.72
138	2861	20.73
139	2879	20.71
140	2906	20.76
141	3038	21.55
142	3039	21.40
143	3036	21.23
144	3168	22.00
145	3236	22.32
146	3292	22.55
147	3481	23.68
148	3590	24.26
149	3624	24.32
150	3761	25.07
151	3159	20.92
152	7630	50.20
153	13080	85.49
154	16190	105.13
155	5262	33.95
156	3322	21.29
157	3317	21.13
158	3285	20.79
159	3310	20.82
160	3319	20.74
161	3348	20.80
162	3374	20.83
163	3983	24.44
164	3308	20.17
165	3329	20.18
166	3351	20.19
167	3380	20.24
168	3391	20.18
169	3408	20.17
170	3433	20.19
171	3453	20.19
172	3478	20.22
173	3494	20.20
174	3523	20.25
175	3537	20.21
176	3552	20.18
177	3575	20.20
178	3596	20.20
179	3614	20.19
180	3632	20.18
181	3656	20.20
182	3678	20.21
183	3704	20.24
184	3727	20.26
185	3750	20.27
186	3752	20.17
187	3780	20.21
188	4337	23.07
189	3718	19.67
190	3736	19.66
191	3761	19.69
192	3930	20.47
193	3801	19.69
194	4352	22.43
195	3730	19.13
196	3770	19.23
197	3774	19.16
198	3794	19.16
199	3814	19.17
200	3751	18.75
201	3738	18.60
202	3771	18.67
203	3792	18.68
204	3808	18.67
205	4550	22.20
206	3743	18.17
207	3766	18.19
208	4064	19.54
209	3900	18.66
210	4191	19.96
211	3975	18.84
212	4017	18.95
213	4014	18.85
214	4459	20.84
215	3914	18.20
216	4003	18.53
217	4060	18.71
218	4176	19.16
219	4109	18.76
220	4149	18.86
221	4118	18.63
222	4056	18.27
223	4056	18.19
224	5323	23.76
225	4096	18.20
226	5157	22.82
227	4135	18.22
228	4147	18.19
229	4171	18.21
230	4186	18.20
231	4206	18.21
232	4229	18.23
233	4242	18.21
234	4265	18.23
235	4280	18.21
236	4300	18.22
237	4331	18.27
238	4328	18.18
239	4354	18.22
240	4367	18.20
241	4388	18.21
242	4417	18.25
243	4421	18.19
244	4443	18.21
245	4577	18.68
246	4483	18.22
247	4502	18.23
248	4518	18.22
249	4533	18.20
250	4550	18.20
251	4576	18.23
252	4590	18.21
253	4607	18.21
254	4626	18.21
255	4644	18.21
256	4665	18.22
257	4743	18.46
258	4706	18.24
259	4715	18.20
260	4733	18.20
261	4753	18.21
262	4772	18.21
263	4787	18.20
264	4814	18.23
265	4826	18.21
266	4842	18.20
267	4864	18.22
268	4885	18.23
269	4899	18.21
270	4919	18.22
271	4937	18.22
272	4955	18.22
273	4981	18.25
274	4980	18.18
275	5017	18.24
276	5033	18.24
277	5045	18.21
278	5069	18.23
279	5082	18.22
280	5100	18.21
281	5123	18.23
282	5137	18.22
283	5133	18.14
284	5166	18.19
285	5194	18.22
286	5214	18.23
287	5223	18.20
288	5251	18.23
289	5260	18.20
290	5354	18.46
291	5299	18.21
292	6079	20.82
293	5416	18.48
294	5568	18.94
295	5665	19.20
296	5486	18.53
297	6436	21.67
298	7278	24.42
299	5530	18.49
300	5445	18.15
301	5482	18.21
302	5504	18.23
303	5520	18.22
304	5539	18.22
305	5557	18.22
306	5577	18.23
307	5597	18.23
308	5616	18.23
309	5628	18.21
310	5660	18.26
311	5657	18.19
312	5694	18.25
313	5702	18.22
314	5723	18.23
315	5740	18.22
316	5757	18.22
317	5787	18.26
318	5781	18.18
319	5815	18.23
320	5831	18.22
321	5845	18.21
322	5880	18.26
323	5880	18.20
324	5906	18.23
325	5921	18.22
326	5947	18.24
327	5971	18.26
328	5970	18.20
329	5993	18.22
330	6024	18.25
331	6026	18.21
332	6045	18.21
333	6077	18.25
334	6081	18.21
335	6106	18.23
336	6135	18.26
337	6206	18.42
338	6234	18.44
339	7067	20.85
340	4740	13.94
341	6136	17.99
342	4693	13.72
343	4687	13.66
344	4692	13.64
345	4705	13.64
346	4720	13.64
347	6787	19.56
348	4755	13.66
349	4850	13.90
350	4921	14.06
351	4895	13.95
352	4953	14.07
353	4883	13.83
354	7144	20.18
355	4833	13.61
356	4846	13.61
357	4865	13.63
358	4886	13.65
359	4898	13.64
360	4920	13.67
361	4923	13.64
362	4933	13.63
363	4958	13.66
364	4967	13.65
365	4957	13.58
366	4983	13.61
367	5002	13.63
368	5016	13.63
369	5036	13.65
370	5057	13.67
371	5059	13.64
372	5054	13.59
373	5077	13.61
374	5169	13.82
375	5840	15.57
376	5130	13.64
377	5151	13.66
378	5157	13.64
379	5174	13.65
380	5157	13.57
381	5193	13.63
382	5206	13.63
383	5217	13.62
384	5225	13.61
385	5246	13.63
386	5251	13.60
387	5273	13.63
388	5279	13.61
389	5296	13.61
390	5308	13.61
391	5324	13.62
392	5337	13.61
393	5340	13.59
394	5375	13.64
395	5388	13.64
396	5400	13.64
397	5416	13.64
398	5420	13.62
399	5431	13.61
400	5521	13.80
401	5457	13.61
402	5483	13.64
403	5494	13.63
404	5493	13.60
405	5535	13.67
406	5535	13.63
407	5542	13.62
408	5550	13.60
409	5650	13.81
410	5588	13.63
411	5598	13.62
412	5610	13.62
413	5622	13.61
414	5642	13.63
415	5654	13.62
416	5675	13.64
417	5677	13.61
418	5690	13.61
419	5708	13.62
420	5715	13.61
421	5743	13.64
422	5742	13.61
423	5752	13.60
424	8723	20.57
425	5843	13.75
426	5813	13.65
427	5806	13.60
428	5841	13.65
429	5851	13.64
430	5860	13.63
431	5866	13.61
432	5892	13.64
433	5898	13.62
434	5910	13.62
435	5931	13.63
436	5941	13.63
437	5948	13.61
438	5971	13.63
439	5977	13.62
440	6000	13.64
441	6070	13.76
442	6023	13.63
443	6036	13.63
444	6048	13.62
445	6065	13.63
446	6065	13.60
447	6097	13.64
448	6106	13.63
449	6129	13.65
450	6127	13.62
451	6150	13.64
452	6165	13.64
453	6173	13.63
454	6178	13.61
455	6204	13.64
456	7520	16.49
457	6243	13.66
458	6240	13.62
459	6271	13.66
460	6259	13.61
461	6288	13.64
462	7111	15.39
463	6310	13.63
464	6310	13.60
465	6332	13.62
466	6351	13.63
467	6357	13.61
468	6366	13.60
469	6398	13.64
470	6455	13.73
471	6413	13.62
472	6436	13.64
473	6441	13.62
474	6468	13.65
475	6469	13.62
476	6478	13.61
477	6500	13.63
478	6499	13.60
479	6530	13.63
480	6534	13.61
481	6548	13.61
482	6569	13.63
483	6578	13.62
484	6585	13.61
485	7334	15.12
486	6620	13.62
487	6633	13.62
488	6637	13.60
489	6691	13.68
490	6696	13.67
491	6729	13.70
492	7655	15.56
493	7785	15.79
494	6904	13.98
495	7583	15.32
496	6805	13.72
497	6828	13.74
498	7763	15.59
499	7076	14.18
500	9497	18.99
501	7271	14.51
502	8724	17.38
503	9276	18.44
504	6940	13.77
505	6876	13.62
506	6881	13.60
507	6895	13.60
508	6942	13.67
509	7971	15.66
510	7418	14.55
511	7876	15.41
512	6961	13.60
513	6995	13.64
514	7016	13.65
515	7013	13.62
516	7024	13.61
517	7030	13.60
518	7043	13.60
519	7054	13.59
520	7065	13.59
521	7092	13.61
522	7188	13.77
523	7119	13.61
524	7124	13.60
525	7141	13.60
526	7164	13.62
527	7157	13.58
528	7178	13.59
529	7192	13.60
530	7204	13.59
531	7224	13.60
532	7227	13.58
533	7257	13.62
534	7267	13.61
535	7283	13.61
536	7279	13.58
537	7310	13.61
538	7308	13.58
539	7331	13.60
540	7344	13.60
541	7381	13.64
542	7359	13.58
543	7385	13.60
544	7394	13.59
545	7397	13.57
546	7431	13.61
547	7441	13.60
548	7459	13.61
549	7557	13.77
550	7494	13.63
551	7500	13.61
552	7524	13.63
553	7518	13.59
554	7536	13.60
555	7551	13.61
556	7544	13.57
557	7586	13.62
558	7567	13.56
559	7605	13.60
560	7611	13.59
561	7641	13.62
562	7648	13.61
563	7651	13.59
564	7673	13.60
565	7693	13.62
566	7690	13.59
567	7707	13.59
568	7788	13.71
569	7732	13.59
570	7834	13.74
571	7769	13.61
572	7776	13.59
573	7787	13.59
574	9997	17.42
575	7799	13.56
576	7811	13.56
577	7843	13.59
578	7852	13.58
579	7878	13.61
580	7945	13.70
581	8681	14.94
582	9449	16.24
583	9305	15.96
584	8736	14.96
585	7984	13.65
586	7967	13.60
587	8011	13.65
588	8007	13.62
589	8085	13.73
590	8032	13.61
591	8045	13.61
592	9343	15.78
593	8049	13.57
594	8080	13.60
595	8106	13.62
596	8110	13.61
597	10170	17.04
598	8123	13.58
599	8136	13.58
600	10073	16.79
601	8187	13.62
602	8167	13.57
603	8196	13.59
604	8205	13.58
605	8291	13.70
606	11282	18.62
607	11609	19.13
608	8265	13.59
609	8268	13.58
610	8335	13.66
611	9529	15.60
612	8316	13.59
613	8329	13.59
614	8347	13.59
615	8344	13.57
616	8354	13.56
617	8379	13.58
618	8385	13.57
619	8414	13.59
620	8418	13.58
621	8442	13.59
622	8526	13.71
623	8453	13.57
624	8540	13.69
625	8474	13.56
626	8496	13.57
627	8515	13.58
628	8523	13.57
629	8555	13.60
630	8553	13.58
631	8575	13.59
632	8594	13.60
633	8592	13.57
634	8601	13.57
635	8629	13.59
636	8644	13.59
637	8666	13.60
638	8662	13.58
639	8681	13.59
640	8681	13.56
641	8783	13.70
642	8727	13.59
643	8734	13.58
644	8745	13.58
645	8767	13.59
646	8763	13.57
647	8794	13.59
648	8787	13.56
649	8812	13.58
650	8821	13.57
651	8870	13.63
652	8851	13.58
653	8875	13.59
654	8877	13.57
655	8956	13.67
656	8908	13.58
657	8999	13.70
658	8999	13.68
659	8948	13.58
660	8962	13.58
661	8970	13.57
662	9014	13.62
663	9021	13.61
664	9035	13.61
665	11406	17.15
666	9107	13.67
667	9039	13.55
668	9069	13.58
669	9078	13.57
670	9093	13.57
671	9117	13.59
672	9130	13.59
673	9142	13.58
674	9131	13.55
675	9164	13.58
676	9191	13.60
677	9179	13.56
678	9197	13.56
679	9222	13.58
680	9219	13.56
681	9260	13.60
682	9240	13.55
683	9277	13.58
684	9291	13.58
685	9292	13.56
686	9385	13.68
687	9328	13.58
688	9330	13.56
689	9341	13.56
690	9355	13.56
691	9373	13.56
692	9390	13.57
693	9404	13.57
694	9433	13.59
695	9424	13.56
696	9439	13.56
697	9469	13.59
698	9481	13.58
699	9481	13.56
700	9505	13.58
701	9594	13.69
702	9515	13.55
703	9536	13.56
704	9556	13.57
705	9561	13.56
706	9574	13.56
707	9596	13.57
708	9601	13.56
709	9637	13.59
710	9647	13.59
711	9628	13.54
712	9666	13.58
713	9681	13.58
714	9683	13.56
715	9695	13.56
716	9717	13.57
717	9737	13.58
718	9812	13.67
719	9767	13.58
720	9765	13.56
721	9784	13.57
722	9813	13.59
723	9802	13.56
724	9826	13.57
725	9822	13.55
726	9845	13.56
727	9857	13.56
728	9867	13.55
729	9895	13.57
730	9901	13.56
731	9920	13.57
732	10009	13.67
733	9960	13.59
734	9952	13.56
735	9959	13.55
736	9994	13.58
737	9998	13.57
738	10001	13.55
739	10029	13.57
740	10027	13.55
741	10048	13.56
742	10049	13.54
743	10070	13.55
744	10079	13.55
745	10121	13.59
746	10128	13.58
747	10137	13.57
748	10144	13.56
749	10174	13.58
750	10173	13.56
751	10187	13.56
752	10207	13.57
753	10207	13.56
754	10233	13.57
755	10239	13.56
756	10247	13.55
757	10266	13.56
758	10345	13.65
759	10308	13.58
760	10298	13.55
761	10338	13.58
762	11602	15.23
763	10360	13.58
764	10385	13.59
765	10390	13.58
766	10378	13.55
767	10398	13.56
768	10410	13.55
769	10420	13.55
770	10434	13.55
771	10458	13.56
772	10453	13.54
773	10477	13.55
774	10510	13.58
775	10517	13.57
776	10519	13.56
777	10533	13.56
778	10555	13.57
779	10571	13.57
780	10548	13.52
781	10589	13.56
782	10617	13.58
783	10614	13.56
784	10621	13.55
785	10729	13.67
786	10659	13.56
787	10682	13.57
788	10682	13.56
789	10699	13.56
790	10717	13.57
791	10721	13.55
792	10737	13.56
793	10754	13.56
794	10780	13.58
795	10786	13.57
796	10795	13.56
797	10809	13.56
798	10820	13.56
799	10815	13.54
800	10829	13.54
801	10851	13.55
802	10867	13.55
803	10893	13.57
804	10900	13.56
805	10921	13.57
806	10924	13.55
807	10951	13.57
808	10957	13.56
809	10965	13.55
810	10980	13.56
811	11061	13.64
812	11012	13.56
813	11097	13.65
814	11026	13.55
815	11039	13.54
816	11068	13.56
817	11081	13.56
818	11097	13.57
819	11098	13.55
820	11107	13.55
821	11125	13.55
822	11150	13.56
823	11157	13.56
824	11151	13.53
825	11615	14.08
826	10997	13.31
827	10932	13.22
828	10952	13.23
829	10956	13.22
830	10982	13.23
831	11003	13.24
832	11013	13.24
833	11016	13.22
834	11878	14.24
835	11071	13.26
836	11060	13.23
837	11056	13.21
838	11073	13.21
839	11097	13.23
840	11119	13.24
841	11117	13.22
842	11143	13.23
843	11144	13.22
844	12046	14.27
845	11196	13.25
846	11201	13.24
847	11232	13.26
848	12879	15.19
849	11317	13.33
850	12098	14.23
851	13832	16.25
852	11262	13.22
853	11297	13.24
854	11276	13.20
855	11311	13.23
856	11323	13.23
857	11336	13.23
858	11349	13.23
859	11360	13.22
860	11379	13.23
861	11387	13.23
862	11400	13.23
863	11427	13.24
864	11418	13.22
865	12154	14.05
866	11455	13.23
867	12421	14.33
868	11488	13.24
869	11502	13.24
870	11504	13.22
871	11530	13.24
872	11555	13.25
873	11548	13.23
874	11564	13.23
875	11570	13.22
876	11581	13.22
877	11616	13.25
878	11617	13.23
879	11634	13.24
880	11637	13.22
881	11670	13.25
882	11671	13.23
883	11671	13.22
884	11706	13.24
885	11721	13.24
886	11722	13.23
887	11743	13.24
888	11748	13.23
889	11797	13.27
890	11781	13.24
891	11780	13.22
892	11805	13.23
893	11809	13.22
894	11837	13.24
895	11840	13.23
896	11854	13.23
897	12676	14.13
898	11892	13.24
899	11954	13.30
900	12633	14.04
901	11930	13.24
902	11918	13.21
903	11946	13.23
904	11970	13.24
905	13191	14.58
906	12086	13.34
907	12007	13.24
908	12059	13.28
909	12013	13.22
910	12050	13.24
911	12062	13.24
912	12055	13.22
913	12064	13.21
914	12088	13.23
915	12131	13.26
916	12108	13.22
917	12134	13.23
918	12162	13.25
919	12151	13.22
920	12174	13.23
921	12185	13.23
922	12194	13.23
923	12308	13.33
924	12223	13.23
925	13079	14.14
926	12241	13.22
927	12257	13.22
928	12270	13.22
929	12327	13.27
930	12299	13.22
931	12328	13.24
932	12326	13.23
933	12415	13.31
934	12375	13.25
935	12369	13.23
936	12378	13.22
937	12408	13.24
938	12409	13.23
939	13293	14.16
940	13973	14.86
941	12453	13.23
942	12457	13.22
943	12492	13.25
944	12494	13.24
945	12533	13.26
946	12514	13.23
947	12621	13.33
948	13626	14.37
949	12632	13.31
950	12588	13.25
951	12591	13.24
952	12602	13.24
953	12617	13.24
954	12629	13.24
955	12643	13.24
956	12662	13.24
957	12671	13.24
958	12669	13.22
959	12711	13.25
960	12700	13.23
961	12734	13.25
962	12746	13.25
963	12728	13.22
964	12759	13.24
965	12770	13.23
966	12858	13.31
967	12891	13.33
968	12785	13.21
969	12826	13.24
970	12838	13.24
971	12860	13.24
972	12865	13.24
973	12878	13.24
974	12884	13.23
975	12898	13.23
976	12899	13.22
977	12984	13.29
978	12942	13.23
979	12957	13.23
980	12956	13.22
981	15403	15.70
982	12999	13.24
983	13027	13.25
984	13017	13.23
985	13040	13.24
986	13027	13.21
987	13050	13.22
988	13145	13.30
989	13093	13.24
990	13097	13.23
991	14092	14.22
992	13143	13.25
993	13123	13.22
994	13151	13.23
995	13169	13.24
996	13170	13.22
997	13194	13.23
998	13252	13.28
999	13202	13.22
1000	14754	14.75
1001	13230	13.22
1002	13245	13.22
1003	13277	13.24
1004	13304	13.25
1005	13299	13.23
1006	14175	14.09
1007	13308	13.22
1008	13336	13.23
1009	13413	13.29
1010	13368	13.24
1011	13371	13.23
1012	13395	13.24
1013	13402	13.23
1014	13428	13.24
1015	13418	13.22
1016	13440	13.23
1017	13447	13.22
1018	13486	13.25
1019	14418	14.15
1020	14226	13.95
1021	13524	13.25
1022	13527	13.24
1023	13546	13.24
1024	13558	13.24
1025	13564	13.23
1026	13579	13.23
1027	13585	13.23
1028	13604	13.23
1029	13625	13.24
1030	13621	13.22
1031	13711	13.30
1032	13663	13.24
1033	13676	13.24
1034	13684	13.23
1035	13699	13.24
1036	16175	15.61
1037	13730	13.24
1038	13731	13.23
1039	13764	13.25
1040	13808	13.28
1041	13777	13.23
1042	13793	13.24
1043	13801	13.23
1044	13814	13.23
1045	13829	13.23
1046	13860	13.25
1047	13861	13.24
1048	13868	13.23
1049	13873	13.22
1050	13973	13.31
1051	13920	13.24
1052	14671	13.95
1053	14025	13.32
1054	14438	13.70
1055	14004	13.27
1056	13976	13.23
1057	13972	13.22
1058	14030	13.26
1059	14004	13.22
1060	14093	13.30
1061	14033	13.23
1062	14155	13.33
1063	14074	13.24
1064	14073	13.23
1065	14088	13.23
1066	14118	13.24
1067	14113	13.23
1068	14138	13.24
1069	14152	13.24
1070	14146	13.22
1071	14200	13.26
1072	14179	13.23
1073	14202	13.24
1074	14207	13.23
1075	14215	13.22
1076	14242	13.24
1077	14263	13.24
1078	14258	13.23
1079	14274	13.23
1080	14276	13.22
1081	14310	13.24
1082	14302	13.22
1083	14324	13.23
1084	15062	13.89
1085	14379	13.25
1086	14370	13.23
1087	14393	13.24
1088	14406	13.24
1089	14420	13.24
1090	14434	13.24
1091	14450	13.24
1092	14453	13.24
1093	14466	13.24
1094	14471	13.23
1095	14496	13.24
1096	14485	13.22
1097	14527	13.24
1098	14529	13.23
1099	14553	13.24
1100	15264	13.88
1101	14575	13.24
1102	14564	13.22
1103	14597	13.23
1104	14581	13.21
1105	14629	13.24
1106	14635	13.23
1107	14665	13.25
1108	14665	13.24
1109	15417	13.90
1110	14701	13.24
1111	14687	13.22
1112	14713	13.23
1113	14727	13.23
1114	14749	13.24
1115	14764	13.24
1116	14787	13.25
1117	14797	13.25
1118	14806	13.24
1119	14908	13.32
1120	14800	13.21
1121	18052	16.10
1122	14874	13.26
1123	14841	13.22
1124	14893	13.25
1125	14880	13.23
1126	14880	13.21
1127	14918	13.24
1128	14978	13.28
1129	14936	13.23
1130	14961	13.24
1131	14957	13.22
1132	17343	15.32
1133	15016	13.25
1134	15000	13.23
1135	15035	13.25
1136	15040	13.24
1137	15045	13.23
1138	15066	13.24
1139	15087	13.25
1140	15072	13.22
1141	15111	13.24
1142	15959	13.97
1143	15124	13.23
1144	15146	13.24
1145	15922	13.91
1146	15180	13.25
1147	15187	13.24
1148	16799	14.63
1149	15258	13.28
1150	15244	13.26
1151	16158	14.04
1152	15245	13.23
1153	15265	13.24
1154	15283	13.24
1155	15287	13.24
1156	15293	13.23
1157	15305	13.23
1158	15319	13.23
1159	15331	13.23
1160	15334	13.22
1161	15362	13.23
1162	15364	13.22
1163	15394	13.24
1164	15409	13.24
1165	15476	13.28
1166	16281	13.96
1167	15446	13.24
1168	15473	13.25
1169	15491	13.25
1170	15508	13.25
1171	15505	13.24
1172	15507	13.23
1173	15542	13.25
1174	15538	13.24
1175	15558	13.24
1176	15562	13.23
1177	16432	13.96
1178	15591	13.24
1179	16331	13.85
1180	15600	13.22
1181	15623	13.23
1182	15657	13.25
1183	15650	13.23
1184	15663	13.23
1185	15699	13.25
1186	15699	13.24
1187	15696	13.22
1188	15722	13.23
1189	15741	13.24
1190	15768	13.25
1191	15752	13.23
1192	15833	13.28
1193	15787	13.23
1194	15849	13.27
1195	15813	13.23
1196	15821	13.23
1197	15851	13.24
1198	15851	13.23
1199	15848	13.22
1200	16735	13.95
1201	15959	13.29
1202	15921	13.25
1203	15933	13.24
1204	15949	13.25
1205	15942	13.23
1206	15968	13.24
1207	15966	13.23
1208	16009	13.25
1209	16004	13.24
1210	16020	13.24
1211	16050	13.25
1212	16058	13.25
1213	16062	13.24
1214	17112	14.10
1215	16812	13.84
1216	16084	13.23
1217	16124	13.25
1218	16126	13.24
1219	16187	13.28
1220	16148	13.24
1221	16149	13.23
1222	16187	13.25
1223	16203	13.25
1224	17069	13.95
1225	16227	13.25
1226	16231	13.24
1227	16228	13.23
1228	16354	13.32
1229	16258	13.23
1230	18608	15.13
1231	16281	13.23
1232	16299	13.23
1233	16319	13.24
1234	16340	13.24
1235	16349	13.24
1236	16370	13.24
1237	16403	13.26
1238	16405	13.25
1239	18200	14.69
1240	18437	14.87
1241	16431	13.24
1242	16421	13.22
1243	16455	13.24
1244	16468	13.24
1245	23851	19.16
1246	16492	13.24
1247	16506	13.24
1248	16501	13.22
1249	16522	13.23
1250	16503	13.20
1251	16545	13.23
1252	16559	13.23
1253	16609	13.26
1254	17823	14.21
1255	16610	13.24
1256	16621	13.23
1257	16653	13.25
1258	16637	13.22
1259	16649	13.22
1260	16675	13.23
1261	16697	13.24
1262	16706	13.24
1263	16714	13.23
1264	17587	13.91
1265	16766	13.25
1266	16797	13.27
1267	16796	13.26
1268	16798	13.25
1269	16822	13.26
1270	16873	13.29
1271	16836	13.25
1272	17808	14.00
1273	16864	13.25
1274	16891	13.26
1275	16906	13.26
1276	16910	13.25
1277	16917	13.25
1278	16939	13.25
1279	16950	13.25
1280	16969	13.26
1281	16988	13.26
1282	16988	13.25
1283	17004	13.25
1284	17010	13.25
1285	17017	13.24
1286	17024	13.24
1287	17071	13.26
1288	17070	13.25
1289	17105	13.27
1290	17095	13.25
1291	17122	13.26
1292	17125	13.25
1293	17135	13.25
1294	17143	13.25
1295	17213	13.29
1296	17155	13.24
1297	17181	13.25
1298	17200	13.25
1299	17209	13.25
1300	18927	14.56
1301	17967	13.81
1302	17267	13.26
1303	17325	13.30
1304	17281	13.25
1305	17291	13.25
1306	17318	13.26
1307	17319	13.25
1308	17340	13.26
1309	17334	13.24
1310	17344	13.24
1311	17375	13.25
1312	17377	13.24
1313	17393	13.25
1314	17433	13.27
1315	17438	13.26
1316	17421	13.24
1317	17459	13.26
1318	17482	13.26
1319	17470	13.24
1320	17473	13.24
1321	17521	13.26
1322	17535	13.26
1323	17544	13.26
1324	17539	13.25
1325	17567	13.26
1326	17568	13.25
1327	17638	13.29
1328	19357	14.58
1329	17606	13.25
1330	17609	13.24
1331	17653	13.26
1332	17639	13.24
1333	18541	13.91
1334	17703	13.27
1335	18934	14.18
1336	19817	14.83
1337	17722	13.26
1338	17717	13.24
1339	17744	13.25
1340	17755	13.25
1341	17781	13.26
1342	17753	13.23
1343	17805	13.26
1344	17884	13.31
1345	17816	13.25
1346	17823	13.24
1347	17840	13.24
1348	17859	13.25
1349	20854	15.46
1350	17885	13.25
1351	17964	13.30
1352	17918	13.25
1353	17927	13.25
1354	17939	13.25
1355	17953	13.25
1356	17977	13.26
1357	17999	13.26
1358	17959	13.22
1359	18897	13.91
1360	18004	13.24
1361	18055	13.27
1362	18065	13.26
1363	18066	13.25
1364	18084	13.26
1365	18081	13.25
1366	19079	13.97
1367	18112	13.25
1368	18107	13.24
1369	18138	13.25
1370	18151	13.25
1371	18162	13.25
1372	18173	13.25
1373	18193	13.25
1374	18285	13.31
1375	18190	13.23
1376	18241	13.26
1377	18239	13.25
1378	18238	13.24
1379	18285	13.26
1380	18287	13.25
1381	18304	13.25
1382	19361	14.01
1383	19070	13.79
1384	19088	13.79
1385	18351	13.25
1386	18349	13.24
1387	18381	13.25
1388	18406	13.26
1389	18418	13.26
1390	19165	13.79
1391	18430	13.25
1392	18438	13.25
1393	18448	13.24
1394	18474	13.25
1395	20057	14.38
1396	18491	13.25
1397	18579	13.30
1398	18529	13.25
1399	19262	13.77
1400	19998	14.28
1401	18571	13.26
1402	18594	13.26
1403	18602	13.26
1404	18594	13.24
1405	18631	13.26
1406	18641	13.26
1407	18644	13.25
1408	18659	13.25
1409	18675	13.25
1410	18685	13.25
1411	19421	13.76
1412	18794	13.31
1413	18736	13.26
1414	18736	13.25
1415	18736	13.24
1416	18750	13.24
1417	18796	13.26
1418	18812	13.27
1419	18800	13.25
1420	18785	13.23
1421	18932	13.32
1422	18835	13.25
1423	18834	13.24
1424	18840	13.23
1425	18908	13.27
1426	20656	14.49
1427	18918	13.26
1428	18925	13.25
1429	18941	13.25
1430	18943	13.25
1431	18982	13.26
1432	19001	13.27
1433	18979	13.24
1434	18996	13.25
1435	19009	13.25
1436	19060	13.27
1437	21010	14.62
1438	20028	13.93
1439	19038	13.23
1440	19031	13.22
1441	19053	13.22
1442	19182	13.30
1443	19092	13.23
1444	19110	13.23
1445	19131	13.24
1446	19138	13.24
1447	19167	13.25
1448	19146	13.22
1449	19166	13.23
1450	20068	13.84
1451	19239	13.26
1452	19206	13.23
1453	19216	13.23
1454	19255	13.24
1455	19269	13.24
1456	19257	13.23
1457	19291	13.24
1458	19398	13.30
1459	21958	15.05
1460	19314	13.23
1461	19325	13.23
1462	19353	13.24
1463	19353	13.23
1464	19386	13.24
1465	21832	14.90
1466	21213	14.47
1467	19420	13.24
1468	19430	13.24
1469	19436	13.23
1470	19456	13.24
1471	19462	13.23
1472	19562	13.29
1473	19512	13.25
1474	19523	13.24
1475	19509	13.23
1476	19557	13.25
1477	19549	13.24
1478	19567	13.24
1479	19606	13.26
1480	19586	13.23
1481	19629	13.25
1482	19621	13.24
1483	19648	13.25
1484	19640	13.23
1485	19660	13.24
1486	19664	13.23
1487	19669	13.23
1488	19723	13.25
1489	19714	13.24
1490	19725	13.24
1491	19753	13.25
1492	19766	13.25
1493	19758	13.23
1494	19791	13.25
1495	19784	13.23
1496	19800	13.24
1497	19834	13.25
1498	19832	13.24
1499	19839	13.23
1500	20548	13.70
1501	19851	13.23
1502	19865	13.23
1503	19891	13.23
1504	19887	13.22
1505	19918	13.23
1506	19939	13.24
1507	19938	13.23
1508	19970	13.24
1509	19975	13.24
1510	19997	13.24
1511	19999	13.24
1512	20022	13.24
1513	20023	13.23
1514	20040	13.24
1515	20035	13.22
1516	20803	13.72
1517	20082	13.24
1518	20088	13.23
1519	20112	13.24
1520	20100	13.22
1521	20141	13.24
1522	20144	13.24
1523	20176	13.25
1524	22748	14.93
1525	20182	13.23
1526	20221	13.25
1527	20221	13.24
1528	20219	13.23
1529	20253	13.25
1530	20244	13.23
1531	20320	13.27
1532	22891	14.94
1533	25350	16.54
1534	20452	13.33
1535	20308	13.23
1536	20426	13.30
1537	20352	13.24
1538	20404	13.27
1539	21260	13.81
1540	20365	13.22
1541	20395	13.23
1542	20410	13.24
1543	20430	13.24
1544	20452	13.25
1545	20476	13.25
1546	20490	13.25
1547	20470	13.23
1548	20485	13.23
1549	20516	13.24
1550	20541	13.25
1551	20549	13.25
1552	20540	13.23
1553	20574	13.25
1554	20559	13.23
1555	20583	13.24
1556	20609	13.24
1557	20681	13.28
1558	20632	13.24
1559	20648	13.24
1560	20645	13.23
1561	20672	13.24
1562	20662	13.23
1563	20768	13.29
1564	20703	13.24
1565	20713	13.24
1566	20714	13.23
1567	20767	13.25
1568	20743	13.23
1569	20848	13.29
1570	20782	13.24
1571	20793	13.24
1572	20784	13.22
1573	20837	13.25
1574	20825	13.23
1575	20854	13.24
1576	20876	13.25
1577	20865	13.23
1578	20900	13.24
1579	20903	13.24
1580	20899	13.23
1581	20933	13.24
1582	22414	14.17
1583	20973	13.25
1584	20979	13.24
1585	20987	13.24
1586	21007	13.25
1587	21023	13.25
1588	21032	13.24
1589	21050	13.25
1590	21057	13.24
1591	21066	13.24
1592	21084	13.24
1593	21075	13.23
1594	21100	13.24
1595	21106	13.23
1596	21150	13.25
1597	21167	13.25
1598	21162	13.24
1599	21160	13.23
1600	25981	16.24
1601	23151	14.46
1602	27944	17.44
1603	23070	14.39
1604	22966	14.32
1605	22892	14.26
1606	21273	13.25
1607	22891	14.24
1608	21288	13.24
1609	22022	13.69
1610	21939	13.63
1611	21858	13.57
1612	21861	13.56
1613	21887	13.57
1614	21896	13.57
1615	21901	13.56
1616	21938	13.58
1617	21962	13.58
1618	21960	13.57
1619	21962	13.57
1620	21993	13.58
1621	22024	13.59
1622	22134	13.65
1623	22127	13.63
1624	22041	13.57
1625	22055	13.57
1626	22092	13.59
1627	22091	13.58
1628	22177	13.62
1629	22187	13.62
1630	22136	13.58
1631	22178	13.60
1632	23789	14.58
1633	22284	13.65
1634	22169	13.57
1635	22188	13.57
1636	22253	13.60
1637	22206	13.57
1638	22227	13.57
1639	22239	13.57
1640	22253	13.57
1641	22325	13.60
1642	22285	13.57
1643	22306	13.58
1644	22315	13.57
1645	22335	13.58
1646	22350	13.58
1647	22342	13.57
1648	22462	13.63
1649	22396	13.58
1650	22379	13.56
1651	22421	13.58
1652	22423	13.57
1653	22419	13.56
1654	22528	13.62
1655	22467	13.58
1656	22459	13.56
1657	22526	13.59
1658	22484	13.56
1659	22474	13.55
1660	22594	13.61
1661	22578	13.59
1662	22547	13.57
1663	22612	13.60
1664	22556	13.56
1665	22583	13.56
1666	22683	13.62
1667	22654	13.59
1668	22606	13.55
1669	22668	13.58
1670	22690	13.59
1671	22693	13.58
1672	22690	13.57
1673	23018	13.76
1674	22145	13.23
1675	22206	13.26
1676	22207	13.25
1677	22220	13.25
1678	22223	13.24
1679	22315	13.29
1680	22289	13.27
1681	23119	13.75
1682	22354	13.29
1683	22284	13.24
1684	22337	13.26
1685	22406	13.30
1686	22355	13.26
1687	22377	13.26
1688	22364	13.25
1689	22394	13.26
1690	22382	13.24
1691	22411	13.25
1692	22433	13.26
1693	22512	13.30
1694	22447	13.25
1695	22478	13.26
1696	23075	13.61
1697	22504	13.26
1698	22504	13.25
1699	22517	13.25
1700	22519	13.25
1701	22565	13.27
1702	22564	13.26
1703	22565	13.25
1704	22688	13.31
1705	22577	13.24
1706	22617	13.26
1707	22675	13.28
1708	22640	13.26
1709	22631	13.24
1710	22692	13.27
1711	22724	13.28
1712	22727	13.28
1713	22691	13.25
1714	22698	13.24
1715	23595	13.76
1716	22765	13.27
1717	22846	13.31
1718	22909	13.33
1719	22803	13.27
1720	22825	13.27
1721	26035	15.13
1722	22839	13.26
1723	22859	13.27
1724	22919	13.29
1725	22828	13.23
1726	22981	13.31
1727	24623	14.26
1728	24064	13.93
1729	23041	13.33
1730	24818	14.35
1731	22965	13.27
1732	22917	13.23
1733	23825	13.75
1734	23818	13.74
1735	23906	13.78
1736	23022	13.26
1737	24069	13.86
1738	31011	17.84
1739	31026	17.84
1740	31044	17.84
1741	31056	17.84
1742	31064	17.83
1743	31079	17.83
1744	32676	18.74
1745	31115	17.83
1746	31149	17.84
1747	31164	17.84
1748	31252	17.88
1749	31187	17.83
1750	31217	17.84
1751	31228	17.83
1752	31258	17.84
1753	31258	17.83
1754	31366	17.88
1755	32812	18.70
1756	31331	17.84
1757	31347	17.84
1758	31347	17.83
1759	31435	17.87
1760	31386	17.83
1761	31412	17.84
1762	31445	17.85
1763	31449	17.84
1764	31471	17.84
1765	31549	17.87
1766	31507	17.84
1767	31527	17.84
1768	31532	17.83
1769	31554	17.84
1770	31647	17.88
1771	31592	17.84
1772	31614	17.84
1773	31631	17.84
1774	31663	17.85
1775	31645	17.83
1776	31653	17.82
1777	31699	17.84
1778	31723	17.84
1779	31728	17.83
1780	31742	17.83
1781	31900	17.91
1782	31786	17.84
1783	31814	17.84
1784	31823	17.84
1785	31847	17.84
1786	31919	17.87
1787	34797	19.47
1788	31894	17.84
1789	31917	17.84
1790	31934	17.84
1791	31936	17.83
1792	32026	17.87
1793	31979	17.84
1794	31999	17.84
1795	32009	17.83
1796	32039	17.84
1797	32058	17.84
1798	32052	17.83
1799	32088	17.84
1800	33771	18.76
1801	32116	17.83
1802	32190	17.86
1803	32150	17.83
1804	32175	17.84
1805	32191	17.83
1806	32212	17.84
1807	32227	17.83
1808	32290	17.86
1809	32255	17.83
1810	32274	17.83
1811	32303	17.84
1812	32320	17.84
1813	32320	17.83
1814	32361	17.84
1815	32365	17.83
1816	32381	17.83
1817	32405	17.83
1818	34961	19.23
1819	32434	17.83
1820	32454	17.83
1821	32459	17.82
1822	32494	17.83
1823	32584	17.87
1824	33369	18.29
1825	33305	18.25
1826	33555	18.38
1827	34806	19.05
1828	32603	17.84
1829	32697	17.88
1830	32642	17.84
1831	32656	17.84
1832	32673	17.83
1833	32683	17.83
1834	32776	17.87
1835	32718	17.83
1836	32787	17.86
1837	32774	17.84
1838	32775	17.83
1839	33582	18.26
1840	33658	18.29
1841	36308	19.72
1842	32854	17.84
1843	32864	17.83
1844	32953	17.87
1845	32910	17.84
1846	32919	17.83
1847	34747	18.81
1848	32945	17.83
1849	33040	17.87
1850	32991	17.83
1851	33026	17.84
1852	33024	17.83
1853	33040	17.83
1854	33128	17.87
1855	33080	17.83
1856	33095	17.83
1857	33133	17.84
1858	33151	17.84
1859	33152	17.83
1860	33237	17.87
1861	33190	17.83
1862	33209	17.84
1863	33227	17.84
1864	33239	17.83
1865	33340	17.88
1866	33288	17.84
1867	33303	17.84
1868	33318	17.84
1869	33333	17.83
1870	33425	17.87
1871	33369	17.83
1872	33381	17.83
1873	33417	17.84
1874	33424	17.84
1875	33493	17.86
1876	33467	17.84
1877	33482	17.84
1878	33496	17.84
1879	33515	17.84
1880	33527	17.83
1881	33558	17.84
1882	33556	17.83
1883	33584	17.84
1884	33602	17.84
1885	33699	17.88
1886	33646	17.84
1887	33661	17.84
1888	33680	17.84
1889	33687	17.83
1890	33776	17.87
1891	33719	17.83
1892	33743	17.83
1893	36491	19.28
1894	33782	17.84
1895	33879	17.88
1896	33808	17.83
1897	33830	17.83
1898	33858	17.84
1899	33863	17.83
1900	34735	18.28
1901	33913	17.84
1902	33917	17.83
1903	33949	17.84
1904	33945	17.83
1905	33973	17.83
1906	33995	17.84
1907	34009	17.83
1908	34024	17.83
1909	34043	17.83
1910	34135	17.87
1911	34074	17.83
1912	34104	17.84
1913	34111	17.83
1914	34131	17.83
1915	34203	17.86
1916	34164	17.83
1917	35115	18.32
1918	34204	17.83
1919	35970	18.74
1920	35843	18.67
1921	34240	17.82
1922	34252	17.82
1923	34249	17.81
1924	34283	17.82
1925	34287	17.81
1926	34324	17.82
1927	27581	14.31
1928	25642	13.30
1929	26908	13.95
1930	25688	13.31
1931	25677	13.30
1932	25696	13.30
1933	25723	13.31
1934	25727	13.30
1935	25739	13.30
1936	25762	13.31
1937	25833	13.34
1938	25782	13.30
1939	25806	13.31
1940	25789	13.29
1941	25801	13.29
1942	25982	13.38
1943	25828	13.29
1944	25843	13.29
1945	26740	13.75
1946	28559	14.68
1947	25963	13.33
1948	25885	13.29
1949	25940	13.31
1950	25947	13.31
1951	25950	13.30
1952	25966	13.30
1953	26099	13.36
1954	29689	15.19
1955	26605	13.61
1956	25998	13.29
1957	26055	13.31
1958	26216	13.39
1959	26062	13.30
1960	26058	13.29
1961	26098	13.31
1962	26107	13.31
1963	26117	13.30
1964	26124	13.30
1965	26215	13.34
1966	26171	13.31
1967	26169	13.30
1968	26217	13.32
1969	26338	13.38
1970	26208	13.30
1971	26222	13.30
1972	26227	13.30
1973	30392	15.40
1974	26408	13.38
1975	26285	13.31
1976	26289	13.30
1977	26308	13.31
1978	26319	13.31
1979	26332	13.31
1980	26310	13.29
1981	26352	13.30
1982	26349	13.29
1983	26379	13.30
1984	26352	13.28
1985	26435	13.32
1986	26409	13.30
1987	26430	13.30
1988	26477	13.32
1989	26440	13.29
1990	26458	13.30
1991	26503	13.31
1992	26520	13.31
1993	26534	13.31
1994	26515	13.30
1995	26630	13.35
1996	26473	13.26
1997	26490	13.26
1998	26507	13.27
1999	27452	13.73
2000	28046	14.02
2001	26684	13.34
2002	26538	13.26
2003	26565	13.26
2004	26582	13.26
2005	26630	13.28
2006	26622	13.27
2007	26785	13.35
2008	26696	13.29
2009	26682	13.28
2010	26684	13.28
2011	26732	13.29
2012	26841	13.34
2013	26696	13.26
2014	26745	13.28
2015	26799	13.30
2016	26749	13.27
2017	26815	13.29
2018	28522	14.13
2019	26828	13.29
2020	26871	13.30
2021	26857	13.29
2022	27019	13.36
2023	26892	13.29
2024	26887	13.28
2025	26905	13.29
2026	27819	13.73
2027	28322	13.97
2028	27795	13.71
2029	26952	13.28
2030	26951	13.28
2031	26965	13.28
2032	27891	13.73
2033	27021	13.29
2034	27016	13.28
2035	27767	13.64
2036	28238	13.87
2037	27073	13.29
2038	27147	13.32
2039	27093	13.29
2040	27094	13.28
2041	27118	13.29
2042	27146	13.29
2043	27122	13.28
2044	28023	13.71
2045	27188	13.29
2046	27196	13.29
2047	30539	14.92
2048	27330	13.34
2049	27259	13.30
2050	27239	13.29
2051	27252	13.29
2052	27279	13.29
2053	27355	13.32
2054	29205	14.22
2055	28135	13.69
2056	27310	13.28
2057	27326	13.28
2058	27343	13.29
2059	27344	13.28
2060	27330	13.27
2061	27356	13.27
2062	27391	13.28
2063	27488	13.32
2064	27421	13.29
2065	27416	13.28
2066	27467	13.29
2067	28324	13.70
2068	27456	13.28
2069	27875	13.47
2070	29933	14.46
2071	30368	14.66
2072	27466	13.26
2073	27474	13.25
2074	27650	13.33
2075	27519	13.26
2076	27528	13.26
2077	27567	13.27
2078	27563	13.26
2079	27583	13.27
2080	27580	13.26
2081	27578	13.25
2082	27631	13.27
2083	27609	13.25
2084	27748	13.31
2085	27628	13.25
2086	27675	13.27
2087	27721	13.28
2088	27680	13.26
2089	27712	13.27
2090	27711	13.26
2091	27730	13.26
2092	27748	13.26
2093	27738	13.25
2094	27773	13.26
2095	27785	13.26
2096	27801	13.26
2097	27820	13.27
2098	27838	13.27
2099	27806	13.25
2100	30949	14.74
2101	27995	13.32
2102	27986	13.31
2103	28018	13.32
2104	28026	13.32
2105	28756	13.66
2106	27920	13.26
2107	27960	13.27
2108	30689	14.56
2109	28001	13.28
2110	28075	13.31
2111	28007	13.27
2112	28001	13.26
2113	28021	13.26
2114	28010	13.25
2115	28034	13.25
2116	28061	13.26
2117	29702	14.03
2118	28106	13.27
2119	28095	13.26
2120	28984	13.67
2121	33799	15.94
2122	29984	14.13
2123	28161	13.26
2124	28149	13.25
2125	28219	13.28
2126	28194	13.26
2127	28203	13.26
2128	28203	13.25
2129	28202	13.25
2130	29484	13.84
2131	28255	13.26
2132	28284	13.27
2133	28289	13.26
2134	28310	13.27
2135	28323	13.27
2136	30023	14.06
2137	28320	13.25
2138	28342	13.26
2139	28349	13.25
2140	28380	13.26
2141	29230	13.65
2142	28400	13.26
2143	28436	13.27
2144	28453	13.27
2145	28451	13.26
2146	28447	13.26
2147	28464	13.26
2148	28502	13.27
2149	28468	13.25
2150	28594	13.30
2151	28538	13.27
2152	28569	13.28
2153	28532	13.25
2154	28565	13.26
2155	28586	13.26
2156	28610	13.27
2157	28646	13.28
2158	28631	13.27
2159	28626	13.26
2160	28694	13.28
2161	28657	13.26
2162	28661	13.26
2163	30872	14.27
2164	28697	13.26
2165	28775	13.29
2166	28720	13.26
2167	28755	13.27
2168	28728	13.25
2169	28772	13.27
2170	28796	13.27
2171	28800	13.27
2172	28790	13.26
2173	28816	13.26
2174	28845	13.27
2175	28818	13.25
2176	28834	13.25
2177	28848	13.25
2178	28892	13.27
2179	28967	13.29
2180	28995	13.30
2181	30892	14.16
2182	31323	14.36
2183	28959	13.27
2184	29027	13.29
2185	28982	13.26
2186	28991	13.26
2187	29007	13.26
2188	29037	13.27
2189	29098	13.29
2190	29063	13.27
2191	29057	13.26
2192	29077	13.27
2193	29092	13.27
2194	29073	13.25
2195	30108	13.72
2196	29094	13.25
2197	29152	13.27
2198	29163	13.27
2199	29169	13.26
2200	31451	14.30
2201	29210	13.27
2202	29200	13.26
2203	29210	13.26
2204	29214	13.25
2205	29251	13.27
2206	29270	13.27
2207	29274	13.26
2208	30111	13.64
2209	30122	13.64
2210	29299	13.26
2211	30065	13.60
2212	29315	13.25
2213	29429	13.30
2214	29357	13.26
2215	29393	13.27
2216	32450	14.64
2217	29372	13.25
2218	31182	14.06
2219	32543	14.67
2220	29426	13.25
2221	29468	13.27
2222	29472	13.26
2223	29485	13.26
2224	29520	13.27
2225	29471	13.25
2226	29475	13.24
2227	30665	13.77
2228	29553	13.26
2229	29553	13.26
2230	29545	13.25
2231	29570	13.25
2232	29672	13.29
2233	31345	14.04
2234	29625	13.26
2235	29653	13.27
2236	29636	13.25
2237	29755	13.30
2238	29682	13.26
2239	29664	13.25
2240	29674	13.25
2241	29729	13.27
2242	29758	13.27
2243	29717	13.25
2244	29750	13.26
2245	29728	13.24
2246	29772	13.26
2247	29806	13.26
2248	29804	13.26
2249	32216	14.32
2250	29805	13.25
2251	29830	13.25
2252	29847	13.25
2253	29907	13.27
2254	29879	13.26
2255	29946	13.28
2256	29985	13.29
2257	29952	13.27
2258	30829	13.65
2259	29957	13.26
2260	29916	13.24
2261	30094	13.31
2262	29975	13.25
2263	30001	13.26
2264	30014	13.26
2265	30018	13.25
2266	30002	13.24
2267	30065	13.26
2268	30081	13.26
2269	30106	13.27
2270	30059	13.24
2271	30099	13.25
2272	30103	13.25
2273	30127	13.25
2274	30113	13.24
2275	30300	13.32
2276	30193	13.27
2277	30163	13.25
2278	30202	13.26
2279	30197	13.25
2280	30166	13.23
2281	30235	13.26
2282	30212	13.24
2283	30242	13.25
2284	30249	13.24
2285	30262	13.24
2286	30285	13.25
2287	30255	13.23
2288	30314	13.25
2289	30287	13.23
2290	30354	13.26
2291	30361	13.25
2292	30349	13.24
2293	30392	13.25
2294	30531	13.31
2295	30393	13.24
2296	30416	13.25
2297	30425	13.25
2298	30434	13.24
2299	30432	13.24
2300	31179	13.56
2301	30493	13.25
2302	30480	13.24
2303	30678	13.32
2304	30544	13.26
2305	32306	14.02
2306	30547	13.25
2307	30516	13.23
2308	30532	13.23
2309	30565	13.24
2310	30560	13.23
2311	30589	13.24
2312	30620	13.24
2313	30624	13.24
2314	30627	13.24
2315	31408	13.57
2316	32183	13.90
2317	30843	13.31
2318	30709	13.25
2319	30697	13.24
2320	30712	13.24
2321	31642	13.63
2322	30827	13.28
2323	32764	14.10
2324	30782	13.25
2325	30805	13.25
2326	30800	13.24
2327	30855	13.26
2328	32741	14.06
2329	31616	13.57
2330	33374	14.32
2331	30857	13.24
2332	30893	13.25
2333	30892	13.24
2334	30916	13.25
2335	30933	13.25
2336	32491	13.91
2337	30915	13.23
2338	30931	13.23
2339	30972	13.24
2340	33612	14.36
2341	30970	13.23
2342	31005	13.24
2343	30997	13.23
2344	31014	13.23
2345	31048	13.24
2346	31053	13.24
2347	31046	13.23
2348	31068	13.23
2349	31257	13.31
2350	31089	13.23
2351	31134	13.24
2352	31152	13.24
2353	31168	13.25
2354	31197	13.25
2355	31146	13.23
2356	31185	13.24
2357	31206	13.24
2358	31310	13.28
2359	31239	13.24
2360	31232	13.23
2361	31259	13.24
2362	31262	13.24
2363	31297	13.24
2364	31294	13.24
2365	31272	13.22
2366	31335	13.24
2367	31353	13.25
2368	31337	13.23
2369	31376	13.24
2370	31396	13.25
2371	31492	13.28
2372	31392	13.23
2373	31426	13.24
2374	31436	13.24
2375	31421	13.23
2376	31522	13.27
2377	31455	13.23
2378	31481	13.24
2379	31491	13.24
2380	31497	13.23
2381	31533	13.24
2382	31539	13.24
2383	31562	13.24
2384	31552	13.23
2385	31565	13.23
2386	31606	13.25
2387	31608	13.24
2388	31629	13.24
2389	31709	13.27
2390	31662	13.25
2391	31684	13.25
2392	31675	13.24
2393	31692	13.24
2394	31693	13.24
2395	31715	13.24
2396	31729	13.24
2397	32595	13.60
2398	31708	13.22
2399	35425	14.77
2400	31745	13.23
2401	31778	13.24
2402	31795	13.24
2403	31876	13.27
2404	31803	13.23
2405	31845	13.24
2406	31848	13.24
2407	31915	13.26
2408	31854	13.23
2409	31869	13.23
2410	31877	13.23
2411	31906	13.23
2412	31896	13.22
2413	31919	13.23
2414	31914	13.22
2415	34320	14.21
2416	31972	13.23
2417	32031	13.25
2418	32054	13.26
2419	32066	13.26
2420	37178	15.36
2421	43061	17.79
2422	43087	17.79
2423	43098	17.79
2424	43280	17.85
2425	43139	17.79
2426	43173	17.80
2427	44161	18.20
2428	43202	17.79
2429	37585	15.47
2430	32069	13.20
2431	32072	13.19
2432	32969	13.56
2433	32106	13.20
2434	32097	13.19
2435	32143	13.20
2436	32106	13.18
2437	32296	13.25
2438	32153	13.19
2439	32182	13.19
2440	32188	13.19
2441	34791	14.25
2442	32199	13.19
2443	32218	13.19
2444	32240	13.19
2445	32278	13.20
2446	33045	13.51
2447	32291	13.20
2448	32283	13.19
2449	32311	13.19
2450	32310	13.19
2451	32329	13.19
2452	32336	13.19
2453	33233	13.55
2454	32456	13.23
2455	32398	13.20
2456	32419	13.20
2457	32442	13.20
2458	32443	13.20
2459	32482	13.21
2460	32464	13.20
2461	32476	13.20
2462	32482	13.19
2463	32632	13.25
2464	32513	13.20
2465	32492	13.18
2466	32549	13.20
2467	32551	13.19
2468	32542	13.19
2469	32613	13.21
2470	32590	13.19
2471	32601	13.19
2472	32671	13.22
2473	32601	13.18
2474	40466	16.36
2475	34588	13.97
2476	32728	13.22
2477	32662	13.19
2478	32760	13.22
2479	32728	13.20
2480	32719	13.19
2481	32738	13.20
2482	32733	13.19
2483	33629	13.54
2484	32795	13.20
2485	33648	13.54
2486	32819	13.20
2487	35002	14.07
2488	44307	17.81
2489	41290	16.59
2490	42535	17.08
2491	37058	14.88
2492	33247	13.34
2493	32895	13.19
2494	35248	14.13
2495	36826	14.76
2496	42875	17.18
2497	43802	17.54
2498	37133	14.87
2499	36975	14.80
2500	32941	13.18
2501	32939	13.17
2502	33673	13.46
2503	32956	13.17
2504	34617	13.82
2505	33876	13.52
2506	34184	13.64
2507	39977	15.95
2508	45158	18.01
2509	43853	17.48
2510	40574	16.16
2511	41206	16.41
2512	41333	16.45
2513	37683	15.00
2514	40319	16.04
2515	35355	14.06
2516	36277	14.42
2517	38446	15.27
2518	44390	17.63
2519	37752	14.99
2520	37490	14.88
2521	36734	14.57
2522	39568	15.69
2523	42014	16.65
2524	44135	17.49
2525	36543	14.47
2526	36480	14.44
2527	36005	14.25
2528	36821	14.57
2529	40488	16.01
2530	35921	14.20
2531	36172	14.29
2532	38832	15.34
2533	38455	15.18
2534	35181	13.88
2535	35347	13.94
2536	35211	13.88
2537	35235	13.89
2538	35211	13.87
2539	35195	13.86
2540	35239	13.87
2541	35280	13.88
2542	35317	13.89
2543	35291	13.88
2544	35288	13.87
2545	35399	13.91
2546	35463	13.93
2547	35349	13.88
2548	35394	13.89
2549	35375	13.88
2550	35396	13.88
2551	35417	13.88
2552	35428	13.88
2553	35486	13.90
2554	35479	13.89
2555	35485	13.89
2556	35490	13.88
2557	35504	13.89
2558	35502	13.88
2559	35513	13.88
2560	35504	13.87
2561	35671	13.93
2562	35571	13.88
2563	35553	13.87
2564	35562	13.87
2565	35633	13.89
2566	35632	13.89
2567	35665	13.89
2568	35621	13.87
2569	35695	13.89
2570	35682	13.88
2571	35722	13.89
2572	35725	13.89
2573	35816	13.92
2574	35735	13.88
2575	35739	13.88
2576	35750	13.88
2577	35853	13.91
2578	35765	13.87
2579	35785	13.88
2580	35766	13.86
2581	35820	13.88
2582	35811	13.87
2583	35845	13.88
2584	35864	13.88
2585	35977	13.92
2586	35881	13.88
2587	35911	13.88
2588	35936	13.89
2589	35967	13.89
2590	35947	13.88
2591	35953	13.88
2592	34755	13.41
2593	34238	13.20
2594	34265	13.21
2595	35876	13.83
2596	34264	13.20
2597	34285	13.20
2598	34268	13.19
2599	35020	13.47
2600	34295	13.19
2601	34326	13.20
2602	34351	13.20
2603	34356	13.20
2604	34374	13.20
2605	34458	13.23
2606	35251	13.53
2607	34430	13.21
2608	34417	13.20
2609	34431	13.20
2610	34467	13.21
2611	34453	13.20
2612	34456	13.19
2613	34507	13.21
2614	35382	13.54
2615	34526	13.20
2616	34525	13.20
2617	34552	13.20
2618	34571	13.21
2619	34586	13.21
2620	34544	13.18
2621	34628	13.21
2622	39639	15.12
2623	34615	13.20
2624	34658	13.21
2625	34661	13.20
2626	34670	13.20
2627	34667	13.20
2628	34678	13.20
2629	36620	13.93
2630	34738	13.21
2631	34756	13.21
2632	34773	13.21
2633	34759	13.20
2634	35534	13.49
2635	34780	13.20
2636	34840	13.22
2637	34832	13.21
2638	35794	13.57
2639	34828	13.20
2640	34856	13.20
2641	34889	13.21
2642	34903	13.21
2643	36527	13.82
2644	34891	13.20
2645	34913	13.20
2646	35084	13.26
2647	36763	13.89
2648	35707	13.48
2649	34974	13.20
2650	36630	13.82
2651	35039	13.22
2652	35015	13.20
2653	34993	13.19
2654	35173	13.25
2655	35075	13.21
2656	35060	13.20
2657	35105	13.21
2658	35182	13.24
2659	36561	13.75
2660	35125	13.20
2661	35145	13.21
2662	35308	13.26
2663	35169	13.21
2664	35191	13.21
2665	35175	13.20
2666	35192	13.20
2667	35261	13.22
2668	35285	13.23
2669	35263	13.21
2670	35257	13.20
2671	35307	13.22
2672	35262	13.20
2673	35292	13.20
2674	35281	13.19
2675	35320	13.20
2676	35342	13.21
2677	35333	13.20
2678	35468	13.24
2679	35400	13.21
2680	35377	13.20
2681	35396	13.20
2682	35400	13.20
2683	35426	13.20
2684	35453	13.21
2685	35445	13.20
2686	35478	13.21
2687	35464	13.20
2688	35513	13.21
2689	36361	13.52
2690	35630	13.25
2691	35501	13.19
2692	35535	13.20
2693	36324	13.49
2694	35653	13.23
2695	35592	13.21
2696	35618	13.21
2697	35648	13.22
2698	35634	13.21
2699	35632	13.20
2700	38465	14.25
2701	35670	13.21
2702	35736	13.23
2703	35668	13.20
2704	35702	13.20
2705	35727	13.21
2706	35814	13.24
2707	35776	13.22
2708	35773	13.21
2709	35778	13.21
2710	35807	13.21
2711	35785	13.20
2712	35803	13.20
2713	39208	14.45
2714	35889	13.22
2715	36902	13.59
2716	37689	13.88
2717	35885	13.21
2718	35879	13.20
2719	35887	13.20
2720	35886	13.19
2721	35963	13.22
2722	36851	13.54
2723	35901	13.18
2724	36011	13.22
2725	36834	13.52
2726	36016	13.21
2727	37775	13.85
2728	36012	13.20
2729	37984	13.92
2730	36102	13.22
2731	37857	13.86
2732	36064	13.20
2733	36179	13.24
2734	36126	13.21
2735	36107	13.20
2736	36159	13.22
2737	36250	13.24
2738	36181	13.21
2739	36170	13.21
2740	36158	13.20
2741	36230	13.22
2742	36242	13.22
2743	37072	13.52
2744	36244	13.21
2745	36254	13.21
2746	36266	13.21
2747	36274	13.20
2748	36291	13.21
2749	37229	13.54
2750	36329	13.21
2751	36307	13.20
2752	36365	13.21
2753	36428	13.23
2754	36391	13.21
2755	36379	13.20
2756	36399	13.21
2757	36469	13.23
2758	36450	13.22
2759	36459	13.21
2760	36479	13.22
2761	36487	13.22
2762	36456	13.20
2763	37330	13.51
2764	36511	13.21
2765	36520	13.21
2766	36540	13.21
2767	36551	13.21
2768	36654	13.24
2769	36545	13.20
2770	36606	13.22
2771	36590	13.20
2772	36578	13.20
2773	36670	13.22
2774	36628	13.20
2775	36624	13.20
2776	36733	13.23
2777	36671	13.21
2778	37579	13.53
2779	36720	13.21
2780	36766	13.23
2781	36733	13.21
2782	36773	13.22
2783	36718	13.19
2784	36846	13.23
2785	36799	13.21
2786	36809	13.21
2787	36806	13.21
2788	36849	13.22
2789	36854	13.21
2790	36872	13.22
2791	36960	13.24
2792	36873	13.21
2793	36914	13.22
2794	36908	13.21
2795	36928	13.21
2796	36940	13.21
2797	37548	13.42
2798	36956	13.21
2799	37022	13.23
2800	36924	13.19
2801	36976	13.20
2802	36972	13.19
2803	37112	13.24
2804	39936	14.24
2805	37041	13.21
2806	37043	13.20
2807	37148	13.23
2808	39503	14.07
2809	37095	13.21
2810	37122	13.21
2811	37128	13.21
2812	37132	13.20
2813	38745	13.77
2814	37255	13.24
2815	37191	13.21
2816	37170	13.20
2817	38268	13.58
2818	39869	14.15
2819	37240	13.21
2820	37274	13.22
2821	37260	13.21
2822	37293	13.22
2823	37304	13.21
2824	38011	13.46
2825	37328	13.21
2826	37440	13.25
2827	37339	13.21
2828	37332	13.20
2829	37364	13.21
2830	37364	13.20
2831	37428	13.22
2832	37400	13.21
2833	37423	13.21
2834	37440	13.21
2835	37467	13.22
2836	37482	13.22
2837	37608	13.26
2838	37451	13.20
2839	38229	13.47
2840	37541	13.22
2841	37611	13.24
2842	37597	13.23
2843	37567	13.21
2844	37650	13.24
2845	37611	13.22
2846	37588	13.21
2847	42460	14.91
2848	37672	13.23
2849	37666	13.22
2850	37677	13.22
2851	37663	13.21
2852	37746	13.23
2853	37652	13.20
2854	37634	13.19
2855	37700	13.20
2856	37751	13.22
2857	37770	13.22
2858	37746	13.21
2859	37801	13.22
2860	37763	13.20
2861	37719	13.18
2862	37744	13.19
2863	37871	13.23
2864	37804	13.20
2865	37807	13.20
2866	37819	13.20
2867	37913	13.22
2868	37882	13.21
2869	37865	13.20
2870	37908	13.21
2871	37946	13.22
2872	37950	13.21
2873	37901	13.19
2874	37920	13.19
2875	37934	13.19
2876	37951	13.20
2877	38047	13.22
2878	38012	13.21
2879	38006	13.20
2880	38033	13.21
2881	38810	13.47
2882	38162	13.24
2883	38094	13.21
2884	38077	13.20
2885	40941	14.19
2886	38098	13.20
2887	38188	13.23
2888	38150	13.21
2889	38256	13.24
2890	38170	13.21
2891	39024	13.50
2892	38178	13.20
2893	39095	13.51
2894	38209	13.20
2895	38251	13.21
2896	38271	13.22
2897	38347	13.24
2898	38300	13.22
2899	38323	13.22
2900	39915	13.76
2901	38300	13.20
2902	38366	13.22
2903	38349	13.21
2904	40097	13.81
2905	38368	13.21
2906	38392	13.21
2907	38405	13.21
2908	38535	13.25
2909	38443	13.22
2910	38473	13.22
2911	38441	13.21
2912	42529	14.60
2913	38488	13.21
2914	38521	13.22
2915	38484	13.20
2916	44706	15.33
2917	39505	13.54
2918	40607	13.92
2919	38533	13.20
2920	38539	13.20
2921	38566	13.20
2922	38645	13.23
2923	38626	13.21
2924	39767	13.60
2925	38594	13.19
2926	38693	13.22
2927	38601	13.19
2928	39406	13.46
2929	39584	13.51
2930	38705	13.21
2931	38686	13.20
2932	40375	13.77
2933	38843	13.24
2934	39636	13.51
2935	38745	13.20
2936	38787	13.21
2937	41166	14.02
2938	39027	13.28
2939	39067	13.29
2940	39071	13.29
2941	39116	13.30
2942	39117	13.30
2943	39110	13.29
2944	39130	13.29
2945	39120	13.28
2946	39166	13.29
2947	39200	13.30
2948	39193	13.29
2949	39203	13.29
2950	39206	13.29
2951	39257	13.30
2952	39323	13.32
2953	39223	13.28
2954	39261	13.29
2955	39290	13.30
2956	39313	13.30
2957	39282	13.28
2958	39327	13.30
2959	41238	13.94
2960	39335	13.29
2961	39399	13.31
2962	39503	13.34
2963	39396	13.30
2964	39382	13.29
2965	39435	13.30
2966	39450	13.30
2967	39467	13.30
2968	39430	13.29
2969	39497	13.30
2970	41422	13.95
2971	39513	13.30
2972	39504	13.29
2973	39697	13.35
2974	39551	13.30
2975	39538	13.29
2976	39575	13.30
2977	39722	13.34
2978	39615	13.30
2979	39636	13.31
2980	39741	13.34
2981	39652	13.30
2982	39657	13.30
2983	39655	13.29
2984	39673	13.30
2985	39695	13.30
2986	39691	13.29
2987	39725	13.30
2988	39746	13.30
2989	39739	13.30
2990	39761	13.30
2991	39758	13.29
2992	39807	13.30
2993	39787	13.29
2994	39859	13.31
2995	39846	13.30
2996	40918	13.66
2997	39835	13.29
2998	39852	13.29
2999	39842	13.29
3000	39805	13.27
3001	39882	13.29
3002	39911	13.29
3003	39925	13.30
3004	39932	13.29
3005	39973	13.30
3006	40018	13.31
3007	39991	13.30
3008	40012	13.30
3009	40017	13.30
3010	40031	13.30
3011	40077	13.31
3012	42453	14.09
3013	46196	15.33
3014	40118	13.31
3015	40132	13.31
3016	40275	13.35
3017	40125	13.30
3018	40164	13.31
3019	41867	13.87
3020	40158	13.30
3021	40225	13.32
3022	40249	13.32
3023	41258	13.65
3024	40274	13.32
3025	40313	13.33
3026	40457	13.37
3027	40310	13.32
3028	41185	13.60
3029	40319	13.31
3030	40324	13.31
3031	40322	13.30
3032	43547	14.36
3033	40530	13.36
3034	40405	13.32
3035	40436	13.32
3036	40427	13.32
3037	40456	13.32
3038	41925	13.80
3039	42040	13.83
3040	40579	13.35
3041	40550	13.33
3042	41383	13.60
3043	40511	13.31
3044	40563	13.33
3045	40542	13.31
3046	40545	13.31
3047	40608	13.33
3048	40575	13.31
3049	40613	13.32
3050	40667	13.33
3051	40730	13.35
3052	40632	13.31
3053	40674	13.32
3054	40659	13.31
3055	40697	13.32
3056	40683	13.31
3057	40732	13.32
3058	42980	14.05
3059	40731	13.32
3060	40743	13.31
3061	40755	13.31
3062	40809	13.33
3063	40775	13.31
3064	40823	13.32
3065	40846	13.33
3066	40802	13.31
3067	40876	13.33
3068	43528	14.19
3069	43925	14.31
3070	40833	13.30
3071	40946	13.33
3072	41022	13.35
3073	40898	13.31
3074	40960	13.32
3075	40970	13.32
3076	40990	13.33
3077	41013	13.33
3078	41024	13.33
3079	40997	13.32
3080	40987	13.31
3081	41011	13.31
3082	41011	13.31
3083	41042	13.31
3084	41070	13.32
3085	41997	13.61
3086	41244	13.36
3087	41122	13.32
3088	41117	13.32
3089	41133	13.32
3090	43150	13.96
3091	41183	13.32
3092	41150	13.31
3093	41322	13.36
3094	41221	13.32
3095	41221	13.32
3096	41299	13.34
3097	41252	13.32
3098	41237	13.31
3099	41281	13.32
3100	42108	13.58
3101	41313	13.32
3102	41289	13.31
3103	42279	13.63
3104	41303	13.31
3105	41354	13.32
3106	41506	13.36
3107	41389	13.32
3108	41392	13.32
3109	41430	13.33
3110	43023	13.83
3111	44703	14.37
3112	41460	13.32
3113	42331	13.60
3114	41471	13.32
3115	41455	13.31
3116	41556	13.34
3117	46202	14.82
3118	41515	13.31
3119	41544	13.32
3120	41646	13.35
3121	41576	13.32
3122	41574	13.32
3123	42572	13.63
3124	41562	13.30
3125	43096	13.79
3126	41595	13.31
3127	41753	13.35
3128	43326	13.85
3129	41690	13.32
3130	41684	13.32
3131	41674	13.31
3132	41730	13.32
3133	41690	13.31
3134	41735	13.32
3135	41740	13.31
3136	41754	13.31
3137	41777	13.32
3138	43560	13.88
3139	41783	13.31
3140	41913	13.35
3141	42546	13.55
3142	41828	13.31
3143	41837	13.31
3144	41974	13.35
3145	41890	13.32
3146	41873	13.31
3147	41889	13.31
3148	41878	13.30
3149	41946	13.32
3150	41970	13.32
3151	41900	13.30
3152	41920	13.30
3153	41774	13.25
3154	41672	13.21
3155	41653	13.20
3156	41795	13.24
3157	41733	13.22
3158	41731	13.21
3159	41809	13.23
3160	41729	13.21
3161	41737	13.20
3162	41782	13.21
3163	41912	13.25
3164	41812	13.21
3165	41779	13.20
3166	41843	13.22
3167	41815	13.20
3168	41881	13.22
3169	41841	13.20
3170	42054	13.27
3171	41829	13.19
3172	41883	13.20
3173	43669	13.76
3174	43352	13.66
3175	41918	13.20
3176	41945	13.21
3177	41973	13.21
3178	41980	13.21
3179	41967	13.20
3180	41965	13.20
3181	42050	13.22
3182	42043	13.21
3183	42188	13.25
3184	42064	13.21
3185	42072	13.21
3186	42092	13.21
3187	42068	13.20
3188	42113	13.21
3189	42121	13.21
3190	42256	13.25
3191	42132	13.20
3192	42145	13.20
3193	42311	13.25
3194	42161	13.20
3195	42195	13.21
3196	42211	13.21
3197	42203	13.20
3198	42211	13.20
3199	42204	13.19
3200	43055	13.45
3201	42254	13.20
3202	42290	13.21
3203	42306	13.21
3204	42323	13.21
3205	42323	13.21
3206	42429	13.23
3207	43196	13.47
3208	42372	13.21
3209	42389	13.21
3210	42451	13.22
3211	46642	14.53
3212	43276	13.47
3213	44318	13.79
3214	42454	13.21
3215	42442	13.20
3216	43304	13.47
3217	42485	13.21
3218	42492	13.20
3219	42540	13.22
3220	42673	13.25
3221	42520	13.20
3222	42545	13.20
3223	44151	13.70
3224	42591	13.21
3225	42562	13.20
3226	42677	13.23
3227	42609	13.20
3228	42606	13.20
3229	42676	13.22
3230	42684	13.21
3231	42691	13.21
3232	42642	13.19
3233	42709	13.21
3234	42686	13.20
3235	42726	13.21
3236	45004	13.91
3237	42711	13.19
3238	42681	13.18
3239	42850	13.23
3240	42747	13.19
3241	43601	13.45
3242	42781	13.20
3243	42833	13.21
3244	45111	13.91
3245	45334	13.97
3246	42806	13.19
3247	42814	13.19
3248	42861	13.20
3249	43008	13.24
3250	42843	13.18
3251	42838	13.18
3252	46848	14.41
3253	66897	20.56
3254	49672	15.26
3255	56916	17.49
3256	53353	16.39
3257	53096	16.30
3258	58038	17.81
3259	52211	16.02
3260	50443	15.47
3261	43071	13.21
3262	50578	15.51
3263	43098	13.21
3264	43212	13.24
3265	55951	17.14
3266	43522	13.33
3267	51019	15.62
3268	43503	13.31
3269	43529	13.32
3270	49127	15.02
3271	43532	13.31
3272	51588	15.77
3273	43155	13.19
3274	43264	13.21
3275	51553	15.74
3276	44825	13.68
3277	53807	16.42
3278	43349	13.22
3279	45171	13.78
3280	46206	14.09
3281	46112	14.05
3282	45831	13.96
3283	45627	13.90
3284	47313	14.41
3285	56925	17.33
3286	47373	14.42
3287	47059	14.32
3288	47778	14.53
3289	46576	14.16
3290	46453	14.12
3291	46240	14.05
3292	57975	17.61
3293	55132	16.74
3294	46396	14.09
3295	45974	13.95
3296	45898	13.93
3297	45939	13.93
3298	45832	13.90
3299	46091	13.97
3300	45852	13.89
3301	46502	14.09
3302	46317	14.03
3303	45878	13.89
3304	46093	13.95
3305	46640	14.11
3306	54342	16.44
3307	62157	18.80
3308	62141	18.79
3309	47461	14.34
3310	52488	15.86
3311	48551	14.66
3312	46208	13.95
3313	46633	14.08
3314	46183	13.94
3315	51086	15.41
3316	48619	14.66
3317	46332	13.97
3318	46304	13.96
3319	46377	13.97
3320	49922	15.04
3321	50726	15.27
3322	46204	13.91
3323	48629	14.63
3324	46457	13.98
3325	51907	15.61
3326	47754	14.36
3327	46310	13.92
3328	47740	14.34
3329	46799	14.06
3330	50400	15.14
3331	47332	14.21
3332	46485	13.95
3333	46808	14.04
3334	46511	13.95
3335	51079	15.32
3336	47969	14.38
3337	46835	14.04
3338	47175	14.13
3339	46919	14.05
3340	51032	15.28
3341	47036	14.08
3342	46754	13.99
3343	46906	14.03
3344	46847	14.01
3345	52535	15.71
3346	60271	18.01
3347	55359	16.54
3348	46414	13.86
3349	46541	13.90
3350	55973	16.71
3351	46854	13.98
3352	46980	14.02
3353	46912	13.99
3354	50209	14.97
3355	50008	14.91
3356	46718	13.92
3357	47335	14.10
3358	46644	13.89
3359	46946	13.98
3360	50669	15.08
3361	46982	13.98
3362	47158	14.03
3363	46917	13.95
3364	47753	14.20
3365	57269	17.02
3366	57535	17.09
3367	47036	13.97
3368	47012	13.96
3369	47537	14.11
3370	58613	17.39
3371	52653	15.62
3372	47050	13.95
3373	47322	14.03
3374	49214	14.59
3375	47245	14.00
3376	47155	13.97
3377	47001	13.92
3378	47010	13.92
3379	47774	14.14
3380	48487	14.35
3381	47390	14.02
3382	48936	14.47
3383	49042	14.50
3384	51605	15.25
3385	50139	14.81
3386	47580	14.05
3387	48264	14.25
3388	49883	14.72
3389	49088	14.48
3390	54753	16.15
3391	48483	14.30
3392	53464	15.76
3393	52959	15.61
3394	53031	15.62
3395	49199	14.49
3396	49585	14.60
3397	49368	14.53
3398	51688	15.21
3399	49583	14.59
3400	48938	14.39
3401	49954	14.69
3402	48836	14.36
3403	48934	14.38
3404	48214	14.16
3405	49410	14.51
3406	52917	15.54
3407	53026	15.56
3408	57914	16.99
3409	47869	14.04
3410	47602	13.96
3411	47813	14.02
3412	47609	13.95
3413	52178	15.29
3414	47540	13.93
3415	47390	13.88
3416	48133	14.09
3417	47849	14.00
3418	50357	14.73
3419	47895	14.01
3420	51167	14.96
3421	64077	18.73
3422	63415	18.53
3423	47893	13.99
3424	47780	13.95
3425	47740	13.94
3426	47831	13.96
3427	48019	14.01
3428	47973	13.99
3429	48129	14.04
3430	48103	14.02
3431	48019	14.00
3432	48550	14.15
3433	48107	14.01
3434	48068	14.00
3435	52134	15.18
3436	64321	18.72
3437	58337	16.97
3438	48105	13.99
3439	48127	13.99
3440	48148	14.00
3441	48405	14.07
3442	48205	14.00
3443	48179	13.99
3444	48153	13.98
3445	48391	14.05
3446	48285	14.01
3447	48657	14.12
3448	48253	13.99
3449	48236	13.99
3450	48356	14.02
3451	48311	14.00
3452	48656	14.10
3453	48557	14.06
3454	48296	13.98
3455	48254	13.97
3456	47209	13.66
3457	52290	15.13
3458	55203	15.96
3459	47343	13.69
3460	47967	13.86
3461	47240	13.65
3462	47802	13.81
3463	47206	13.63
3464	47256	13.64
3465	47309	13.65
3466	47277	13.64
3467	48389	13.96
3468	47435	13.68
3469	47349	13.65
3470	47546	13.70
3471	47542	13.70
3472	48224	13.89
3473	47020	13.54
3474	47013	13.53
3475	51561	14.84
3476	47148	13.56
3477	49463	14.23
3478	47302	13.60
3479	47326	13.60
3480	47278	13.59
3481	47393	13.61
3482	49400	14.19
3483	47344	13.59
3484	51714	14.84
3485	47157	13.53
3486	47364	13.59
3487	56262	16.13
3488	47227	13.54
3489	53898	15.45
3490	47239	13.54
3491	54518	15.62
3492	47585	13.63
3493	49462	14.16
3494	53509	15.31
3495	47308	13.54
3496	58572	16.75
3497	47577	13.61
3498	49659	14.20
3499	47550	13.59
3500	53043	15.16
3501	59064	16.87
3502	49220	14.05
3503	48739	13.91
3504	47397	13.53
3505	59866	17.08
3506	47430	13.53
3507	50552	14.41
3508	47542	13.55
3509	53720	15.31
3510	54079	15.41
3511	47942	13.65
3512	48793	13.89
3513	48969	13.94
3514	49393	14.06
3515	50877	14.47
3516	49622	14.11
3517	48869	13.90
3518	48866	13.89
3519	49409	14.04
3520	48895	13.89
3521	49030	13.93
3522	49060	13.93
3523	49109	13.94
3524	54061	15.34
3525	64517	18.30
3526	49101	13.93
3527	49116	13.93
3528	50000	14.17
3529	49729	14.09
3530	49521	14.03
3531	49469	14.01
3532	49521	14.02
3533	49621	14.05
3534	49683	14.06
3535	49933	14.13
3536	49459	13.99
3537	49782	14.07
3538	49905	14.11
3539	49542	14.00
3540	49368	13.95
3541	49474	13.97
3542	49416	13.95
3543	50029	14.12
3544	58966	16.64
3545	66500	18.76
3546	58504	16.50
3547	49515	13.96
3548	51818	14.60
3549	49878	14.05
3550	49779	14.02
3551	51068	14.38
3552	50436	14.20
3553	49763	14.01
3554	49684	13.98
3555	49949	14.05
3556	49839	14.02
3557	50696	14.25
3558	49925	14.03
3559	49778	13.99
3560	50276	14.12
3561	49843	14.00
3562	51475	14.45
3563	49639	13.93
3564	50756	14.24
3565	66815	18.74
3566	58631	16.44
3567	66982	18.78
3568	66319	18.59
3569	50888	14.26
3570	49569	13.88
3571	49610	13.89
3572	49738	13.92
3573	49641	13.89
3574	49628	13.89
3575	49647	13.89
3576	49627	13.88
3577	49774	13.92
3578	49780	13.91
3579	49667	13.88
3580	49681	13.88
3581	49718	13.88
3582	49700	13.87
3583	49751	13.89
3584	49748	13.88
3585	49752	13.88
3586	49738	13.87
3587	49840	13.89
3588	49812	13.88
3589	49914	13.91
3590	49907	13.90
3591	49865	13.89
3592	49973	13.91
3593	49867	13.88
3594	49892	13.88
3595	49911	13.88
3596	49928	13.88
3597	49927	13.88
3598	50308	13.98
3599	48692	13.53
3600	48794	13.55
3601	51154	14.21
3602	48737	13.53
3603	49620	13.77
3604	48883	13.56
3605	51085	14.17
3606	48828	13.54
3607	48854	13.54
3608	65425	18.13
3609	65882	18.25
3610	69652	19.29
3611	65975	18.27
3612	65903	18.25
3613	67274	18.62
3614	67112	18.57
3615	66045	18.27
3616	57598	15.93
3617	49304	13.63
3618	51294	14.18
3619	49347	13.64
3620	49408	13.65
3621	49490	13.67
3622	49359	13.63
3623	66610	18.39
3624	49078	13.54
3625	53026	14.63
3626	50898	14.04
3627	50617	13.96
3628	50521	13.93
3629	50666	13.96
3630	50418	13.89
3631	52496	14.46
3632	67952	18.71
3633	66458	18.29
3634	50809	13.98
3635	51261	14.10
3636	52136	14.34
3637	50783	13.96
3638	51065	14.04
3639	50756	13.95
3640	58336	16.03
3641	68183	18.73
3642	67183	18.45
3643	68183	18.72
3644	66295	18.19
3645	79300	21.76
3646	65046	17.84
3647	59159	16.22
3648	55668	15.26
3649	53326	14.61
3650	50809	13.92
3651	50676	13.88
3652	53973	14.78
3653	68451	18.74
3654	58755	16.08
3655	50960	13.94
3656	52087	14.25
3657	51376	14.05
3658	51370	14.04
3659	51208	14.00
3660	51269	14.01
3661	51608	14.10
3662	51212	13.98
3663	51431	14.04
3664	51333	14.01
3665	51397	14.02
3666	51600	14.08
3667	51447	14.03
3668	51346	14.00
3669	51372	14.00
3670	65300	17.79
3671	50961	13.88
3672	51366	13.99
3673	50985	13.88
3674	51093	13.91
3675	51407	13.99
3676	51163	13.92
3677	51084	13.89
3678	51061	13.88
3679	54707	14.87
3680	56972	15.48
3681	53782	14.61
3682	59531	16.17
3683	55548	15.08
3684	54455	14.78
3685	51951	14.10
3686	51571	13.99
3687	52306	14.19
3688	51944	14.08
3689	53031	14.38
3690	51509	13.96
3691	52038	14.10
3692	51904	14.06
3693	52181	14.13
3694	51625	13.98
3695	51574	13.96
3696	51584	13.96
3697	51718	13.99
3698	51855	14.02
3699	51563	13.94
3700	51820	14.01
3701	51679	13.96
3702	52006	14.05
3703	51772	13.98
3704	51676	13.95
3705	51670	13.95
3706	51875	14.00
3707	52170	14.07
3708	51757	13.96
3709	51994	14.02
3710	51727	13.94
3711	51992	14.01
3712	52095	14.03
3713	51848	13.96
3714	52626	14.17
3715	51618	13.89
3716	51937	13.98
3717	51606	13.88
3718	51736	13.92
3719	51662	13.89
3720	59640	16.03
3721	69676	18.73
3722	69722	18.73
3723	69735	18.73
3724	69752	18.73
3725	69753	18.73
3726	69798	18.73
3727	69797	18.73
3728	69846	18.74
3729	69834	18.73
3730	69865	18.73
3731	69860	18.72
3732	69882	18.73
3733	69920	18.73
3734	69942	18.73
3735	70087	18.76
3736	69973	18.73
3737	70210	18.79
3738	70025	18.73
3739	70160	18.76
3740	70060	18.73
3741	70062	18.73
3742	70062	18.72
3743	70092	18.73
3744	70129	18.73
3745	70136	18.73
3746	70135	18.72
3747	70145	18.72
3748	70195	18.73
3749	70330	18.76
3750	70182	18.72
3751	70220	18.72
3752	70246	18.72
3753	70257	18.72
3754	70423	18.76
3755	70425	18.75
3756	67049	17.85
3757	66931	17.82
3758	66905	17.80
3759	66970	17.82
3760	70103	18.64
3761	67110	17.84
3762	67020	17.81
3763	67017	17.81
3764	67046	17.81
3765	67050	17.81
3766	67064	17.81
3767	70006	18.58
3768	67113	17.81
3769	67129	17.81
3770	67141	17.81
3771	67149	17.81
3772	67181	17.81
3773	67199	17.81
3774	67222	17.81
3775	67234	17.81
3776	67239	17.81
3777	67265	17.81
3778	52664	13.94
3779	50044	13.24
3780	50029	13.24
3781	55203	14.60
3782	50231	13.28
3783	50068	13.23
3784	53737	14.20
3785	50778	13.42
3786	51629	13.64
3787	53126	14.03
3788	49975	13.19
3789	58063	15.32
3790	50153	13.23
3791	53286	14.06
3792	50075	13.21
3793	52815	13.92
3794	50110	13.21
3795	50148	13.21
3796	79012	20.81
3797	72522	19.10
3798	50577	13.32
3799	54899	14.45
3800	62097	16.34
3801	57542	15.14
3802	52498	13.81
3803	51722	13.60
3804	63745	16.76
3805	51554	13.55
3806	55118	14.48
3807	52213	13.71
3808	53392	14.02
3809	53362	14.01
3810	53441	14.03
3811	55391	14.53
3812	53736	14.10
3813	61044	16.01
3814	53744	14.09
3815	53362	13.99
3816	53987	14.15
3817	54062	14.16
3818	61568	16.13
3819	53997	14.14
3820	55842	14.62
3821	62024	16.23
3822	53953	14.12
3823	53397	13.97
3824	53518	14.00
3825	54691	14.30
3826	53595	14.01
3827	53585	14.00
3828	53490	13.97
3829	53881	14.07
3830	53640	14.01
3831	53657	14.01
3832	53649	14.00
3833	55864	14.57
3834	54056	14.10
3835	53714	14.01
3836	53612	13.98
3837	54677	14.25
3838	53232	13.87
3839	59339	15.46
3840	71997	18.75
3841	65941	17.17
3842	53349	13.89
3843	56136	14.61
3844	53710	13.97
3845	53719	13.97
3846	53853	14.00
3847	54336	14.12
3848	54051	14.05
3849	53805	13.98
3850	55429	14.40
3851	53485	13.89
3852	53653	13.93
3853	53483	13.88
3854	53771	13.95
3855	53503	13.88
3856	62984	16.33
3857	72131	18.70
3858	71136	18.44
3859	72021	18.66
3860	58165	15.07
3861	53926	13.97
3862	54254	14.05
3863	54016	13.98
3864	54914	14.21
3865	53904	13.95
3866	54490	14.09
3867	53696	13.89
3868	58988	15.25
3869	72234	18.67
3870	66620	17.21
3871	53963	13.94
3872	55105	14.23
3873	54271	14.01
3874	55639	14.36
3875	72447	18.70
3876	67017	17.29
3877	53780	13.87
3878	54116	13.95
3879	53852	13.88
3880	53968	13.91
3881	53830	13.87
3882	53858	13.87
3883	53879	13.88
3884	53911	13.88
3885	53877	13.87
3886	53929	13.88
3887	54024	13.90
3888	53959	13.88
3889	53939	13.87
3890	53989	13.88
3891	54118	13.91
3892	54105	13.90
3893	54024	13.88
3894	54018	13.87
3895	54056	13.88
3896	54063	13.88
3897	54088	13.88
3898	54219	13.91
3899	54228	13.91
3900	54193	13.90
3901	54197	13.89
3902	54159	13.88
3903	54208	13.89
3904	54148	13.87
3905	54257	13.89
3906	54169	13.87
3907	54264	13.89
3908	54303	13.90
3909	54265	13.88
3910	53806	13.76
3911	54140	13.84
3912	52680	13.47
3913	51641	13.20
3914	51730	13.22
3915	51688	13.20
3916	52501	13.41
3917	51691	13.20
3918	51668	13.19
3919	51800	13.22
3920	51698	13.19
3921	51728	13.19
3922	53511	13.64
3923	51819	13.21
3924	51747	13.19
3925	51768	13.19
3926	51792	13.19
3927	51802	13.19
3928	51825	13.19
3929	51823	13.19
3930	51872	13.20
3931	52627	13.39
3932	51896	13.20
3933	51899	13.20
3934	51920	13.20
3935	53465	13.59
3936	52038	13.22
3937	51892	13.18
3938	51935	13.19
3939	51969	13.19
3940	51990	13.20
3941	55518	14.09
3942	52078	13.21
3943	57094	14.48
3944	52074	13.20
3945	61099	15.49
3946	52144	13.21
3947	59618	15.10
3948	52113	13.20
3949	55925	14.16
3950	52139	13.20
3951	58492	14.80
3952	52980	13.41
3953	60851	15.39
3954	52223	13.21
3955	61100	15.45
3956	70523	17.83
3957	67116	16.96
3958	52490	13.26
3959	55576	14.04
3960	52654	13.30
3961	63845	16.12
3962	52725	13.31
3963	55553	14.02
3964	53760	13.56
3965	58624	14.79
3966	53745	13.55
3967	55008	13.87
3968	53948	13.60
3969	56990	14.36
3970	54018	13.61
3971	60492	15.23
3972	72312	18.21
3973	78309	19.71
3974	72526	18.25
3975	76134	19.15
3976	72554	18.25
3977	65777	16.54
3978	54090	13.60
3979	71460	17.96
3980	72537	18.23
3981	59887	15.04
3982	54084	13.58
3983	57347	14.40
3984	53837	13.51
3985	74679	18.74
3986	74367	18.66
3987	74353	18.65
3988	74715	18.73
3989	74668	18.72
3990	66970	16.78
3991	55560	13.92
3992	55984	14.02
3993	55609	13.93
3994	58345	14.61
3995	55920	14.00
3996	55976	14.01
3997	56493	14.13
3998	55961	14.00
3999	55917	13.98
4000	56174	14.04
