N	Total Time	Average CPE
1	294	294.00
2	102	51.00
3	102	34.00
4	102	25.50
5	108	21.60
6	115	19.17
7	120	17.14
8	127	15.88
9	134	14.89
10	140	14.00
11	145	13.18
12	150	12.50
13	157	12.08
14	163	11.64
15	170	11.33
16	177	11.06
17	481	28.29
18	464	25.78
19	462	24.32
20	463	23.15
21	469	22.33
22	472	21.45
23	480	20.87
24	489	20.38
25	493	19.72
26	501	19.27
27	507	18.78
28	513	18.32
29	522	18.00
30	526	17.53
31	532	17.16
32	539	16.84
33	741	22.45
34	738	21.71
35	742	21.20
36	748	20.78
37	756	20.43
38	761	20.03
39	769	19.72
40	775	19.38
41	780	19.02
42	789	18.79
43	795	18.49
44	794	18.05
45	806	17.91
46	815	17.72
47	821	17.47
48	825	17.19
49	831	16.96
50	841	16.82
51	843	16.53
52	852	16.38
53	880	16.60
54	888	16.44
55	894	16.25
56	899	16.05
57	903	15.84
58	913	15.74
59	917	15.54
60	920	15.33
61	928	15.21
62	936	15.10
63	943	14.97
64	949	14.83
65	1123	17.28
66	1120	16.97
67	1130	16.87
68	1130	16.62
69	1142	16.55
70	1147	16.39
71	1154	16.25
72	1160	16.11
73	1168	16.00
74	1172	15.84
75	1180	15.73
76	1185	15.59
77	1192	15.48
78	1202	15.41
79	1204	15.24
80	1212	15.15
81	1240	15.31
82	1244	15.17
83	1253	15.10
84	1259	14.99
85	1262	14.85
86	1269	14.76
87	1279	14.70
88	1284	14.59
89	1288	14.47
90	1297	14.41
91	1309	14.38
92	1308	14.22
93	1316	14.15
94	1323	14.07
95	1329	13.99
96	1337	13.93
97	1347	13.89
98	1347	13.74
99	1356	13.70
100	1363	13.63
101	1373	13.59
102	1373	13.46
103	1381	13.41
104	1387	13.34
105	1395	13.29
106	1399	13.20
107	1406	13.14
108	1414	13.09
109	1419	13.02
110	1427	12.97
111	1433	12.91
112	1438	12.84
113	1444	12.78
114	1452	12.74
115	1460	12.70
116	1466	12.64
117	1469	12.56
118	1475	12.50
119	1481	12.45
120	1490	12.42
121	1498	12.38
122	1504	12.33
123	1533	12.46
124	1585	12.78
125	1556	12.45
126	1565	12.42
127	1578	12.43
128	1562	12.20
129	2045	15.85
130	1841	14.16
131	1833	13.99
132	1833	13.89
133	1831	13.77
134	1837	13.71
135	1843	13.65
136	1852	13.62
137	1854	13.53
138	1890	13.70
139	1863	13.40
140	1877	13.41
141	4603	32.65
142	1879	13.23
143	1881	13.15
144	1886	13.10
145	1888	13.02
146	1931	13.23
147	1929	13.12
148	3706	25.04
149	5076	34.07
150	4335	28.90
151	3721	24.64
152	3733	24.56
153	3738	24.43
154	3483	22.62
155	1989	12.83
156	1988	12.74
157	1993	12.69
158	1998	12.65
159	2006	12.62
160	2019	12.62
161	2019	12.54
162	2110	13.02
163	2049	12.57
164	2056	12.54
165	2061	12.49
166	2071	12.48
167	2766	16.56
168	2182	12.99
169	2205	13.05
170	2213	13.02
171	2224	13.01
172	2229	12.96
173	2240	12.95
174	2244	12.90
175	2251	12.86
176	2251	12.79
177	2258	12.76
178	2269	12.75
179	2280	12.74
180	2281	12.67
181	2294	12.67
182	2299	12.63
183	2304	12.59
184	2313	12.57
185	2314	12.51
186	2321	12.48
187	2328	12.45
188	2340	12.45
189	2344	12.40
190	2344	12.34
191	2359	12.35
192	2365	12.32
193	2374	12.30
194	2372	12.23
195	2382	12.22
196	2387	12.18
197	2409	12.23
198	2450	12.37
199	2464	12.38
200	3054	15.27
201	3516	17.49
202	3461	17.13
203	3476	17.12
204	3447	16.90
205	4079	19.90
206	2861	13.89
207	2874	13.88
208	2906	13.97
209	2897	13.86
210	2915	13.88
211	2920	13.84
212	2936	13.85
213	2940	13.80
214	2949	13.78
215	2957	13.75
216	2968	13.74
217	2978	13.72
218	2974	13.64
219	2992	13.66
220	2999	13.63
221	3001	13.58
222	3015	13.58
223	3027	13.57
224	3031	13.53
225	3032	13.48
226	3049	13.49
227	3053	13.45
228	3057	13.41
229	3075	13.43
230	4139	18.00
231	3527	15.27
232	3212	13.84
233	3218	13.81
234	3222	13.77
235	3234	13.76
236	3237	13.72
237	3272	13.81
238	4065	17.08
239	2806	11.74
240	2807	11.70
241	2796	11.60
242	2804	11.59
243	2818	11.60
244	2820	11.56
245	2827	11.54
246	2845	11.57
247	2847	11.53
248	2877	11.60
249	2869	11.52
250	2894	11.58
251	4779	19.04
252	2761	10.96
253	2771	10.95
254	2777	10.93
255	2792	10.95
256	2813	10.99
257	3086	12.01
258	3075	11.92
259	3071	11.86
260	3096	11.91
261	3092	11.85
262	3103	11.84
263	3113	11.84
264	3109	11.78
265	3120	11.77
266	3139	11.80
267	3132	11.73
268	3152	11.76
269	3163	11.76
270	3173	11.75
271	3168	11.69
272	3195	11.75
273	3177	11.64
274	3208	11.71
275	3203	11.65
276	3210	11.63
277	3227	11.65
278	3239	11.65
279	3102	11.12
280	3063	10.94
281	3068	10.92
282	3082	10.93
283	3089	10.92
284	3097	10.90
285	3092	10.85
286	3249	11.36
287	3318	11.56
288	3311	11.50
289	3310	11.45
290	3321	11.45
291	3334	11.46
292	3347	11.46
293	3363	11.48
294	3363	11.44
295	3371	11.43
296	3397	11.48
297	3383	11.39
298	3402	11.42
299	3400	11.37
300	3420	11.40
301	3418	11.36
302	3409	11.29
303	3428	11.31
304	3425	11.27
305	3433	11.26
306	3442	11.25
307	3468	11.30
308	3461	11.24
309	3470	11.23
310	3469	11.19
311	3480	11.19
312	3496	11.21
313	3519	11.24
314	3500	11.15
315	3504	11.12
316	3511	11.11
317	3513	11.08
318	4260	13.40
319	3416	10.71
320	3419	10.68
321	3434	10.70
322	3431	10.66
323	3445	10.67
324	3447	10.64
325	3481	10.71
326	3494	10.72
327	3452	10.56
328	3576	10.90
329	3480	10.58
330	3489	10.57
331	4051	12.24
332	3411	10.27
333	3411	10.24
334	3820	11.44
335	3470	10.36
336	3407	10.14
337	3415	10.13
338	3958	11.71
339	3354	9.89
340	3362	9.89
341	3364	9.87
342	3374	9.87
343	3389	9.88
344	3347	9.73
345	3310	9.59
346	3315	9.58
347	3332	9.60
348	3320	9.54
349	3325	9.53
350	3345	9.56
351	3379	9.63
352	3548	10.08
353	3420	9.69
354	3370	9.52
355	3361	9.47
356	3376	9.48
357	3383	9.48
358	3379	9.44
359	3390	9.44
360	3392	9.42
361	3399	9.42
362	3418	9.44
363	4172	11.49
364	3254	8.94
365	3257	8.92
366	3258	8.90
367	3255	8.87
368	3265	8.87
369	3268	8.86
370	3293	8.90
371	3302	8.90
372	3298	8.87
373	3303	8.86
374	3312	8.86
375	3311	8.83
376	3321	8.83
377	3314	8.79
378	3334	8.82
379	3358	8.86
380	3338	8.78
381	3354	8.80
382	3363	8.80
383	3361	8.78
384	3354	8.73
385	3382	8.78
386	3380	8.76
387	3394	8.77
388	3381	8.71
389	3402	8.75
390	3416	8.76
391	3417	8.74
392	3415	8.71
393	3423	8.71
394	3426	8.70
395	3433	8.69
396	3437	8.68
397	3444	8.68
398	3446	8.66
399	3465	8.68
400	3472	8.68
401	3468	8.65
402	3458	8.60
403	3486	8.65
404	3488	8.63
405	3480	8.59
406	3504	8.63
407	3505	8.61
408	3502	8.58
409	3511	8.58
410	3525	8.60
411	4853	11.81
412	3551	8.62
413	3560	8.62
414	3563	8.61
415	3572	8.61
416	3604	8.66
417	3587	8.60
418	3587	8.58
419	3601	8.59
420	3599	8.57
421	3607	8.57
422	3649	8.65
423	3679	8.70
424	3703	8.73
425	3645	8.58
426	3652	8.57
427	3662	8.58
428	3647	8.52
429	3871	9.02
430	3661	8.51
431	3668	8.51
432	3681	8.52
433	3686	8.51
434	3694	8.51
435	3810	8.76
436	3885	8.91
437	3696	8.46
438	3704	8.46
439	3708	8.45
440	3721	8.46
441	3716	8.43
442	3713	8.40
443	3743	8.45
444	3731	8.40
445	3747	8.42
446	3743	8.39
447	3748	8.38
448	3768	8.41
449	3772	8.40
450	3780	8.40
451	3785	8.39
452	3790	8.38
453	3792	8.37
454	3797	8.36
455	3808	8.37
456	3808	8.35
457	3812	8.34
458	3828	8.36
459	3830	8.34
460	3835	8.34
461	3837	8.32
462	3845	8.32
463	3861	8.34
464	3851	8.30
465	3864	8.31
466	3863	8.29
467	3876	8.30
468	3935	8.41
469	3885	8.28
470	3897	8.29
471	3894	8.27
472	3896	8.25
473	3899	8.24
474	3923	8.28
475	3919	8.25
476	3931	8.26
477	3935	8.25
478	3942	8.25
479	3946	8.24
480	3947	8.22
481	3956	8.22
482	3969	8.23
483	3977	8.23
484	3980	8.22
485	3982	8.21
486	3992	8.21
487	4005	8.22
488	4008	8.21
489	4015	8.21
490	4016	8.20
491	4029	8.21
492	4030	8.19
493	4042	8.20
494	4040	8.18
495	4053	8.19
496	4049	8.16
497	4065	8.18
498	4064	8.16
499	4070	8.16
500	4108	8.22
501	4066	8.12
502	4074	8.12
503	4085	8.12
504	4079	8.09
505	4082	8.08
506	4090	8.08
507	4097	8.08
508	4106	8.08
509	4118	8.09
510	4113	8.06
511	4111	8.05
512	4115	8.04
513	4496	8.76
514	4333	8.43
515	4349	8.44
516	4354	8.44
517	4379	8.47
518	5082	9.81
519	4370	8.42
520	4377	8.42
521	4383	8.41
522	4386	8.40
523	4402	8.42
524	4395	8.39
525	4410	8.40
526	4412	8.39
527	4416	8.38
528	4422	8.38
529	4450	8.41
530	4463	8.42
531	4456	8.39
532	4466	8.39
533	4491	8.43
534	4482	8.39
535	4494	8.40
536	4507	8.41
537	4827	8.99
538	4865	9.04
539	4556	8.45
540	4568	8.46
541	4570	8.45
542	4575	8.44
543	4587	8.45
544	4586	8.43
545	4590	8.42
546	4582	8.39
547	4580	8.37
548	4588	8.37
549	4597	8.37
550	4607	8.38
551	4615	8.38
552	4638	8.40
553	4620	8.35
554	4639	8.37
555	4635	8.35
556	4644	8.35
557	4654	8.36
558	4673	8.37
559	4663	8.34
560	4692	8.38
561	4691	8.36
562	4681	8.33
563	5106	9.07
564	4707	8.35
565	4700	8.32
566	4718	8.34
567	4710	8.31
568	4730	8.33
569	4752	8.35
570	7200	12.63
571	6413	11.23
572	4747	8.30
573	4728	8.25
574	4715	8.21
575	4719	8.21
576	4810	8.35
577	4742	8.22
578	4732	8.19
579	4737	8.18
580	4862	8.38
581	4754	8.18
582	4830	8.30
583	5571	9.56
584	4789	8.20
585	4813	8.23
586	5005	8.54
587	6596	11.24
588	4925	8.38
589	10008	16.99
590	8378	14.20
591	8013	13.56
592	8894	15.02
593	8356	14.09
594	7511	12.64
595	5687	9.56
596	4860	8.15
597	4873	8.16
598	4877	8.16
599	5202	8.68
600	5049	8.41
601	4962	8.26
602	4935	8.20
603	4957	8.22
604	4955	8.20
605	4952	8.19
606	4952	8.17
607	4971	8.19
608	4993	8.21
609	4985	8.19
610	4977	8.16
611	4978	8.15
612	4995	8.16
613	4997	8.15
614	5575	9.08
615	6132	9.97
616	4947	8.03
617	6189	10.03
618	5659	9.16
619	5781	9.34
620	5330	8.60
621	5169	8.32
622	7672	12.33
623	5132	8.24
624	5177	8.30
625	5204	8.33
626	5097	8.14
627	5262	8.39
628	5487	8.74
629	5508	8.76
630	5817	9.23
631	5637	8.93
632	5058	8.00
633	5085	8.03
634	5066	7.99
635	5076	7.99
636	5078	7.98
637	5282	8.29
638	5151	8.07
639	5941	9.30
640	5297	8.28
641	5289	8.25
642	5290	8.24
643	5352	8.32
644	5710	8.87
645	7386	11.45
646	9401	14.55
647	7668	11.85
648	8269	12.76
649	6641	10.23
650	9265	14.25
651	5727	8.80
652	10437	16.01
653	6083	9.32
654	6052	9.25
655	6100	9.31
656	6343	9.67
657	6154	9.37
658	6087	9.25
659	6147	9.33
660	6109	9.26
661	6138	9.29
662	6211	9.38
663	6165	9.30
664	6161	9.28
665	6850	10.30
666	6657	10.00
667	5923	8.88
668	5956	8.92
669	5980	8.94
670	5952	8.88
671	5946	8.86
672	5948	8.85
673	5992	8.90
674	7046	10.45
675	5904	8.75
676	5902	8.73
677	6985	10.32
678	7447	10.98
679	6192	9.12
680	6301	9.27
681	7740	11.37
682	5959	8.74
683	5961	8.73
684	5985	8.75
685	5984	8.74
686	6014	8.77
687	6029	8.78
688	6031	8.77
689	7015	10.18
690	6032	8.74
691	6055	8.76
692	6050	8.74
693	6065	8.75
694	6055	8.72
695	6062	8.72
696	6082	8.74
697	6243	8.96
698	6237	8.94
699	6188	8.85
700	6196	8.85
701	6128	8.74
702	6210	8.85
703	6138	8.73
704	6147	8.73
705	6728	9.54
706	6311	8.94
707	6093	8.62
708	6103	8.62
709	6113	8.62
710	6122	8.62
711	6229	8.76
712	6132	8.61
713	6206	8.70
714	6141	8.60
715	7036	9.84
716	6136	8.57
717	6131	8.55
718	6133	8.54
719	6161	8.57
720	6149	8.54
721	6152	8.53
722	6264	8.68
723	6158	8.52
724	6162	8.51
725	6179	8.52
726	6186	8.52
727	6187	8.51
728	7264	9.98
729	6399	8.78
730	8363	11.46
731	6287	8.60
732	6292	8.60
733	6368	8.69
734	6308	8.59
735	6370	8.67
736	6336	8.61
737	6358	8.63
738	6362	8.62
739	6375	8.63
740	6385	8.63
741	6675	9.01
742	6330	8.53
743	6412	8.63
744	6360	8.55
745	6429	8.63
746	7487	10.04
747	6598	8.83
748	8767	11.72
749	8358	11.16
750	8766	11.69
751	7262	9.67
752	6525	8.68
753	6446	8.56
754	6443	8.55
755	6443	8.53
756	6453	8.54
757	6468	8.54
758	6562	8.66
759	6432	8.47
760	6416	8.44
761	6438	8.46
762	6446	8.46
763	6439	8.44
764	6448	8.44
765	6457	8.44
766	6458	8.43
767	6498	8.47
768	6460	8.41
769	6482	8.43
770	6490	8.43
771	6490	8.42
772	6499	8.42
773	6580	8.51
774	6589	8.51
775	6532	8.43
776	6505	8.38
777	6994	9.00
778	6429	8.26
779	6376	8.18
780	6277	8.05
781	6217	7.96
782	6301	8.06
783	6165	7.87
784	6531	8.33
785	6328	8.06
786	6449	8.20
787	6549	8.32
788	6616	8.40
789	6446	8.17
790	6378	8.07
791	6375	8.06
792	6929	8.75
793	6233	7.86
794	6232	7.85
795	6220	7.82
796	6238	7.84
797	6262	7.86
798	6259	7.84
799	6264	7.84
800	6267	7.83
801	6270	7.83
802	6281	7.83
803	6278	7.82
804	6293	7.83
805	6287	7.81
806	6295	7.81
807	6310	7.82
808	6422	7.95
809	6312	7.80
810	6318	7.80
811	6323	7.80
812	6315	7.78
813	6338	7.80
814	6414	7.88
815	6341	7.78
816	6375	7.81
817	6348	7.77
818	6365	7.78
819	6362	7.77
820	6367	7.76
821	6382	7.77
822	6377	7.76
823	6395	7.77
824	6399	7.77
825	6416	7.78
826	6415	7.77
827	6404	7.74
828	6427	7.76
829	6425	7.75
830	6428	7.74
831	6432	7.74
832	6442	7.74
833	6450	7.74
834	6440	7.72
835	6455	7.73
836	6466	7.73
837	6467	7.73
838	6488	7.74
839	6549	7.81
840	6481	7.72
841	6482	7.71
842	6493	7.71
843	6492	7.70
844	6498	7.70
845	6510	7.70
846	6523	7.71
847	6529	7.71
848	6538	7.71
849	6534	7.70
850	6528	7.68
851	6543	7.69
852	6548	7.69
853	6553	7.68
854	6565	7.69
855	6554	7.67
856	6593	7.70
857	6583	7.68
858	6575	7.66
859	6611	7.70
860	6596	7.67
861	6605	7.67
862	6610	7.67
863	6541	7.58
864	6448	7.46
865	6451	7.46
866	6463	7.46
867	6460	7.45
868	6463	7.45
869	6473	7.45
870	6480	7.45
871	6481	7.44
872	6508	7.46
873	6499	7.44
874	6513	7.45
875	6511	7.44
876	6507	7.43
877	6518	7.43
878	6535	7.44
879	6542	7.44
880	6551	7.44
881	6554	7.44
882	6550	7.43
883	6554	7.42
884	6541	7.40
885	6562	7.41
886	6571	7.42
887	6580	7.42
888	6578	7.41
889	6582	7.40
890	6594	7.41
891	6603	7.41
892	6676	7.48
893	6617	7.41
894	6614	7.40
895	6619	7.40
896	6613	7.38
897	6623	7.38
898	6641	7.40
899	6653	7.40
900	6649	7.39
901	7440	8.26
902	6708	7.44
903	6640	7.35
904	6688	7.40
905	6630	7.33
906	6632	7.32
907	6702	7.39
908	6634	7.31
909	6702	7.37
910	6667	7.33
911	6649	7.30
912	6656	7.30
913	6692	7.33
914	6728	7.36
915	6697	7.32
916	6728	7.34
917	6702	7.31
918	6681	7.28
919	6712	7.30
920	6840	7.43
921	6710	7.29
922	6776	7.35
923	6740	7.30
924	6730	7.28
925	6793	7.34
926	6742	7.28
927	6980	7.53
928	6819	7.35
929	6873	7.40
930	9970	10.72
931	7461	8.01
932	9823	10.54
933	6796	7.28
934	7718	8.26
935	7080	7.57
936	6807	7.27
937	7949	8.48
938	7167	7.64
939	6875	7.32
940	6846	7.28
941	6874	7.30
942	6845	7.27
943	6932	7.35
944	6890	7.30
945	8826	9.34
946	6905	7.30
947	6852	7.24
948	6869	7.25
949	6873	7.24
950	6883	7.25
951	6888	7.24
952	7550	7.93
953	7120	7.47
954	9270	9.72
955	7137	7.47
956	7157	7.49
957	7148	7.47
958	7168	7.48
959	7158	7.46
960	7167	7.47
961	7181	7.47
962	7170	7.45
963	7189	7.47
964	7203	7.47
965	8059	8.35
966	7214	7.47
967	8413	8.70
968	8173	8.44
969	7246	7.48
970	7245	7.47
971	7364	7.58
972	7247	7.46
973	7268	7.47
974	7279	7.47
975	7268	7.45
976	7952	8.15
977	8062	8.25
978	7252	7.42
979	7318	7.47
980	7265	7.41
981	7266	7.41
982	7318	7.45
983	7300	7.43
984	7294	7.41
985	8161	8.29
986	7950	8.06
987	7156	7.25
988	7069	7.15
989	7076	7.15
990	7082	7.15
991	7107	7.17
992	7111	7.17
993	7246	7.30
994	7111	7.15
995	7322	7.36
996	7139	7.17
997	7196	7.22
998	7157	7.17
999	7783	7.79
1000	7166	7.17
1001	7218	7.21
1002	7182	7.17
1003	7215	7.19
1004	7196	7.17
1005	7291	7.25
1006	7203	7.16
1007	8362	8.30
1008	7532	7.47
1009	7287	7.22
1010	7302	7.23
1011	8435	8.34
1012	7723	7.63
1013	8443	8.33
1014	9304	9.18
1015	7277	7.17
1016	7287	7.17
1017	7299	7.18
1018	7296	7.17
1019	7301	7.16
1020	7344	7.20
1021	7301	7.15
1022	7303	7.15
1023	7316	7.15
1024	7352	7.18
1025	7721	7.53
1026	7459	7.27
1027	7468	7.27
1028	7479	7.28
1029	7482	7.27
1030	7505	7.29
1031	7503	7.28
1032	7567	7.33
1033	7501	7.26
1034	7478	7.23
1035	7492	7.24
1036	7500	7.24
1037	7516	7.25
1038	7505	7.23
1039	7589	7.30
1040	7523	7.23
1041	7552	7.25
1042	7556	7.25
1043	7551	7.24
1044	7554	7.24
1045	7575	7.25
1046	7575	7.24
1047	7572	7.23
1048	7585	7.24
1049	7597	7.24
1050	7603	7.24
1051	7608	7.24
1052	7607	7.23
1053	7596	7.21
1054	7619	7.23
1055	7623	7.23
1056	7640	7.23
1057	7632	7.22
1058	7660	7.24
1059	7652	7.23
1060	7659	7.23
1061	7670	7.23
1062	7670	7.22
1063	7683	7.23
1064	7736	7.27
1065	7693	7.22
1066	7690	7.21
1067	7704	7.22
1068	7704	7.21
1069	7696	7.20
1070	7714	7.21
1071	7719	7.21
1072	7745	7.22
1073	7728	7.20
1074	7729	7.20
1075	7737	7.20
1076	7741	7.19
1077	7757	7.20
1078	7774	7.21
1079	7776	7.21
1080	7776	7.20
1081	7786	7.20
1082	7786	7.20
1083	7879	7.28
1084	7801	7.20
1085	7818	7.21
1086	7852	7.23
1087	7821	7.20
1088	7808	7.18
1089	7814	7.18
1090	7809	7.16
1091	7825	7.17
1092	7824	7.16
1093	7829	7.16
1094	7841	7.17
1095	7839	7.16
1096	7849	7.16
1097	7869	7.17
1098	7879	7.18
1099	7898	7.19
1100	7915	7.20
1101	7901	7.18
1102	7908	7.18
1103	7924	7.18
1104	7908	7.16
1105	7937	7.18
1106	7987	7.22
1107	8018	7.24
1108	7934	7.16
1109	7952	7.17
1110	7937	7.15
1111	7973	7.18
1112	7971	7.17
1113	7967	7.16
1114	7958	7.14
1115	7979	7.16
1116	8005	7.17
1117	7999	7.16
1118	8005	7.16
1119	8013	7.16
1120	8012	7.15
1121	8009	7.14
1122	8028	7.16
1123	8020	7.14
1124	8040	7.15
1125	8044	7.15
1126	8071	7.17
1127	8057	7.15
1128	8055	7.14
1129	8065	7.14
1130	8088	7.16
1131	8088	7.15
1132	8082	7.14
1133	8097	7.15
1134	8092	7.14
1135	8103	7.14
1136	8086	7.12
1137	8186	7.20
1138	8120	7.14
1139	8135	7.14
1140	8130	7.13
1141	8140	7.13
1142	8150	7.14
1143	8165	7.14
1144	8162	7.13
1145	8179	7.14
1146	8171	7.13
1147	8166	7.12
1148	8165	7.11
1149	8188	7.13
1150	8193	7.12
1151	8177	7.10
1152	8186	7.11
1153	8190	7.10
1154	8228	7.13
1155	8359	7.24
1156	8224	7.11
1157	8228	7.11
1158	8220	7.10
1159	8232	7.10
1160	8242	7.11
1161	8254	7.11
1162	8245	7.10
1163	8251	7.09
1164	8264	7.10
1165	8245	7.08
1166	8275	7.10
1167	8280	7.10
1168	8281	7.09
1169	8299	7.10
1170	8298	7.09
1171	8782	7.50
1172	9933	8.48
1173	8270	7.05
1174	8337	7.10
1175	8319	7.08
1176	8485	7.22
1177	8548	7.26
1178	8381	7.11
1179	8913	7.56
1180	8383	7.10
1181	8405	7.12
1182	8425	7.13
1183	8657	7.32
1184	8549	7.22
1185	9361	7.90
1186	8613	7.26
1187	8456	7.12
1188	8480	7.14
1189	9537	8.02
1190	8683	7.30
1191	8692	7.30
1192	10627	8.92
1193	8553	7.17
1194	8438	7.07
1195	8448	7.07
1196	8459	7.07
1197	8466	7.07
1198	8468	7.07
1199	8475	7.07
1200	8486	7.07
1201	8478	7.06
1202	8488	7.06
1203	8502	7.07
1204	9833	8.17
1205	8499	7.05
1206	9714	8.05
1207	8531	7.07
1208	9118	7.55
1209	8499	7.03
1210	8536	7.05
1211	8551	7.06
1212	8548	7.05
1213	8559	7.06
1214	8568	7.06
1215	8574	7.06
1216	8587	7.06
1217	8586	7.06
1218	8602	7.06
1219	8577	7.04
1220	8598	7.05
1221	8618	7.06
1222	8640	7.07
1223	8612	7.04
1224	8752	7.15
1225	8650	7.06
1226	8753	7.14
1227	8675	7.07
1228	8681	7.07
1229	8678	7.06
1230	8676	7.05
1231	8688	7.06
1232	8761	7.11
1233	8693	7.05
1234	8704	7.05
1235	8717	7.06
1236	8699	7.04
1237	8733	7.06
1238	8707	7.03
1239	8743	7.06
1240	9377	7.56
1241	8709	7.02
1242	8754	7.05
1243	9439	7.59
1244	9853	7.92
1245	8926	7.17
1246	8778	7.04
1247	8801	7.06
1248	8856	7.10
1249	8804	7.05
1250	8805	7.04
1251	8974	7.17
1252	8818	7.04
1253	8832	7.05
1254	8807	7.02
1255	8867	7.07
1256	9240	7.36
1257	8987	7.15
1258	9011	7.16
1259	9013	7.16
1260	9055	7.19
1261	9064	7.19
1262	9057	7.18
1263	9048	7.16
1264	9061	7.17
1265	9063	7.16
1266	9091	7.18
1267	9089	7.17
1268	9073	7.16
1269	9080	7.16
1270	9106	7.17
1271	9101	7.16
1272	9161	7.20
1273	9124	7.17
1274	9123	7.16
1275	9136	7.17
1276	9131	7.16
1277	9224	7.22
1278	9141	7.15
1279	9144	7.15
1280	9144	7.14
1281	9149	7.14
1282	9174	7.16
1283	9159	7.14
1284	9182	7.15
1285	9189	7.15
1286	9186	7.14
1287	9183	7.14
1288	9205	7.15
1289	9192	7.13
1290	9214	7.14
1291	9206	7.13
1292	9281	7.18
1293	9315	7.20
1294	9249	7.15
1295	9249	7.14
1296	9271	7.15
1297	9250	7.13
1298	9278	7.15
1299	9270	7.14
1300	9306	7.16
1301	9288	7.14
1302	9282	7.13
1303	9425	7.23
1304	9321	7.15
1305	9306	7.13
1306	9303	7.12
1307	9338	7.14
1308	9310	7.12
1309	9328	7.13
1310	9376	7.16
1311	9354	7.14
1312	9355	7.13
1313	9361	7.13
1314	9352	7.12
1315	9365	7.12
1316	9370	7.12
1317	9375	7.12
1318	9386	7.12
1319	9409	7.13
1320	9407	7.13
1321	9398	7.11
1322	9408	7.12
1323	9511	7.19
1324	9414	7.11
1325	9435	7.12
1326	9397	7.09
1327	9425	7.10
1328	9461	7.12
1329	9444	7.11
1330	9438	7.10
1331	9444	7.10
1332	9434	7.08
1333	9452	7.09
1334	9465	7.10
1335	9459	7.09
1336	9476	7.09
1337	9475	7.09
1338	9503	7.10
1339	9494	7.09
1340	9513	7.10
1341	9520	7.10
1342	9518	7.09
1343	9526	7.09
1344	9517	7.08
1345	9526	7.08
1346	9533	7.08
1347	9527	7.07
1348	9577	7.10
1349	9543	7.07
1350	9555	7.08
1351	9556	7.07
1352	9569	7.08
1353	9591	7.09
1354	9594	7.09
1355	9573	7.06
1356	9593	7.07
1357	9590	7.07
1358	9748	7.18
1359	9601	7.06
1360	9600	7.06
1361	9617	7.07
1362	9719	7.14
1363	9621	7.06
1364	9641	7.07
1365	9651	7.07
1366	9650	7.06
1367	9754	7.14
1368	10434	7.63
1369	9442	6.90
1370	9505	6.94
1371	9437	6.88
1372	9506	6.93
1373	9464	6.89
1374	9488	6.91
1375	9484	6.90
1376	9474	6.89
1377	9548	6.93
1378	9548	6.93
1379	9557	6.93
1380	9501	6.88
1381	9477	6.86
1382	9876	7.15
1383	9525	6.89
1384	9653	6.97
1385	9703	7.01
1386	9596	6.92
1387	9640	6.95
1388	9579	6.90
1389	9696	6.98
1390	9560	6.88
1391	9641	6.93
1392	9859	7.08
1393	9572	6.87
1394	9578	6.87
1395	9539	6.84
1396	9736	6.97
1397	9626	6.89
1398	9757	6.98
1399	9710	6.94
1400	9712	6.94
1401	9805	7.00
1402	9671	6.90
1403	9759	6.96
1404	9748	6.94
1405	9690	6.90
1406	9677	6.88
1407	9735	6.92
1408	9757	6.93
1409	9770	6.93
1410	9770	6.93
1411	9775	6.93
1412	9916	7.02
1413	9784	6.92
1414	9798	6.93
1415	9737	6.88
1416	9736	6.88
1417	9904	6.99
1418	9776	6.89
1419	9819	6.92
1420	9760	6.87
1421	9821	6.91
1422	9761	6.86
1423	9975	7.01
1424	9782	6.87
1425	9779	6.86
1426	9880	6.93
1427	9893	6.93
1428	9827	6.88
1429	9832	6.88
1430	9883	6.91
1431	9939	6.95
1432	9904	6.92
1433	9900	6.91
1434	9867	6.88
1435	9910	6.91
1436	9912	6.90
1437	9922	6.90
1438	9907	6.89
1439	9913	6.89
1440	9890	6.87
1441	9849	6.83
1442	9904	6.87
1443	9901	6.86
1444	9929	6.88
1445	9892	6.85
1446	9915	6.86
1447	9947	6.87
1448	9935	6.86
1449	10030	6.92
1450	9952	6.86
1451	10035	6.92
1452	9970	6.87
1453	9967	6.86
1454	9987	6.87
1455	10048	6.91
1456	10082	6.92
1457	10543	7.24
1458	10487	7.19
1459	10141	6.95
1460	10172	6.97
1461	10227	7.00
1462	13355	9.13
1463	10229	6.99
1464	10101	6.90
1465	10701	7.30
1466	9748	6.65
1467	9874	6.73
1468	11502	7.84
1469	9821	6.69
1470	11105	7.55
1471	9816	6.67
1472	11266	7.65
1473	16922	11.49
1474	14772	10.02
1475	11466	7.77
1476	16934	11.47
1477	15256	10.33
1478	13048	8.83
1479	9821	6.64
1480	10760	7.27
1481	15535	10.49
1482	13486	9.10
1483	14283	9.63
1484	10684	7.20
1485	13339	8.98
1486	10258	6.90
1487	12000	8.07
1488	12459	8.37
1489	10067	6.76
1490	9916	6.66
1491	12316	8.26
1492	10963	7.35
1493	10461	7.01
1494	11566	7.74
1495	9966	6.67
1496	10032	6.71
1497	12077	8.07
1498	10976	7.33
1499	10258	6.84
1500	10166	6.78
1501	10312	6.87
1502	10320	6.87
1503	10497	6.98
1504	12194	8.11
1505	10343	6.87
1506	10106	6.71
1507	11252	7.47
1508	11378	7.55
1509	10118	6.71
1510	13518	8.95
1511	10104	6.69
1512	10495	6.94
1513	10245	6.77
1514	10605	7.00
1515	10245	6.76
1516	10119	6.67
1517	10022	6.61
1518	10022	6.60
1519	10038	6.61
1520	10062	6.62
1521	10053	6.61
1522	10060	6.61
1523	10080	6.62
1524	10326	6.78
1525	10184	6.68
1526	10118	6.63
1527	10266	6.72
1528	10110	6.62
1529	10125	6.62
1530	11530	7.54
1531	11808	7.71
1532	12161	7.94
1533	16943	11.05
1534	11748	7.66
1535	19611	12.78
1536	11015	7.17
1537	11763	7.65
1538	12410	8.07
1539	14225	9.24
1540	12953	8.41
1541	12534	8.13
1542	13622	8.83
1543	10369	6.72
1544	11959	7.75
1545	14709	9.52
1546	14748	9.54
1547	17639	11.40
1548	15477	10.00
1549	11963	7.72
1550	11449	7.39
1551	15333	9.89
1552	10558	6.80
1553	12249	7.89
1554	12499	8.04
1555	17622	11.33
1556	13902	8.93
1557	10689	6.87
1558	11383	7.31
1559	10757	6.90
1560	15736	10.09
1561	10397	6.66
1562	10565	6.76
1563	19686	12.60
1564	10709	6.85
1565	10723	6.85
1566	10912	6.97
1567	10559	6.74
1568	10402	6.63
1569	10376	6.61
1570	10436	6.65
1571	10443	6.65
1572	10410	6.62
1573	10497	6.67
1574	10559	6.71
1575	10483	6.66
1576	10460	6.64
1577	10502	6.66
1578	11319	7.17
1579	11020	6.98
1580	11185	7.08
1581	12234	7.74
1582	10665	6.74
1583	11870	7.50
1584	10547	6.66
1585	13109	8.27
1586	10672	6.73
1587	10631	6.70
1588	10655	6.71
1589	10732	6.75
1590	10643	6.69
1591	10601	6.66
1592	10644	6.69
1593	13310	8.36
1594	10677	6.70
1595	13671	8.57
1596	14358	9.00
1597	11957	7.49
1598	12090	7.57
1599	14440	9.03
1600	11566	7.23
1601	15230	9.51
1602	15593	9.73
1603	11725	7.31
1604	13187	8.22
1605	10953	6.82
1606	10564	6.58
1607	11812	7.35
1608	12473	7.76
1609	10981	6.82
1610	10891	6.76
1611	11223	6.97
1612	13094	8.12
1613	10835	6.72
1614	20843	12.91
1615	10757	6.66
1616	15448	9.56
1617	10939	6.76
1618	11005	6.80
1619	10630	6.57
1620	10655	6.58
1621	14271	8.80
1622	10888	6.71
1623	17398	10.72
1624	10920	6.72
1625	11590	7.13
1626	11855	7.29
1627	13262	8.15
1628	12798	7.86
1629	10963	6.73
1630	10988	6.74
1631	11021	6.76
1632	11082	6.79
1633	11718	7.18
1634	12008	7.35
1635	11332	6.93
1636	11151	6.82
1637	11502	7.03
1638	11885	7.26
1639	11558	7.05
1640	12014	7.33
1641	11297	6.88
1642	11426	6.96
1643	11421	6.95
1644	11200	6.81
1645	12297	7.48
1646	12320	7.48
1647	11269	6.84
1648	11450	6.95
1649	11977	7.26
1650	11465	6.95
1651	11363	6.88
1652	11324	6.85
1653	11807	7.14
1654	11326	6.85
1655	20012	12.09
1656	11519	6.96
1657	11400	6.88
1658	11909	7.18
1659	11210	6.76
1660	11284	6.80
1661	11470	6.91
1662	11555	6.95
1663	11236	6.76
1664	11181	6.72
1665	15180	9.12
1666	12853	7.71
1667	11675	7.00
1668	11756	7.05
1669	11236	6.73
1670	13240	7.93
1671	11698	7.00
1672	12479	7.46
1673	12087	7.22
1674	13828	8.26
1675	11240	6.71
1676	11466	6.84
1677	11373	6.78
1678	11277	6.72
1679	11815	7.04
1680	12317	7.33
1681	11373	6.77
1682	11726	6.97
1683	12370	7.35
1684	12195	7.24
1685	12176	7.23
1686	11814	7.01
1687	11706	6.94
1688	13118	7.77
1689	11769	6.97
1690	11419	6.76
1691	11451	6.77
1692	11484	6.79
1693	11521	6.81
1694	11595	6.84
1695	12825	7.57
1696	11420	6.73
1697	11413	6.73
1698	11755	6.92
1699	12337	7.26
1700	13527	7.96
1701	11909	7.00
1702	11734	6.89
1703	12312	7.23
1704	11452	6.72
1705	11525	6.76
1706	12091	7.09
1707	12514	7.33
1708	12209	7.15
1709	11923	6.98
1710	11634	6.80
1711	11869	6.94
1712	11861	6.93
1713	11748	6.86
1714	11884	6.93
1715	11732	6.84
1716	11922	6.95
1717	12215	7.11
1718	11822	6.88
1719	12240	7.12
1720	11754	6.83
1721	12147	7.06
1722	11815	6.86
1723	11678	6.78
1724	11736	6.81
1725	11797	6.84
1726	11548	6.69
1727	13013	7.54
1728	14563	8.43
1729	12286	7.11
1730	12032	6.95
1731	13057	7.54
1732	11809	6.82
1733	14111	8.14
1734	12379	7.14
1735	15855	9.14
1736	12464	7.18
1737	11819	6.80
1738	12444	7.16
1739	14703	8.45
1740	11766	6.76
1741	12416	7.13
1742	11868	6.81
1743	12328	7.07
1744	12098	6.94
1745	12261	7.03
1746	12589	7.21
1747	11642	6.66
1748	11679	6.68
1749	11763	6.73
1750	11955	6.83
1751	11857	6.77
1752	11935	6.81
1753	14609	8.33
1754	15885	9.06
1755	13137	7.49
1756	11745	6.69
1757	12046	6.86
1758	12330	7.01
1759	11858	6.74
1760	12621	7.17
1761	13115	7.45
1762	13004	7.38
1763	11959	6.78
1764	12217	6.93
1765	12905	7.31
1766	13345	7.56
1767	12086	6.84
1768	12079	6.83
1769	12501	7.07
1770	12415	7.01
1771	12263	6.92
1772	11774	6.64
1773	11806	6.66
1774	11836	6.67
1775	11979	6.75
1776	12201	6.87
1777	12187	6.86
1778	12203	6.86
1779	15014	8.44
1780	12205	6.86
1781	12442	6.99
1782	11923	6.69
1783	11910	6.68
1784	11898	6.67
1785	12544	7.03
1786	14629	8.19
1787	14601	8.17
1788	12170	6.81
1789	12916	7.22
1790	16089	8.99
1791	17114	9.56
1792	12430	6.94
1793	12024	6.71
1794	14279	7.96
1795	12325	6.87
1796	13471	7.50
1797	12765	7.10
1798	13257	7.37
1799	12396	6.89
1800	12226	6.79
1801	12362	6.86
1802	14739	8.18
1803	12778	7.09
1804	12565	6.97
1805	12098	6.70
1806	14073	7.79
1807	17995	9.96
1808	12201	6.75
1809	12539	6.93
1810	12493	6.90
1811	13510	7.46
1812	13228	7.30
1813	12774	7.05
1814	12564	6.93
1815	12204	6.72
1816	12258	6.75
1817	12205	6.72
1818	15552	8.55
1819	12429	6.83
1820	12551	6.90
1821	12477	6.85
1822	12760	7.00
1823	12604	6.91
1824	13252	7.27
1825	13203	7.23
1826	12535	6.86
1827	12286	6.72
1828	16533	9.04
1829	12390	6.77
1830	12582	6.88
1831	12634	6.90
1832	12990	7.09
1833	14092	7.69
1834	12636	6.89
1835	13101	7.14
1836	12602	6.86
1837	15531	8.45
1838	13196	7.18
1839	12729	6.92
1840	12281	6.67
1841	13001	7.06
1842	13062	7.09
1843	13951	7.57
1844	12307	6.67
1845	12801	6.94
1846	12653	6.85
1847	13484	7.30
1848	13261	7.18
1849	12484	6.75
1850	12416	6.71
1851	16930	9.15
1852	15234	8.23
1853	12860	6.94
1854	12830	6.92
1855	15867	8.55
1856	12495	6.73
1857	12672	6.82
1858	13096	7.05
1859	14206	7.64
1860	14905	8.01
1861	12978	6.97
1862	12378	6.65
1863	12328	6.62
1864	12442	6.67
1865	15749	8.44
1866	14714	7.89
1867	12367	6.62
1868	12591	6.74
1869	12889	6.90
1870	13279	7.10
1871	12792	6.84
1872	14113	7.54
1873	13636	7.28
1874	22271	11.88
1875	15363	8.19
1876	12953	6.90
1877	12555	6.69
1878	12731	6.78
1879	12502	6.65
1880	13432	7.14
1881	15212	8.09
1882	12812	6.81
1883	12826	6.81
1884	14250	7.56
1885	17271	9.16
1886	13000	6.89
1887	13278	7.04
1888	15431	8.17
1889	13140	6.96
1890	13559	7.17
1891	12591	6.66
1892	13182	6.97
1893	13561	7.16
1894	13173	6.96
1895	13542	7.15
1896	12494	6.59
1897	12906	6.80
1898	12802	6.74
1899	13145	6.92
1900	13058	6.87
1901	16125	8.48
1902	13659	7.18
1903	12798	6.73
1904	14469	7.60
1905	15543	8.16
1906	12863	6.75
1907	13467	7.06
1908	12752	6.68
1909	18707	9.80
1910	22996	12.04
1911	12787	6.69
1912	12585	6.58
1913	13603	7.11
1914	13262	6.93
1915	12774	6.67
1916	12856	6.71
1917	13304	6.94
1918	13998	7.30
1919	13451	7.01
1920	13347	6.95
1921	12657	6.59
1922	12650	6.58
1923	13192	6.86
1924	12846	6.68
1925	13463	6.99
1926	13624	7.07
1927	12712	6.60
1928	12664	6.57
1929	12708	6.59
1930	12814	6.64
1931	12770	6.61
1932	14301	7.40
1933	13038	6.74
1934	13198	6.82
1935	13002	6.72
1936	13640	7.05
1937	19087	9.85
1938	12763	6.59
1939	13575	7.00
1940	12990	6.70
1941	13083	6.74
1942	16204	8.34
1943	13968	7.19
1944	13502	6.95
1945	12942	6.65
1946	13072	6.72
1947	13158	6.76
1948	12962	6.65
1949	12946	6.64
1950	12954	6.64
1951	12977	6.65
1952	13092	6.71
1953	13100	6.71
1954	13073	6.69
1955	13878	7.10
1956	14932	7.63
1957	13895	7.10
1958	13329	6.81
1959	13929	7.11
1960	13576	6.93
1961	14468	7.38
1962	14466	7.37
1963	22430	11.43
1964	13119	6.68
1965	13335	6.79
1966	13186	6.71
1967	13204	6.71
1968	13073	6.64
1969	15944	8.10
1970	13648	6.93
1971	13378	6.79
1972	15579	7.90
1973	17162	8.70
1974	13323	6.75
1975	17793	9.01
1976	21729	11.00
1977	13310	6.73
1978	13174	6.66
1979	13919	7.03
1980	14460	7.30
1981	13344	6.74
1982	13528	6.83
1983	13355	6.73
1984	14346	7.23
1985	14309	7.21
1986	13116	6.60
1987	12996	6.54
1988	13240	6.66
1989	13260	6.67
1990	13918	6.99
1991	13808	6.94
1992	12975	6.51
1993	13066	6.56
1994	13019	6.53
1995	13023	6.53
1996	13029	6.53
1997	13003	6.51
1998	13035	6.52
1999	12989	6.50
2000	13300	6.65
2001	13040	6.52
2002	13047	6.52
2003	13028	6.50
2004	13031	6.50
2005	13151	6.56
2006	13240	6.60
2007	13086	6.52
2008	13036	6.49
2009	13093	6.52
2010	13084	6.51
2011	13076	6.50
2012	13070	6.50
2013	13065	6.49
2014	13127	6.52
2015	13102	6.50
2016	13145	6.52
2017	13131	6.51
2018	13148	6.52
2019	13128	6.50
2020	13153	6.51
2021	13157	6.51
2022	13136	6.50
2023	13161	6.51
2024	13156	6.50
2025	13158	6.50
2026	13182	6.51
2027	13199	6.51
2028	13189	6.50
2029	13211	6.51
2030	13311	6.56
2031	13802	6.80
2032	13213	6.50
2033	13215	6.50
2034	13234	6.51
2035	13243	6.51
2036	13266	6.52
2037	13255	6.51
2038	13245	6.50
2039	13256	6.50
2040	13232	6.49
2041	13283	6.51
2042	13254	6.49
2043	13323	6.52
2044	13277	6.50
2045	13292	6.50
2046	13310	6.51
2047	13382	6.54
2048	13341	6.51
2049	13917	6.79
2050	13501	6.59
2051	13472	6.57
2052	13499	6.58
2053	13493	6.57
2054	13603	6.62
2055	13519	6.58
2056	13691	6.66
2057	13520	6.57
2058	13549	6.58
2059	13672	6.64
2060	13560	6.58
2061	13591	6.59
2062	13585	6.59
2063	13612	6.60
2064	15662	7.59
2065	15676	7.59
2066	17116	8.28
2067	14406	6.97
2068	14656	7.09
2069	13701	6.62
2070	13716	6.63
2071	13598	6.57
2072	13615	6.57
2073	13597	6.56
2074	13613	6.56
2075	13638	6.57
2076	13626	6.56
2077	13646	6.57
2078	13642	6.56
2079	13741	6.61
2080	13816	6.64
2081	13674	6.57
2082	13662	6.56
2083	13803	6.63
2084	13780	6.61
2085	13685	6.56
2086	13689	6.56
2087	13775	6.60
2088	13730	6.58
2089	13707	6.56
2090	13724	6.57
2091	13732	6.57
2092	13992	6.69
2093	13736	6.56
2094	13728	6.56
2095	13772	6.57
2096	13780	6.57
2097	13782	6.57
2098	13758	6.56
2099	13792	6.57
2100	13797	6.57
2101	13816	6.58
2102	13849	6.59
2103	13837	6.58
2104	14028	6.67
2105	13820	6.57
2106	13812	6.56
2107	13816	6.56
2108	13811	6.55
2109	13882	6.58
2110	13964	6.62
2111	13842	6.56
2112	13841	6.55
2113	13851	6.56
2114	13852	6.55
2115	13863	6.55
2116	13904	6.57
2117	13877	6.56
2118	13898	6.56
2119	13901	6.56
2120	13888	6.55
2121	13915	6.56
2122	13887	6.54
2123	14062	6.62
2124	13918	6.55
2125	13935	6.56
2126	13928	6.55
2127	13927	6.55
2128	14077	6.62
2129	13961	6.56
2130	13960	6.55
2131	14293	6.71
2132	13960	6.55
2133	13995	6.56
2134	14029	6.57
2135	13983	6.55
2136	14070	6.59
2137	13999	6.55
2138	13969	6.53
2139	14012	6.55
2140	13980	6.53
2141	14022	6.55
2142	14031	6.55
2143	14000	6.53
2144	14027	6.54
2145	14121	6.58
2146	14042	6.54
2147	14041	6.54
2148	14064	6.55
2149	14125	6.57
2150	14064	6.54
2151	14138	6.57
2152	14023	6.52
2153	14137	6.57
2154	14101	6.55
2155	14208	6.59
2156	14068	6.53
2157	14245	6.60
2158	14117	6.54
2159	14066	6.52
2160	14146	6.55
2161	14124	6.54
2162	14193	6.56
2163	14167	6.55
2164	14131	6.53
2165	14114	6.52
2166	14130	6.52
2167	14160	6.53
2168	14121	6.51
2169	14124	6.51
2170	14170	6.53
2171	14144	6.51
2172	14196	6.54
2173	14151	6.51
2174	14185	6.52
2175	14270	6.56
2176	14186	6.52
2177	14221	6.53
2178	14217	6.53
2179	14192	6.51
2180	14212	6.52
2181	14228	6.52
2182	13966	6.40
2183	13887	6.36
2184	13899	6.36
2185	13951	6.38
2186	13920	6.37
2187	13931	6.37
2188	14062	6.43
2189	13984	6.39
2190	13957	6.37
2191	13962	6.37
2192	13968	6.37
2193	13984	6.38
2194	13990	6.38
2195	14007	6.38
2196	14005	6.38
2197	14001	6.37
2198	13997	6.37
2199	14039	6.38
2200	14067	6.39
2201	14016	6.37
2202	14030	6.37
2203	14032	6.37
2204	14037	6.37
2205	14083	6.39
2206	14042	6.37
2207	14049	6.37
2208	14052	6.36
2209	14080	6.37
2210	14076	6.37
2211	14127	6.39
2212	14091	6.37
2213	14055	6.35
2214	14149	6.39
2215	14114	6.37
2216	14099	6.36
2217	14089	6.35
2218	14129	6.37
2219	14109	6.36
2220	14113	6.36
2221	14117	6.36
2222	14122	6.36
2223	14160	6.37
2224	14156	6.37
2225	14136	6.35
2226	14208	6.38
2227	14250	6.40
2228	14182	6.37
2229	14165	6.35
2230	14181	6.36
2231	14200	6.36
2232	14195	6.36
2233	14242	6.38
2234	14220	6.37
2235	14220	6.36
2236	14245	6.37
2237	14205	6.35
2238	14230	6.36
2239	14250	6.36
2240	14291	6.38
2241	14240	6.35
2242	14274	6.37
2243	14293	6.37
2244	15438	6.88
2245	14260	6.35
2246	14278	6.36
2247	14302	6.36
2248	17374	7.73
2249	14470	6.43
2250	14478	6.43
2251	14492	6.44
2252	14496	6.44
2253	14530	6.45
2254	14512	6.44
2255	14527	6.44
2256	14552	6.45
2257	14534	6.44
2258	14545	6.44
2259	14562	6.45
2260	14654	6.48
2261	15745	6.96
2262	14630	6.47
2263	14671	6.48
2264	15053	6.65
2265	14978	6.61
2266	17732	7.83
2267	16877	7.44
2268	14593	6.43
2269	14585	6.43
2270	14578	6.42
2271	14606	6.43
2272	14643	6.44
2273	14717	6.47
2274	14641	6.44
2275	14644	6.44
2276	14647	6.44
2277	14661	6.44
2278	14654	6.43
2279	14667	6.44
2280	14705	6.45
2281	14661	6.43
2282	14671	6.43
2283	14676	6.43
2284	14706	6.44
2285	14765	6.46
2286	14693	6.43
2287	14708	6.43
2288	14709	6.43
2289	14706	6.42
2290	14713	6.42
2291	14746	6.44
2292	14730	6.43
2293	14771	6.44
2294	14744	6.43
2295	14761	6.43
2296	14754	6.43
2297	14811	6.45
2298	14789	6.44
2299	14779	6.43
2300	14815	6.44
2301	14801	6.43
2302	14794	6.43
2303	14812	6.43
2304	14817	6.43
2305	14804	6.42
2306	14810	6.42
2307	14818	6.42
2308	14750	6.39
2309	14535	6.29
2310	14543	6.30
2311	16728	7.24
2312	14482	6.26
2313	14489	6.26
2314	14477	6.26
2315	14482	6.26
2316	14479	6.25
2317	14506	6.26
2318	14512	6.26
2319	14519	6.26
2320	14517	6.26
2321	14526	6.26
2322	14626	6.30
2323	14543	6.26
2324	14556	6.26
2325	14570	6.27
2326	14537	6.25
2327	14549	6.25
2328	14547	6.25
2329	14564	6.25
2330	14583	6.26
2331	14571	6.25
2332	14591	6.26
2333	14572	6.25
2334	15330	6.57
2335	14648	6.27
2336	14621	6.26
2337	14624	6.26
2338	14635	6.26
2339	14655	6.27
2340	14640	6.26
2341	14668	6.27
2342	15490	6.61
2343	16979	7.25
2344	14663	6.26
2345	14671	6.26
2346	14664	6.25
2347	14673	6.25
2348	14705	6.26
2349	14673	6.25
2350	14686	6.25
2351	14687	6.25
2352	14678	6.24
2353	14685	6.24
2354	14704	6.25
2355	14691	6.24
2356	14715	6.25
2357	14729	6.25
2358	14725	6.24
2359	14784	6.27
2360	14740	6.25
2361	14714	6.23
2362	14736	6.24
2363	15643	6.62
2364	19290	8.16
2365	16574	7.01
2366	15912	6.73
2367	14763	6.24
2368	14755	6.23
2369	14783	6.24
2370	14763	6.23
2371	14897	6.28
2372	14809	6.24
2373	14804	6.24
2374	14823	6.24
2375	14828	6.24
2376	17295	7.28
2377	14823	6.24
2378	14820	6.23
2379	14813	6.23
2380	14827	6.23
2381	14852	6.24
2382	14857	6.24
2383	14853	6.23
2384	14847	6.23
2385	17313	7.26
2386	17698	7.42
2387	14758	6.18
2388	16643	6.97
2389	18077	7.57
2390	17187	7.19
2391	15624	6.53
2392	15625	6.53
2393	14810	6.19
2394	14783	6.18
2395	14817	6.19
2396	14777	6.17
2397	14800	6.17
2398	14796	6.17
2399	14853	6.19
2400	15784	6.58
2401	14813	6.17
2402	14837	6.18
2403	14776	6.15
2404	14824	6.17
2405	14862	6.18
2406	14897	6.19
2407	14869	6.18
2408	14846	6.17
2409	14862	6.17
2410	14842	6.16
2411	14887	6.17
2412	15133	6.27
2413	14852	6.15
2414	14869	6.16
2415	14837	6.14
2416	14879	6.16
2417	14882	6.16
2418	14859	6.15
2419	14933	6.17
2420	14901	6.16
2421	14917	6.16
2422	14945	6.17
2423	14916	6.16
2424	14947	6.17
2425	14925	6.15
2426	14966	6.17
2427	14930	6.15
2428	14963	6.16
2429	14947	6.15
2430	14966	6.16
2431	14946	6.15
2432	15071	6.20
2433	15081	6.20
2434	15002	6.16
2435	15004	6.16
2436	15018	6.17
2437	15015	6.16
2438	14986	6.15
2439	15017	6.16
2440	15046	6.17
2441	17520	7.18
2442	17610	7.21
2443	28399	11.62
2444	31130	12.74
2445	17820	7.29
2446	17978	7.35
2447	17233	7.04
2448	17324	7.08
2449	16245	6.63
2450	15105	6.17
2451	15058	6.14
2452	15188	6.19
2453	16496	6.72
2454	15119	6.16
2455	17093	6.96
2456	15851	6.45
2457	15133	6.16
2458	15137	6.16
2459	15139	6.16
2460	17733	7.21
2461	26404	10.73
2462	30054	12.21
2463	15177	6.16
2464	18277	7.42
2465	24781	10.05
2466	22197	9.00
2467	21054	8.53
2468	17888	7.25
2469	16024	6.49
2470	17953	7.27
2471	17919	7.25
2472	19351	7.83
2473	15832	6.40
2474	15228	6.16
2475	16253	6.57
2476	16245	6.56
2477	15224	6.15
2478	17229	6.95
2479	15231	6.14
2480	15262	6.15
2481	15277	6.16
2482	15262	6.15
2483	15279	6.15
2484	15277	6.15
2485	15257	6.14
2486	15239	6.13
2487	15310	6.16
2488	15300	6.15
2489	15342	6.16
2490	15293	6.14
2491	15314	6.15
2492	17024	6.83
2493	16155	6.48
2494	15326	6.15
2495	15351	6.15
2496	15366	6.16
2497	15337	6.14
2498	15350	6.14
2499	15368	6.15
2500	16267	6.51
2501	15383	6.15
2502	15398	6.15
2503	16149	6.45
2504	16488	6.58
2505	15410	6.15
2506	15410	6.15
2507	15400	6.14
2508	15444	6.16
2509	15423	6.15
2510	15427	6.15
2511	15435	6.15
2512	15542	6.19
2513	15453	6.15
2514	15446	6.14
2515	15447	6.14
2516	15492	6.16
2517	15444	6.14
2518	15471	6.14
2519	15450	6.13
2520	15488	6.15
2521	15526	6.16
2522	15527	6.16
2523	15476	6.13
2524	17851	7.07
2525	16250	6.44
2526	19145	7.58
2527	20412	8.08
2528	18842	7.45
2529	15735	6.22
2530	15567	6.15
2531	17476	6.90
2532	17093	6.75
2533	15574	6.15
2534	15586	6.15
2535	15608	6.16
2536	15617	6.16
2537	15692	6.19
2538	15632	6.16
2539	18000	7.09
2540	16935	6.67
2541	16402	6.45
2542	16378	6.44
2543	16423	6.46
2544	16426	6.46
2545	16424	6.45
2546	16408	6.44
2547	16413	6.44
2548	16422	6.45
2549	16471	6.46
2550	16456	6.45
2551	16549	6.49
2552	16520	6.47
2553	16495	6.46
2554	16508	6.46
2555	16499	6.46
2556	16497	6.45
2557	16562	6.48
2558	16517	6.46
2559	16545	6.47
2560	16480	6.44
2561	16477	6.43
2562	16529	6.45
2563	16577	6.47
2564	16593	6.47
2565	16582	6.46
2566	16563	6.45
2567	16546	6.45
2568	16555	6.45
2569	16568	6.45
2570	16606	6.46
2571	16573	6.45
2572	16578	6.45
2573	16632	6.46
2574	16591	6.45
2575	16638	6.46
2576	16615	6.45
2577	16668	6.47
2578	16615	6.44
2579	16634	6.45
2580	16611	6.44
2581	16670	6.46
2582	16629	6.44
2583	16649	6.45
2584	16647	6.44
2585	16702	6.46
2586	16666	6.44
2587	16736	6.47
2588	16706	6.46
2589	16774	6.48
2590	16694	6.45
2591	16736	6.46
2592	16704	6.44
2593	16736	6.45
2594	16734	6.45
2595	16753	6.46
2596	16778	6.46
2597	16760	6.45
2598	16739	6.44
2599	16731	6.44
2600	16781	6.45
2601	16773	6.45
2602	16754	6.44
2603	16798	6.45
2604	16759	6.44
2605	16850	6.47
2606	16774	6.44
2607	16802	6.44
2608	16820	6.45
2609	16821	6.45
2610	16793	6.43
2611	16905	6.47
2612	16842	6.45
2613	16844	6.45
2614	16833	6.44
2615	16827	6.43
2616	16880	6.45
2617	16865	6.44
2618	16893	6.45
2619	16873	6.44
2620	16880	6.44
2621	16896	6.45
2622	16900	6.45
2623	16890	6.44
2624	16909	6.44
2625	16916	6.44
2626	16897	6.43
2627	16938	6.45
2628	16909	6.43
2629	16954	6.45
2630	16934	6.44
2631	16957	6.45
2632	17016	6.47
2633	16962	6.44
2634	16997	6.45
2635	16994	6.45
2636	16978	6.44
2637	17120	6.49
2638	17019	6.45
2639	17000	6.44
2640	16993	6.44
2641	17025	6.45
2642	16966	6.42
2643	17078	6.46
2644	17025	6.44
2645	17023	6.44
2646	17028	6.44
2647	16964	6.41
2648	16217	6.12
2649	16201	6.12
2650	16211	6.12
2651	16254	6.13
2652	16226	6.12
2653	16273	6.13
2654	16289	6.14
2655	21063	7.93
2656	16232	6.11
2657	16291	6.13
2658	16280	6.12
2659	16274	6.12
2660	16258	6.11
2661	16264	6.11
2662	17849	6.71
2663	16327	6.13
2664	17329	6.50
2665	16286	6.11
2666	16315	6.12
2667	16314	6.12
2668	16354	6.13
2669	16327	6.12
2670	16325	6.11
2671	16375	6.13
2672	16371	6.13
2673	16357	6.12
2674	16366	6.12
2675	16435	6.14
2676	16401	6.13
2677	17153	6.41
2678	16380	6.12
2679	16360	6.11
2680	16477	6.15
2681	16415	6.12
2682	16401	6.12
2683	16397	6.11
2684	16416	6.12
2685	16401	6.11
2686	16439	6.12
2687	17386	6.47
2688	16430	6.11
2689	16468	6.12
2690	16429	6.11
2691	16477	6.12
2692	16490	6.13
2693	16485	6.12
2694	16478	6.12
2695	16471	6.11
2696	16511	6.12
2697	16520	6.13
2698	16504	6.12
2699	16567	6.14
2700	17282	6.40
2701	16555	6.13
2702	18099	6.70
2703	16548	6.12
2704	16533	6.11
2705	16542	6.12
2706	16549	6.12
2707	16563	6.12
2708	16650	6.15
2709	16564	6.11
2710	16579	6.12
2711	16602	6.12
2712	16585	6.12
2713	16619	6.13
2714	16561	6.10
2715	16575	6.10
2716	16584	6.11
2717	16578	6.10
2718	16629	6.12
2719	18236	6.71
2720	16657	6.12
2721	16647	6.12
2722	16667	6.12
2723	16713	6.14
2724	16677	6.12
2725	16639	6.11
2726	17416	6.39
2727	16672	6.11
2728	16673	6.11
2729	16654	6.10
2730	16670	6.11
2731	16694	6.11
2732	16723	6.12
2733	16677	6.10
2734	16678	6.10
2735	16697	6.10
2736	17543	6.41
2737	18363	6.71
2738	16701	6.10
2739	16730	6.11
2740	18313	6.68
2741	16734	6.11
2742	16769	6.12
2743	16757	6.11
2744	16770	6.11
2745	16769	6.11
2746	16754	6.10
2747	19600	7.14
2748	16780	6.11
2749	16793	6.11
2750	16802	6.11
2751	23140	8.41
2752	17716	6.44
2753	19059	6.92
2754	16796	6.10
2755	16846	6.11
2756	16839	6.11
2757	16812	6.10
2758	16839	6.11
2759	16782	6.08
2760	16888	6.12
2761	16817	6.09
2762	16877	6.11
2763	16854	6.10
2764	16873	6.10
2765	16937	6.13
2766	16902	6.11
2767	16882	6.10
2768	16909	6.11
2769	20885	7.54
2770	19839	7.16
2771	18184	6.56
2772	16976	6.12
2773	17177	6.19
2774	17278	6.23
2775	17060	6.15
2776	17380	6.26
2777	17402	6.27
2778	17470	6.29
2779	16906	6.08
2780	17287	6.22
2781	16968	6.10
2782	17115	6.15
2783	17394	6.25
2784	17168	6.17
2785	16979	6.10
2786	17880	6.42
2787	19674	7.06
2788	16898	6.06
2789	16947	6.08
2790	16974	6.08
2791	17006	6.09
2792	17024	6.10
2793	17045	6.10
2794	17020	6.09
2795	17024	6.09
2796	17017	6.09
2797	17030	6.09
2798	17027	6.09
2799	17044	6.09
2800	17912	6.40
2801	17052	6.09
2802	17063	6.09
2803	17047	6.08
2804	18869	6.73
2805	17143	6.11
2806	17037	6.07
2807	17070	6.08
2808	17078	6.08
2809	17069	6.08
2810	17073	6.08
2811	17117	6.09
2812	17174	6.11
2813	17112	6.08
2814	17110	6.08
2815	17139	6.09
2816	17144	6.09
2817	17155	6.09
2818	17122	6.08
2819	17148	6.08
2820	17142	6.08
2821	17142	6.08
2822	17141	6.07
2823	17236	6.11
2824	18068	6.40
2825	17151	6.07
2826	17156	6.07
2827	17211	6.09
2828	17178	6.07
2829	17187	6.08
2830	17198	6.08
2831	17212	6.08
2832	18058	6.38
2833	17285	6.10
2834	17220	6.08
2835	18112	6.39
2836	20434	7.21
2837	17221	6.07
2838	17208	6.06
2839	17194	6.06
2840	17210	6.06
2841	17167	6.04
2842	17234	6.06
2843	17316	6.09
2844	17239	6.06
2845	17241	6.06
2846	17251	6.06
2847	17292	6.07
2848	17249	6.06
2849	17270	6.06
2850	17257	6.06
2851	17297	6.07
2852	17258	6.05
2853	17304	6.07
2854	20647	7.23
2855	19050	6.67
2856	19239	6.74
2857	18517	6.48
2858	17330	6.06
2859	17362	6.07
2860	17324	6.06
2861	17335	6.06
2862	17348	6.06
2863	17344	6.06
2864	17469	6.10
2865	17386	6.07
2866	17334	6.05
2867	17357	6.05
2868	17384	6.06
2869	21571	7.52
2870	19134	6.67
2871	18365	6.40
2872	23443	8.16
2873	18518	6.45
2874	20640	7.18
2875	17662	6.14
2876	17640	6.13
2877	19527	6.79
2878	17538	6.09
2879	17543	6.09
2880	17586	6.11
2881	17568	6.10
2882	17586	6.10
2883	17579	6.10
2884	17586	6.10
2885	17589	6.10
2886	17645	6.11
2887	17633	6.11
2888	17607	6.10
2889	17629	6.10
2890	20274	7.02
2891	17642	6.10
2892	17647	6.10
2893	17654	6.10
2894	17654	6.10
2895	18464	6.38
2896	17658	6.10
2897	17644	6.09
2898	17714	6.11
2899	17702	6.11
2900	18437	6.36
2901	17663	6.09
2902	17672	6.09
2903	19473	6.71
2904	17710	6.10
2905	17727	6.10
2906	18438	6.34
2907	17718	6.09
2908	17727	6.10
2909	17813	6.12
2910	17771	6.11
2911	17733	6.09
2912	17719	6.08
2913	17821	6.12
2914	17821	6.12
2915	17763	6.09
2916	17781	6.10
2917	17789	6.10
2918	17764	6.09
2919	17794	6.10
2920	17814	6.10
2921	17762	6.08
2922	17821	6.10
2923	17838	6.10
2924	17826	6.10
2925	17816	6.09
2926	17808	6.09
2927	17852	6.10
2928	17827	6.09
2929	17891	6.11
2930	17842	6.09
2931	17873	6.10
2932	17894	6.10
2933	17887	6.10
2934	22053	7.52
2935	20166	6.87
2936	17859	6.08
2937	23424	7.98
2938	17888	6.09
2939	19703	6.70
2940	22549	7.67
2941	17887	6.08
2942	17884	6.08
2943	17920	6.09
2944	17892	6.08
2945	17913	6.08
2946	17900	6.08
2947	17897	6.07
2948	17912	6.08
2949	17924	6.08
2950	17924	6.08
2951	17911	6.07
2952	17943	6.08
2953	18002	6.10
2954	17944	6.07
2955	17997	6.09
2956	17980	6.08
2957	18828	6.37
2958	18445	6.24
2959	18442	6.23
2960	18448	6.23
2961	18484	6.24
2962	18436	6.22
2963	18457	6.23
2964	18443	6.22
2965	18466	6.23
2966	18466	6.23
2967	18493	6.23
2968	18476	6.23
2969	18530	6.24
2970	18495	6.23
2971	18487	6.22
2972	18500	6.22
2973	18548	6.24
2974	18554	6.24
2975	18569	6.24
2976	18567	6.24
2977	18546	6.23
2978	18553	6.23
2979	18592	6.24
2980	18582	6.24
2981	18567	6.23
2982	18566	6.23
2983	18567	6.22
2984	18617	6.24
2985	18597	6.23
2986	18590	6.23
2987	18624	6.24
2988	18619	6.23
2989	18630	6.23
2990	18620	6.23
2991	18623	6.23
2992	18620	6.22
2993	18652	6.23
2994	18615	6.22
2995	18653	6.23
2996	18667	6.23
2997	18671	6.23
2998	18664	6.23
2999	18675	6.23
3000	18738	6.25
3001	18757	6.25
3002	18707	6.23
3003	18740	6.24
3004	18730	6.24
3005	18751	6.24
3006	18784	6.25
3007	18754	6.24
3008	18797	6.25
3009	18763	6.24
3010	18811	6.25
3011	18749	6.23
3012	18786	6.24
3013	18799	6.24
3014	18816	6.24
3015	18874	6.26
3016	18831	6.24
3017	18844	6.25
3018	18823	6.24
3019	18861	6.25
3020	18798	6.22
3021	18824	6.23
3022	18852	6.24
3023	18838	6.23
3024	18842	6.23
3025	18866	6.24
3026	18866	6.23
3027	18853	6.23
3028	18872	6.23
3029	18900	6.24
3030	18893	6.24
3031	18888	6.23
3032	19919	6.57
3033	18867	6.22
3034	18986	6.26
3035	18920	6.23
3036	18877	6.22
3037	18929	6.23
3038	18943	6.24
3039	18957	6.24
3040	18951	6.23
3041	18937	6.23
3042	18934	6.22
3043	22334	7.34
3044	18784	6.17
3045	18833	6.18
3046	18838	6.18
3047	19720	6.47
3048	22449	7.37
3049	18837	6.18
3050	18863	6.18
3051	18842	6.18
3052	18497	6.06
3053	18383	6.02
3054	18407	6.03
3055	18420	6.03
3056	18466	6.04
3057	18444	6.03
3058	18443	6.03
3059	18442	6.03
3060	18393	6.01
3061	18441	6.02
3062	18503	6.04
3063	18447	6.02
3064	18442	6.02
3065	19661	6.41
3066	18453	6.02
3067	18463	6.02
3068	18465	6.02
3069	18463	6.02
3070	18499	6.03
3071	18630	6.07
3072	18499	6.02
3073	18714	6.09
3074	18542	6.03
3075	18581	6.04
3076	18575	6.04
3077	18504	6.01
3078	18560	6.03
3079	18551	6.03
3080	18549	6.02
3081	18601	6.04
3082	18570	6.03
3083	18575	6.02
3084	18606	6.03
3085	18765	6.08
3086	18694	6.06
3087	18591	6.02
3088	18614	6.03
3089	18617	6.03
3090	18676	6.04
3091	18607	6.02
3092	18643	6.03
3093	18651	6.03
3094	18656	6.03
3095	18641	6.02
3096	18688	6.04
3097	18652	6.02
3098	18684	6.03
3099	18655	6.02
3100	20157	6.50
3101	18690	6.03
3102	18687	6.02
3103	18720	6.03
3104	18745	6.04
3105	18707	6.02
3106	18698	6.02
3107	18724	6.03
3108	18719	6.02
3109	18749	6.03
3110	18734	6.02
3111	18748	6.03
3112	18748	6.02
3113	18766	6.03
3114	18775	6.03
3115	18807	6.04
3116	18776	6.03
3117	18782	6.03
3118	18796	6.03
3119	18849	6.04
3120	18817	6.03
3121	18806	6.03
3122	18793	6.02
3123	18821	6.03
3124	18833	6.03
3125	18863	6.04
3126	18818	6.02
3127	18843	6.03
3128	18981	6.07
3129	20841	6.66
3130	18817	6.01
3131	18878	6.03
3132	21462	6.85
3133	18847	6.02
3134	18830	6.01
3135	18849	6.01
3136	18879	6.02
3137	18885	6.02
3138	18878	6.02
3139	18891	6.02
3140	18908	6.02
3141	20593	6.56
3142	21502	6.84
3143	18897	6.01
3144	20222	6.43
3145	18961	6.03
3146	18989	6.04
3147	18954	6.02
3148	19050	6.05
3149	18966	6.02
3150	18961	6.02
3151	24587	7.80
3152	24212	7.68
3153	26705	8.47
3154	27187	8.62
3155	21396	6.78
3156	26034	8.25
3157	31242	9.90
3158	29468	9.33
3159	22092	6.99
3160	25850	8.18
3161	19072	6.03
3162	21608	6.83
3163	19922	6.30
3164	19825	6.27
3165	19117	6.04
3166	19131	6.04
3167	20131	6.36
3168	19121	6.04
3169	19132	6.04
3170	19136	6.04
3171	21285	6.71
3172	19112	6.03
3173	19113	6.02
3174	20034	6.31
3175	25087	7.90
3176	28520	8.98
3177	21522	6.77
3178	19225	6.05
3179	19158	6.03
3180	19128	6.02
3181	19146	6.02
3182	19197	6.03
3183	19192	6.03
3184	19295	6.06
3185	19227	6.04
3186	19216	6.03
3187	19193	6.02
3188	20092	6.30
3189	21561	6.76
3190	19183	6.01
3191	19113	5.99
3192	19140	6.00
3193	19118	5.99
3194	19127	5.99
3195	19130	5.99
3196	19171	6.00
3197	19167	6.00
3198	19087	5.97
3199	19183	6.00
3200	19259	6.02
3201	19290	6.03
3202	19303	6.03
3203	19247	6.01
3204	19270	6.01
3205	19263	6.01
3206	22034	6.87
3207	20060	6.26
3208	19269	6.01
3209	19267	6.00
3210	19266	6.00
3211	19316	6.02
3212	19401	6.04
3213	19307	6.01
3214	19299	6.00
3215	19320	6.01
3216	19310	6.00
3217	19399	6.03
3218	19321	6.00
3219	19351	6.01
3220	20346	6.32
3221	19338	6.00
3222	19351	6.01
3223	19367	6.01
3224	19392	6.01
3225	19344	6.00
3226	19399	6.01
3227	19334	5.99
3228	19381	6.00
3229	19391	6.01
3230	19379	6.00
3231	21013	6.50
3232	19368	5.99
3233	19789	6.12
3234	20492	6.34
3235	20374	6.30
3236	20444	6.32
3237	20434	6.31
3238	20420	6.31
3239	20432	6.31
3240	20531	6.34
3241	20455	6.31
3242	20611	6.36
3243	20477	6.31
3244	20536	6.33
3245	20468	6.31
3246	20467	6.31
3247	20493	6.31
3248	20480	6.31
3249	20481	6.30
3250	20461	6.30
3251	20507	6.31
3252	20549	6.32
3253	20533	6.31
3254	20510	6.30
3255	20513	6.30
3256	20518	6.30
3257	20507	6.30
3258	20558	6.31
3259	20550	6.31
3260	20574	6.31
3261	20593	6.31
3262	20535	6.30
3263	20563	6.30
3264	20599	6.31
3265	20902	6.40
3266	20765	6.36
3267	21391	6.55
3268	20621	6.31
3269	20650	6.32
3270	20660	6.32
3271	20639	6.31
3272	20646	6.31
3273	20751	6.34
3274	20754	6.34
3275	20866	6.37
3276	20864	6.37
3277	20734	6.33
3278	20665	6.30
3279	20704	6.31
3280	20660	6.30
3281	20690	6.31
3282	20703	6.31
3283	20698	6.30
3284	20737	6.31
3285	20704	6.30
3286	20720	6.31
3287	20728	6.31
3288	20735	6.31
3289	20719	6.30
3290	20745	6.31
3291	20755	6.31
3292	20816	6.32
3293	20803	6.32
3294	20800	6.31
3295	20761	6.30
3296	20752	6.30
3297	20759	6.30
3298	20793	6.30
3299	20813	6.31
3300	20855	6.32
3301	20859	6.32
3302	20886	6.33
3303	20835	6.31
3304	20866	6.32
3305	20865	6.31
3306	20902	6.32
3307	20922	6.33
3308	20893	6.32
3309	20920	6.32
3310	20897	6.31
3311	20900	6.31
3312	20899	6.31
3313	20901	6.31
3314	20885	6.30
3315	20910	6.31
3316	20924	6.31
3317	20972	6.32
3318	21014	6.33
3319	21296	6.42
3320	20421	6.15
3321	21197	6.38
3322	24248	7.30
3323	20435	6.15
3324	20424	6.14
3325	20429	6.14
3326	20524	6.17
3327	23422	7.04
3328	20426	6.14
3329	21655	6.50
3330	20403	6.13
3331	20421	6.13
3332	20426	6.13
3333	20423	6.13
3334	20433	6.13
3335	20544	6.16
3336	20540	6.16
3337	20485	6.14
3338	20499	6.14
3339	20446	6.12
3340	20487	6.13
3341	20465	6.13
3342	20491	6.13
3343	20541	6.14
3344	21646	6.47
3345	21330	6.38
3346	21921	6.55
3347	20520	6.13
3348	20473	6.11
3349	20528	6.13
3350	20538	6.13
3351	20558	6.13
3352	20539	6.13
3353	20589	6.14
3354	20561	6.13
3355	20577	6.13
3356	20590	6.14
3357	20574	6.13
3358	20578	6.13
3359	20610	6.14
3360	20609	6.13
3361	24156	7.19
3362	20644	6.14
3363	20574	6.12
3364	20637	6.13
3365	20609	6.12
3366	20589	6.12
3367	20588	6.11
3368	24395	7.24
3369	21717	6.45
3370	23777	7.06
3371	20634	6.12
3372	24370	7.23
3373	31178	9.24
3374	27261	8.08
3375	26792	7.94
3376	22305	6.61
3377	20875	6.18
3378	20859	6.17
3379	20849	6.17
3380	20868	6.17
3381	20880	6.18
3382	20866	6.17
3383	20855	6.16
3384	20878	6.17
3385	20866	6.16
3386	20949	6.19
3387	23251	6.86
3388	20926	6.18
3389	20781	6.13
3390	22734	6.71
3391	22250	6.56
3392	20810	6.14
3393	20778	6.12
3394	20792	6.13
3395	22210	6.54
3396	20844	6.14
3397	20885	6.15
3398	20860	6.14
3399	20828	6.13
3400	20914	6.15
3401	20890	6.14
3402	20937	6.15
3403	21958	6.45
3404	21519	6.32
3405	21462	6.30
3406	21496	6.31
3407	21517	6.32
3408	21492	6.31
3409	21488	6.30
3410	21475	6.30
3411	21485	6.30
3412	21477	6.29
3413	21529	6.31
3414	21483	6.29
3415	21514	6.30
3416	21518	6.30
3417	21502	6.29
3418	21544	6.30
3419	21528	6.30
3420	21554	6.30
3421	21502	6.29
3422	21578	6.31
3423	21495	6.28
3424	21535	6.29
3425	21483	6.27
3426	21497	6.27
3427	21533	6.28
3428	21567	6.29
3429	21607	6.30
3430	21571	6.29
3431	21554	6.28
3432	21569	6.28
3433	21598	6.29
3434	21652	6.31
3435	21542	6.27
3436	21610	6.29
3437	21664	6.30
3438	21636	6.29
3439	21595	6.28
3440	21655	6.30
3441	21660	6.29
3442	21652	6.29
3443	21631	6.28
3444	21617	6.28
3445	21723	6.31
3446	21629	6.28
3447	21641	6.28
3448	21652	6.28
3449	21664	6.28
3450	21716	6.29
3451	21686	6.28
3452	21721	6.29
3453	21726	6.29
3454	21781	6.31
3455	21710	6.28
3456	21730	6.29
3457	21749	6.29
3458	21767	6.29
3459	21781	6.30
3460	21748	6.29
3461	21766	6.29
3462	21740	6.28
3463	21760	6.28
3464	21772	6.29
3465	21776	6.28
3466	21822	6.30
3467	21851	6.30
3468	21785	6.28
3469	21893	6.31
3470	21825	6.29
3471	21868	6.30
3472	21868	6.30
3473	21914	6.31
3474	21920	6.31
3475	21844	6.29
3476	21855	6.29
3477	21881	6.29
3478	21945	6.31
3479	21851	6.28
3480	21896	6.29
3481	21861	6.28
3482	21893	6.29
3483	21865	6.28
3484	21923	6.29
3485	21518	6.17
3486	25183	7.22
3487	20857	5.98
3488	20862	5.98
3489	20847	5.98
3490	20845	5.97
3491	20897	5.99
3492	20902	5.99
3493	20903	5.98
3494	20933	5.99
3495	20962	6.00
3496	20906	5.98
3497	20894	5.97
3498	20925	5.98
3499	20895	5.97
3500	22535	6.44
3501	20956	5.99
3502	20968	5.99
3503	21032	6.00
3504	20990	5.99
3505	20985	5.99
3506	20991	5.99
3507	20998	5.99
3508	21024	5.99
3509	21025	5.99
3510	21027	5.99
3511	21006	5.98
3512	21092	6.01
3513	21021	5.98
3514	21044	5.99
3515	21034	5.98
3516	21047	5.99
3517	21084	5.99
3518	21080	5.99
3519	21125	6.00
3520	21191	6.02
3521	21112	6.00
3522	21099	5.99
3523	21110	5.99
3524	21113	5.99
3525	21134	6.00
3526	21134	5.99
3527	21126	5.99
3528	21111	5.98
3529	23599	6.69
3530	21116	5.98
3531	21099	5.98
3532	21093	5.97
3533	21107	5.97
3534	21148	5.98
3535	21152	5.98
3536	21145	5.98
3537	21152	5.98
3538	28462	8.04
3539	23263	6.57
3540	23383	6.61
3541	21129	5.97
3542	21153	5.97
3543	21154	5.97
3544	21181	5.98
3545	21164	5.97
3546	21213	5.98
3547	21239	5.99
3548	21242	5.99
3549	21207	5.98
3550	21207	5.97
3551	21212	5.97
3552	21207	5.97
3553	23943	6.74
3554	21204	5.97
3555	21271	5.98
3556	21240	5.97
3557	22149	6.23
3558	21250	5.97
3559	22098	6.21
3560	21237	5.97
3561	21252	5.97
3562	23209	6.52
3563	22901	6.43
3564	21282	5.97
3565	22257	6.24
3566	21317	5.98
3567	21297	5.97
3568	21322	5.98
3569	21305	5.97
3570	22104	6.19
3571	22096	6.19
3572	21259	5.95
3573	21302	5.96
3574	21321	5.97
3575	21301	5.96
3576	21356	5.97
3577	21381	5.98
3578	21400	5.98
3579	21355	5.97
3580	21334	5.96
3581	21362	5.97
3582	21347	5.96
3583	21360	5.96
3584	21368	5.96
3585	21363	5.96
3586	21445	5.98
3587	21383	5.96
3588	21387	5.96
3589	22271	6.21
3590	37548	10.46
3591	23812	6.63
3592	21283	5.93
3593	21304	5.93
3594	21296	5.93
3595	25171	7.00
3596	23125	6.43
3597	27781	7.72
3598	26901	7.48
3599	24489	6.80
3600	22846	6.35
3601	21356	5.93
3602	21384	5.94
3603	21417	5.94
3604	21421	5.94
3605	21415	5.94
3606	27944	7.75
3607	23009	6.38
3608	21542	5.97
3609	26049	7.22
3610	24459	6.78
3611	21423	5.93
3612	21421	5.93
3613	21486	5.95
3614	21484	5.94
3615	21474	5.94
3616	21464	5.94
3617	21491	5.94
3618	21478	5.94
3619	21513	5.94
3620	21812	6.03
3621	22348	6.17
3622	21553	5.95
3623	21545	5.95
3624	21575	5.95
3625	21526	5.94
3626	21537	5.94
3627	24040	6.63
3628	24268	6.69
3629	23353	6.44
3630	21569	5.94
3631	21606	5.95
3632	21602	5.95
3633	25566	7.04
3634	23573	6.49
3635	24864	6.84
3636	21580	5.94
3637	21619	5.94
3638	21623	5.94
3639	22575	6.20
3640	21578	5.93
3641	21578	5.93
3642	23670	6.50
3643	21594	5.93
3644	21628	5.94
3645	21671	5.95
3646	22920	6.29
3647	24408	6.69
3648	22354	6.13
3649	22266	6.10
3650	22938	6.28
3651	22228	6.09
3652	22216	6.08
3653	22281	6.10
3654	22195	6.07
3655	22394	6.13
3656	22237	6.08
3657	22320	6.10
3658	22284	6.09
3659	22235	6.08
3660	22237	6.08
3661	22300	6.09
3662	22278	6.08
3663	22345	6.10
3664	22308	6.09
3665	22320	6.09
3666	22319	6.09
3667	22290	6.08
3668	22314	6.08
3669	22303	6.08
3670	22359	6.09
3671	22296	6.07
3672	22312	6.08
3673	22357	6.09
3674	22342	6.08
3675	22363	6.09
3676	22334	6.08
3677	22355	6.08
3678	22388	6.09
3679	22422	6.09
3680	22382	6.08
3681	22422	6.09
3682	22396	6.08
3683	22408	6.08
3684	22456	6.10
3685	22398	6.08
3686	22400	6.08
3687	22421	6.08
3688	22488	6.10
3689	22440	6.08
3690	22456	6.09
3691	22449	6.08
3692	22467	6.09
3693	22480	6.09
3694	22609	6.12
3695	22481	6.08
3696	22438	6.07
3697	22472	6.08
3698	22470	6.08
3699	22502	6.08
3700	22572	6.10
3701	22567	6.10
3702	22636	6.11
3703	25857	6.98
3704	22583	6.10
3705	22568	6.09
3706	22570	6.09
3707	22585	6.09
3708	22610	6.10
3709	22546	6.08
3710	22589	6.09
3711	22582	6.09
3712	22575	6.08
3713	22608	6.09
3714	22612	6.09
3715	22596	6.08
3716	22628	6.09
3717	22618	6.09
3718	22648	6.09
3719	22656	6.09
3720	22666	6.09
3721	22642	6.08
3722	22757	6.11
3723	22654	6.08
3724	22668	6.09
3725	22648	6.08
3726	26641	7.15
3727	23077	6.19
3728	22286	5.98
3729	22287	5.98
3730	22306	5.98
3731	22283	5.97
3732	22331	5.98
3733	22286	5.97
3734	22421	6.00
3735	22329	5.98
3736	22286	5.97
3737	22360	5.98
3738	23164	6.20
3739	31459	8.41
3740	25492	6.82
3741	30680	8.20
3742	22167	5.92
3743	22166	5.92
3744	23698	6.33
3745	22143	5.91
3746	22179	5.92
3747	22159	5.91
3748	22170	5.92
3749	22224	5.93
3750	23214	6.19
3751	25066	6.68
3752	22337	5.95
3753	25931	6.91
3754	24701	6.58
3755	22233	5.92
3756	22231	5.92
3757	22254	5.92
3758	22245	5.92
3759	22223	5.91
3760	22225	5.91
3761	22321	5.93
3762	22292	5.93
3763	22308	5.93
3764	24205	6.43
3765	22274	5.92
3766	22303	5.92
3767	22264	5.91
3768	23212	6.16
3769	22343	5.93
3770	22337	5.92
3771	22360	5.93
3772	22322	5.92
3773	22323	5.92
3774	22303	5.91
3775	22307	5.91
3776	22329	5.91
3777	22329	5.91
3778	22384	5.92
3779	22438	5.94
3780	22395	5.92
3781	22420	5.93
3782	22354	5.91
3783	22405	5.92
3784	22354	5.91
3785	22463	5.93
3786	22438	5.93
3787	22534	5.95
3788	22406	5.91
3789	22392	5.91
3790	22455	5.92
3791	22380	5.90
3792	22427	5.91
3793	22529	5.94
3794	22464	5.92
3795	22445	5.91
3796	22462	5.92
3797	22478	5.92
3798	22492	5.92
3799	22465	5.91
3800	24070	6.33
3801	22527	5.93
3802	22521	5.92
3803	22545	5.93
3804	28582	7.51
3805	33248	8.74
3806	33491	8.80
3807	25926	6.81
3808	25863	6.79
3809	27786	7.29
3810	23295	6.11
3811	23051	6.05
3812	29893	7.84
3813	23968	6.29
3814	30532	8.01
3815	29593	7.76
3816	25048	6.56
3817	27138	7.11
3818	25101	6.57
3819	26926	7.05
3820	24301	6.36
3821	24106	6.31
3822	23263	6.09
3823	23258	6.08
3824	23272	6.09
3825	27675	7.24
3826	23229	6.07
3827	28537	7.46
3828	29630	7.74
3829	24029	6.28
3830	24498	6.40
3831	26148	6.83
3832	28237	7.37
3833	28173	7.35
3834	26968	7.03
3835	27043	7.05
3836	28100	7.33
3837	28228	7.36
3838	27636	7.20
3839	30436	7.93
3840	27767	7.23
3841	26625	6.93
3842	26579	6.92
3843	26605	6.92
3844	26557	6.91
3845	26591	6.92
3846	26830	6.98
3847	25106	6.53
3848	26274	6.83
3849	26981	7.01
3850	27368	7.11
3851	27534	7.15
3852	29175	7.57
3853	28143	7.30
3854	27164	7.05
3855	27028	7.01
3856	27105	7.03
3857	27128	7.03
3858	29363	7.61
3859	27958	7.24
3860	28639	7.42
3861	28551	7.39
3862	27369	7.09
3863	31711	8.21
3864	28781	7.45
3865	28600	7.40
3866	29914	7.74
3867	28515	7.37
3868	28551	7.38
3869	29660	7.67
3870	27780	7.18
3871	27644	7.14
3872	27823	7.19
3873	27004	6.97
3874	28341	7.32
3875	27778	7.17
3876	26974	6.96
3877	28153	7.26
3878	28482	7.34
3879	27964	7.21
3880	31004	7.99
3881	28230	7.27
3882	28551	7.35
3883	29367	7.56
3884	35001	9.01
3885	28407	7.31
3886	28162	7.25
3887	28373	7.30
3888	28938	7.44
3889	30106	7.74
3890	28401	7.30
3891	28999	7.45
3892	29545	7.59
3893	28852	7.41
3894	32968	8.47
3895	27766	7.13
3896	28229	7.25
3897	27552	7.07
3898	27600	7.08
3899	29406	7.54
3900	28453	7.30
3901	28843	7.39
3902	29405	7.54
3903	35443	9.08
3904	29782	7.63
3905	31843	8.15
3906	32137	8.23
3907	35235	9.02
3908	33954	8.69
3909	38092	9.74
3910	33715	8.62
3911	32575	8.33
3912	37794	9.66
3913	32671	8.35
3914	33782	8.63
3915	34062	8.70
3916	32373	8.27
3917	32489	8.29
3918	32045	8.18
3919	36736	9.37
3920	31938	8.15
3921	32751	8.35
3922	32333	8.24
3923	32313	8.24
3924	37077	9.45
3925	31996	8.15
3926	32347	8.24
3927	31803	8.10
3928	31710	8.07
3929	32249	8.21
3930	31296	7.96
3931	33309	8.47
3932	32240	8.20
3933	31319	7.96
3934	30848	7.84
3935	30860	7.84
3936	30951	7.86
3937	29695	7.54
3938	29651	7.53
3939	29822	7.57
3940	33105	8.40
3941	29548	7.50
3942	28940	7.34
3943	28899	7.33
3944	28748	7.29
3945	28040	7.11
3946	28521	7.23
3947	28162	7.14
3948	28124	7.12
3949	28581	7.24
3950	28525	7.22
3951	28632	7.25
3952	28258	7.15
3953	28216	7.14
3954	28220	7.14
3955	28139	7.11
3956	28053	7.09
3957	28309	7.15
3958	29273	7.40
3959	28734	7.26
3960	28213	7.12
3961	28257	7.13
3962	27500	6.94
3963	27419	6.92
3964	27600	6.96
3965	27463	6.93
3966	30587	7.71
3967	27560	6.95
3968	28953	7.30
3969	28225	7.11
3970	27863	7.02
3971	27613	6.95
3972	27537	6.93
3973	28102	7.07
3974	27593	6.94
3975	27560	6.93
3976	29150	7.33
3977	28602	7.19
3978	31621	7.95
3979	28663	7.20
3980	28511	7.16
3981	28408	7.14
3982	27575	6.92
3983	27531	6.91
3984	28325	7.11
3985	27545	6.91
3986	27589	6.92
3987	27366	6.86
3988	26917	6.75
3989	26865	6.73
3990	27658	6.93
3991	28728	7.20
3992	27725	6.95
3993	27855	6.98
3994	27577	6.90
3995	27760	6.95
3996	27368	6.85
3997	25278	6.32
3998	24891	6.23
3999	24975	6.25
4000	25203	6.30
