N	Total Time	Average CPE
1	344	344.00
2	31	15.50
3	124	41.33
4	51	12.75
5	130	26.00
6	211	35.17
7	166	23.71
8	229	28.62
9	177	19.67
10	257	25.70
11	267	24.27
12	353	29.42
13	298	22.92
14	366	26.14
15	425	28.33
16	415	25.94
17	419	24.65
18	503	27.94
19	514	27.05
20	409	20.45
21	289	13.76
22	294	13.36
23	306	13.30
24	321	13.38
25	338	13.52
26	342	13.15
27	355	13.15
28	627	22.39
29	684	23.59
30	793	26.43
31	1002	32.32
32	918	28.69
33	825	25.00
34	924	27.18
35	541	15.46
36	471	13.08
37	483	13.05
38	501	13.18
39	507	13.00
40	532	13.30
41	537	13.10
42	545	12.98
43	563	13.09
44	573	13.02
45	596	13.24
46	610	13.26
47	613	13.04
48	631	13.15
49	645	13.16
50	655	13.10
51	671	13.16
52	677	13.02
53	707	13.34
54	731	13.54
55	731	13.29
56	758	13.54
57	777	13.63
58	777	13.40
59	803	13.61
60	816	13.60
61	806	13.21
62	822	13.26
63	840	13.33
64	884	13.81
65	859	13.22
66	904	13.70
67	891	13.30
68	904	13.29
69	940	13.62
70	938	13.40
71	950	13.38
72	962	13.36
73	979	13.41
74	999	13.50
75	1026	13.68
76	1041	13.70
77	1066	13.84
78	1061	13.60
79	1076	13.62
80	1106	13.82
81	1092	13.48
82	1106	13.49
83	1121	13.51
84	1126	13.40
85	1164	13.69
86	1156	13.44
87	1189	13.67
88	1222	13.89
89	1257	14.12
90	1239	13.77
91	1235	13.57
92	1283	13.95
93	1254	13.48
94	1267	13.48
95	1270	13.37
96	1842	19.19
97	1286	13.26
98	1299	13.26
99	1319	13.32
100	1948	19.48
101	1760	17.43
102	2679	26.26
103	3248	31.53
104	3311	31.84
105	2712	25.83
106	1881	17.75
107	1523	14.23
108	1498	13.87
109	1439	13.20
110	1470	13.36
111	1469	13.23
112	1480	13.21
113	1493	13.21
114	1507	13.22
115	1521	13.23
116	1527	13.16
117	1553	13.27
118	1557	13.19
119	1574	13.23
120	1570	13.08
121	1530	12.64
122	1573	12.89
123	1584	12.88
124	1589	12.81
125	1601	12.81
126	1609	12.77
127	1626	12.80
128	1650	12.89
129	1649	12.78
130	1672	12.86
131	1735	13.24
132	1730	13.11
133	1764	13.26
134	1766	13.18
135	1777	13.16
136	1803	13.26
137	1816	13.26
138	1816	13.16
139	1833	13.19
140	1834	13.10
141	1848	13.11
142	1874	13.20
143	1893	13.24
144	1906	13.24
145	1903	13.12
146	1929	13.21
147	1949	13.26
148	1954	13.20
149	2517	16.89
150	1929	12.86
151	1954	12.94
152	2152	14.16
153	2040	13.33
154	2012	13.06
155	2011	12.97
156	2012	12.90
157	2026	12.90
158	2028	12.84
159	2048	12.88
160	2037	12.73
161	2064	12.82
162	2098	12.95
163	2099	12.88
164	2128	12.98
165	2133	12.93
166	2132	12.84
167	2236	13.39
168	2158	12.85
169	2183	12.92
170	2204	12.96
171	2215	12.95
172	2228	12.95
173	2237	12.93
174	2252	12.94
175	2258	12.90
176	2238	12.72
177	2282	12.89
178	2295	12.89
179	2314	12.93
180	2328	12.93
181	2394	13.23
182	2440	13.41
183	2474	13.52
184	2475	13.45
185	2490	13.46
186	2500	13.44
187	2489	13.31
188	2460	13.09
189	2438	12.90
190	2452	12.91
191	2473	12.95
192	2478	12.91
193	2509	13.00
194	2521	12.99
195	2520	12.92
196	2550	13.01
197	2549	12.94
198	2561	12.93
199	2575	12.94
200	2571	12.86
201	2583	12.85
202	2602	12.88
203	2626	12.94
204	2633	12.91
205	2653	12.94
206	2665	12.94
207	2674	12.92
208	2681	12.89
209	2697	12.90
210	2715	12.93
211	2731	12.94
212	2732	12.89
213	2754	12.93
214	2769	12.94
215	2778	12.92
216	2790	12.92
217	2805	12.93
218	2822	12.94
219	2797	12.77
220	2830	12.86
221	2763	12.50
222	2789	12.56
223	2801	12.56
224	2814	12.56
225	2759	12.26
226	2762	12.22
227	2779	12.24
228	2787	12.22
229	2801	12.23
230	2817	12.25
231	2787	12.06
232	2769	11.94
233	2776	11.91
234	2791	11.93
235	2801	11.92
236	2813	11.92
237	2831	11.95
238	2840	11.93
239	2850	11.92
240	2822	11.76
241	2861	11.87
242	2891	11.95
243	2894	11.91
244	2902	11.89
245	2923	11.93
246	2934	11.93
247	2955	11.96
248	2960	11.94
249	2963	11.90
250	2948	11.79
251	2996	11.94
252	3007	11.93
253	3010	11.90
254	3029	11.93
255	3042	11.93
256	3048	11.91
257	3069	11.94
258	3080	11.94
259	3090	11.93
260	3083	11.86
261	3098	11.87
262	3127	11.94
263	3137	11.93
264	3144	11.91
265	3159	11.92
266	3169	11.91
267	3184	11.93
268	3196	11.93
269	3212	11.94
270	3217	11.91
271	3231	11.92
272	3247	11.94
273	3257	11.93
274	3275	11.95
275	3277	11.92
276	3300	11.96
277	3308	11.94
278	3311	11.91
279	3332	11.94
280	3315	11.84
281	3351	11.93
282	3362	11.92
283	3369	11.90
284	3394	11.95
285	3386	11.88
286	3408	11.92
287	3421	11.92
288	3433	11.92
289	3445	11.92
290	3456	11.92
291	3470	11.92
292	3484	11.93
293	3497	11.94
294	3498	11.90
295	3523	11.94
296	3529	11.92
297	3541	11.92
298	3550	11.91
299	3568	11.93
300	3550	11.83
301	3582	11.90
302	3598	11.91
303	3609	11.91
304	3622	11.91
305	3637	11.92
306	3649	11.92
307	3658	11.92
308	3657	11.87
309	3684	11.92
310	3696	11.92
311	3704	11.91
312	3719	11.92
313	3732	11.92
314	3743	11.92
315	3752	11.91
316	3768	11.92
317	3774	11.91
318	3787	11.91
319	3806	11.93
320	3777	11.80
321	3814	11.88
322	3837	11.92
323	3848	11.91
324	3862	11.92
325	3959	12.18
326	3888	11.93
327	3902	11.93
328	4090	12.47
329	3909	11.88
330	3927	11.90
331	3926	11.86
332	3950	11.90
333	3965	11.91
334	3970	11.89
335	3993	11.92
336	3999	11.90
337	4001	11.87
338	4019	11.89
339	4034	11.90
340	4014	11.81
341	4118	12.08
342	4082	11.94
343	4083	11.90
344	4099	11.92
345	4120	11.94
346	4116	11.90
347	4128	11.90
348	4154	11.94
349	4159	11.92
350	4174	11.93
351	4177	11.90
352	4216	11.98
353	4211	11.93
354	4212	11.90
355	4216	11.88
356	4241	11.91
357	4247	11.90
358	4270	11.93
359	4268	11.89
360	4255	11.82
361	4294	11.89
362	4304	11.89
363	4325	11.91
364	4337	11.91
365	4334	11.87
366	4363	11.92
367	4365	11.89
368	4380	11.90
369	4499	12.19
370	4409	11.92
371	4421	11.92
372	4418	11.88
373	4445	11.92
374	4458	11.92
375	4427	11.81
376	4481	11.92
377	4484	11.89
378	4576	12.11
379	4518	11.92
380	4476	11.78
381	4531	11.89
382	4545	11.90
383	4560	11.91
384	4569	11.90
385	4585	11.91
386	4602	11.92
387	4607	11.90
388	4618	11.90
389	4628	11.90
390	4646	11.91
391	4652	11.90
392	4670	11.91
393	4680	11.91
394	4690	11.90
395	4706	11.91
396	4720	11.92
397	4720	11.89
398	4732	11.89
399	4750	11.90
400	4713	11.78
401	4742	11.83
402	4772	11.87
403	4789	11.88
404	4806	11.90
405	4820	11.90
406	4839	11.92
407	4842	11.90
408	4869	11.93
409	4870	11.91
410	4885	11.91
411	4895	11.91
412	4894	11.88
413	4901	11.87
414	4922	11.89
415	4939	11.90
416	4937	11.87
417	4947	11.86
418	4965	11.88
419	4977	11.88
420	4947	11.78
421	4999	11.87
422	5007	11.86
423	5022	11.87
424	5034	11.87
425	5056	11.90
426	5058	11.87
427	5077	11.89
428	5096	11.91
429	5097	11.88
430	5113	11.89
431	5120	11.88
432	5130	11.88
433	5147	11.89
434	5153	11.87
435	5181	11.91
436	5173	11.86
437	5186	11.87
438	5210	11.89
439	5218	11.89
440	5260	11.95
441	5236	11.87
442	5246	11.87
443	5258	11.87
444	5274	11.88
445	5292	11.89
446	5299	11.88
447	5307	11.87
448	5329	11.90
449	5338	11.89
450	5345	11.88
451	5361	11.89
452	5365	11.87
453	5391	11.90
454	5390	11.87
455	5401	11.87
456	5422	11.89
457	5431	11.88
458	5435	11.87
459	5451	11.88
460	5428	11.80
461	5464	11.85
462	5490	11.88
463	5505	11.89
464	5513	11.88
465	5522	11.88
466	5538	11.88
467	5540	11.86
468	5555	11.87
469	5577	11.89
470	5582	11.88
471	5589	11.87
472	5602	11.87
473	5612	11.86
474	5632	11.88
475	5644	11.88
476	5655	11.88
477	5674	11.90
478	5673	11.87
479	5756	12.02
480	5658	11.79
481	5712	11.88
482	5727	11.88
483	5739	11.88
484	6286	12.99
485	5618	11.58
486	5626	11.58
487	5645	11.59
488	5642	11.56
489	5663	11.58
490	5669	11.57
491	5686	11.58
492	5706	11.60
493	5709	11.58
494	5720	11.58
495	5728	11.57
496	5754	11.60
497	5755	11.58
498	5769	11.58
499	5767	11.56
500	5739	11.48
501	5778	11.53
502	5820	11.59
503	5830	11.59
504	5854	11.62
505	5853	11.59
506	5873	11.61
507	5870	11.58
508	5899	11.61
509	5977	11.74
510	5907	11.58
511	8586	16.80
512	5945	11.61
513	5952	11.60
514	5970	11.61
515	5977	11.61
516	9004	17.45
517	6003	11.61
518	6015	11.61
519	6018	11.60
520	5994	11.53
521	6034	11.58
522	6056	11.60
523	6067	11.60
524	6077	11.60
525	8016	15.27
526	6120	11.63
527	6120	11.61
528	6131	11.61
529	6138	11.60
530	7009	13.22
531	6173	11.63
532	6179	11.61
533	6186	11.61
534	6206	11.62
535	6219	11.62
536	6235	11.63
537	7017	13.07
538	6236	11.59
539	6253	11.60
540	6214	11.51
541	6270	11.59
542	6280	11.59
543	6287	11.58
544	6308	11.60
545	6319	11.59
546	6330	11.59
547	6335	11.58
548	6352	11.59
549	6361	11.59
550	6373	11.59
551	6387	11.59
552	6402	11.60
553	6402	11.58
554	6418	11.58
555	6437	11.60
556	6449	11.60
557	6460	11.60
558	7389	13.24
559	6479	11.59
560	6471	11.56
561	6573	11.72
562	6497	11.56
563	6510	11.56
564	6538	11.59
565	6531	11.56
566	6580	11.63
567	6710	11.83
568	6597	11.61
569	6633	11.66
570	6594	11.57
571	6612	11.58
572	6621	11.58
573	6635	11.58
574	6652	11.59
575	6654	11.57
576	6629	11.51
577	6675	11.57
578	6685	11.57
579	6704	11.58
580	6678	11.51
581	6858	11.80
582	7523	12.93
583	6853	11.75
584	6755	11.57
585	6766	11.57
586	6770	11.55
587	6907	11.77
588	6814	11.59
589	6818	11.58
590	6822	11.56
591	6843	11.58
592	6929	11.70
593	6868	11.58
594	6880	11.58
595	6885	11.57
596	13384	22.46
597	9439	15.81
598	7980	13.34
599	9649	16.11
600	10235	17.06
601	6941	11.55
602	6975	11.59
603	6980	11.58
604	6995	11.58
605	7012	11.59
606	7055	11.64
607	7031	11.58
608	7039	11.58
609	10593	17.39
610	7058	11.57
611	7079	11.59
612	7087	11.58
613	7091	11.57
614	7109	11.58
615	7120	11.58
616	7133	11.58
617	7134	11.56
618	7157	11.58
619	7171	11.58
620	7302	11.78
621	7191	11.58
622	7202	11.58
623	8050	12.92
624	7218	11.57
625	7087	11.34
626	7203	11.51
627	7252	11.57
628	7259	11.56
629	7277	11.57
630	7285	11.56
631	7299	11.57
632	7317	11.58
633	7317	11.56
634	7338	11.57
635	7345	11.57
636	7357	11.57
637	7376	11.58
638	7377	11.56
639	7390	11.56
640	7366	11.51
641	7403	11.55
642	7514	11.70
643	7430	11.56
644	7451	11.57
645	7476	11.59
646	7474	11.57
647	7488	11.57
648	7492	11.56
649	7508	11.57
650	7519	11.57
651	7530	11.57
652	7539	11.56
653	7683	11.77
654	7565	11.57
655	7591	11.59
656	7582	11.56
657	7599	11.57
658	7677	11.67
659	7624	11.57
660	7596	11.51
661	7650	11.57
662	7662	11.57
663	7668	11.57
664	7672	11.55
665	7765	11.68
666	7700	11.56
667	7716	11.57
668	7732	11.57
669	7731	11.56
670	7749	11.57
671	7772	11.58
672	7774	11.57
673	7800	11.59
674	7782	11.55
675	7807	11.57
676	7828	11.58
677	7825	11.56
678	7851	11.58
679	7864	11.58
680	7839	11.53
681	7886	11.58
682	7879	11.55
683	7912	11.58
684	7917	11.57
685	7918	11.56
686	7941	11.58
687	8018	11.67
688	7970	11.58
689	7970	11.57
690	8028	11.63
691	7994	11.57
692	7998	11.56
693	8020	11.57
694	8024	11.56
695	8031	11.56
696	9050	13.00
697	8104	11.63
698	11189	16.03
699	8138	11.64
700	8799	12.57
701	11385	16.24
702	9362	13.34
703	8748	12.44
704	8143	11.57
705	8193	11.62
706	8164	11.56
707	8168	11.55
708	8194	11.57
709	8218	11.59
710	10258	14.45
711	8215	11.55
712	8258	11.60
713	12687	17.79
714	9688	13.57
715	8302	11.61
716	8291	11.58
717	8300	11.58
718	10316	14.37
719	9139	12.71
720	8300	11.53
721	10328	14.32
722	8346	11.56
723	12554	17.36
724	8628	11.92
725	8602	11.86
726	8616	11.87
727	8616	11.85
728	8624	11.85
729	8634	11.84
730	8647	11.85
731	8656	11.84
732	8681	11.86
733	8680	11.84
734	8689	11.84
735	8708	11.85
736	8790	11.94
737	8821	11.97
738	8744	11.85
739	8761	11.86
740	8742	11.81
741	8770	11.84
742	8788	11.84
743	8802	11.85
744	8817	11.85
745	8822	11.84
746	8841	11.85
747	8844	11.84
748	8855	11.84
749	8884	11.86
750	8840	11.79
751	8891	11.84
752	8904	11.84
753	8926	11.85
754	8932	11.85
755	8943	11.85
756	8958	11.85
757	8964	11.84
758	8989	11.86
759	8988	11.84
760	8955	11.78
761	9006	11.83
762	9025	11.84
763	9038	11.85
764	9055	11.85
765	9053	11.83
766	9096	11.87
767	9084	11.84
768	9087	11.83
769	9104	11.84
770	9118	11.84
771	9124	11.83
772	9140	11.84
773	9174	11.87
774	9249	11.95
775	9181	11.85
776	9209	11.87
777	9210	11.85
778	9226	11.86
779	9216	11.83
780	9184	11.77
781	9241	11.83
782	9267	11.85
783	9277	11.85
784	9297	11.86
785	9302	11.85
786	9310	11.84
787	9325	11.85
788	9339	11.85
789	9348	11.85
790	9354	11.84
791	9381	11.86
792	9384	11.85
793	9502	11.98
794	9408	11.85
795	9414	11.84
796	9431	11.85
797	9452	11.86
798	13870	17.38
799	11420	14.29
800	9418	11.77
801	9456	11.81
802	9544	11.90
803	9525	11.86
804	9532	11.86
805	9548	11.86
806	9551	11.85
807	9567	11.86
808	9584	11.86
809	9596	11.86
810	9614	11.87
811	9661	11.91
812	9640	11.87
813	9634	11.85
814	9655	11.86
815	9656	11.85
816	9782	11.99
817	9792	11.99
818	9696	11.85
819	9752	11.91
820	9685	11.81
821	9723	11.84
822	9740	11.85
823	9758	11.86
824	9763	11.85
825	9775	11.85
826	9786	11.85
827	9806	11.86
828	9812	11.85
829	9834	11.86
830	9818	11.83
831	9847	11.85
832	9864	11.86
833	9866	11.84
834	9892	11.86
835	9896	11.85
836	9915	11.86
837	9914	11.84
838	9933	11.85
839	9946	11.85
840	9913	11.80
841	9952	11.83
842	9980	11.85
843	9990	11.85
844	10009	11.86
845	10022	11.86
846	10014	11.84
847	10035	11.85
848	10046	11.85
849	10071	11.86
850	10075	11.85
851	10164	11.94
852	10088	11.84
853	10121	11.87
854	10121	11.85
855	10130	11.85
856	10140	11.85
857	10155	11.85
858	10174	11.86
859	10185	11.86
860	10156	11.81
861	10207	11.85
862	10213	11.85
863	10220	11.84
864	10237	11.85
865	10245	11.84
866	10271	11.86
867	10267	11.84
868	10292	11.86
869	10365	11.93
870	10303	11.84
871	10315	11.84
872	10336	11.85
873	10339	11.84
874	10354	11.85
875	10369	11.85
876	10379	11.85
877	10407	11.87
878	10405	11.85
879	10448	11.89
880	10380	11.80
881	10440	11.85
882	10458	11.86
883	10457	11.84
884	10485	11.86
885	10587	11.96
886	10496	11.85
887	10509	11.85
888	10546	11.88
889	10534	11.85
890	10546	11.85
891	11451	12.85
892	10587	11.87
893	10601	11.87
894	10615	11.87
895	10641	11.89
896	10630	11.86
897	10638	11.86
898	10652	11.86
899	10667	11.87
900	10635	11.82
901	10759	11.94
902	10704	11.87
903	10698	11.85
904	10724	11.86
905	10731	11.86
906	10751	11.87
907	10750	11.85
908	10786	11.88
909	10774	11.85
910	10793	11.86
911	10814	11.87
912	10813	11.86
913	10830	11.86
914	10845	11.87
915	10857	11.87
916	10878	11.88
917	10940	11.93
918	10915	11.89
919	10897	11.86
920	10866	11.81
921	10923	11.86
922	10941	11.87
923	10946	11.86
924	10949	11.85
925	10976	11.87
926	10990	11.87
927	10983	11.85
928	11008	11.86
929	11011	11.85
930	11028	11.86
931	11051	11.87
932	11048	11.85
933	11081	11.88
934	11084	11.87
935	11088	11.86
936	11112	11.87
937	11121	11.87
938	11125	11.86
939	11145	11.87
940	11101	11.81
941	11164	11.86
942	11172	11.86
943	11183	11.86
944	11198	11.86
945	11196	11.85
946	11218	11.86
947	11236	11.86
948	11244	11.86
949	11325	11.93
950	11270	11.86
951	11291	11.87
952	11287	11.86
953	11300	11.86
954	11330	11.88
955	11331	11.86
956	11344	11.87
957	11353	11.86
958	11350	11.85
959	11379	11.87
960	11346	11.82
961	11389	11.85
962	11410	11.86
963	11423	11.86
964	11442	11.87
965	11442	11.86
966	11468	11.87
967	11474	11.87
968	11484	11.86
969	11576	11.95
970	11505	11.86
971	11524	11.87
972	11533	11.87
973	11540	11.86
974	11558	11.87
975	11560	11.86
976	11529	11.81
977	11590	11.86
978	11601	11.86
979	11625	11.87
980	11587	11.82
981	11629	11.85
982	11644	11.86
983	11660	11.86
984	11676	11.87
985	11682	11.86
986	11690	11.86
987	11703	11.86
988	11719	11.86
989	11720	11.85
990	11738	11.86
991	11763	11.87
992	11764	11.86
993	11844	11.93
994	11791	11.86
995	11808	11.87
996	11816	11.86
997	11825	11.86
998	11901	11.92
999	11842	11.85
1000	11687	11.69
1001	11843	11.83
1002	11868	11.84
1003	11898	11.86
1004	11901	11.85
1005	11926	11.87
1006	11930	11.86
1007	11949	11.87
1008	11958	11.86
1009	11965	11.86
1010	11982	11.86
1011	11996	11.87
1012	11993	11.85
1013	12123	11.97
1014	12031	11.86
1015	12045	11.87
1016	12062	11.87
1017	12056	11.85
1018	12075	11.86
1019	12078	11.85
1020	12054	11.82
1021	12105	11.86
1022	12123	11.86
1023	12143	11.87
1024	12162	11.88
1025	12106	11.81
1026	12151	11.84
1027	12186	11.87
1028	12193	11.86
1029	12203	11.86
1030	12214	11.86
1031	12230	11.86
1032	12244	11.86
1033	12257	11.87
1034	12266	11.86
1035	12274	11.86
1036	12353	11.92
1037	12292	11.85
1038	12312	11.86
1039	12323	11.86
1040	12280	11.81
1041	12423	11.93
1042	12366	11.87
1043	12356	11.85
1044	12380	11.86
1045	12385	11.85
1046	12397	11.85
1047	12422	11.86
1048	12435	11.87
1049	12447	11.87
1050	12232	11.65
1051	11857	11.28
1052	11860	11.27
1053	11879	11.28
1054	11883	11.27
1055	11915	11.29
1056	11905	11.27
1057	12901	12.21
1058	11949	11.29
1059	11938	11.27
1060	12631	11.92
1061	11962	11.27
1062	13077	12.31
1063	11986	11.28
1064	14139	13.29
1065	13011	12.22
1066	14295	13.41
1067	12037	11.28
1068	12060	11.29
1069	12058	11.28
1070	12068	11.28
1071	12097	11.30
1072	12089	11.28
1073	12103	11.28
1074	12107	11.27
1075	12126	11.28
1076	12145	11.29
1077	12139	11.27
1078	12219	11.33
1079	12182	11.29
1080	12140	11.24
1081	12204	11.29
1082	12191	11.27
1083	12228	11.29
1084	12235	11.29
1085	12236	11.28
1086	12271	11.30
1087	12263	11.28
1088	12279	11.29
1089	12276	11.27
1090	14365	13.18
1091	12317	11.29
1092	12315	11.28
1093	12340	11.29
1094	12341	11.28
1095	12359	11.29
1096	12372	11.29
1097	12385	11.29
1098	12397	11.29
1099	12391	11.27
1100	13210	12.01
1101	12421	11.28
1102	13177	11.96
1103	12449	11.29
1104	12454	11.28
1105	12457	11.27
1106	12481	11.28
1107	12485	11.28
1108	14193	12.81
1109	12505	11.28
1110	12522	11.28
1111	12536	11.28
1112	12543	11.28
1113	12544	11.27
1114	12567	11.28
1115	12573	11.28
1116	12603	11.29
1117	12617	11.30
1118	12606	11.28
1119	12633	11.29
1120	13600	12.14
1121	12640	11.28
1122	12671	11.29
1123	12656	11.27
1124	12752	11.35
1125	12692	11.28
1126	12698	11.28
1127	12719	11.29
1128	12727	11.28
1129	12732	11.28
1130	12747	11.28
1131	12757	11.28
1132	12783	11.29
1133	12854	11.35
1134	12791	11.28
1135	12807	11.28
1136	12814	11.28
1137	12832	11.29
1138	12916	11.35
1139	12843	11.28
1140	12804	11.23
1141	12874	11.28
1142	12880	11.28
1143	12898	11.28
1144	12903	11.28
1145	12920	11.28
1146	14745	12.87
1147	13687	11.93
1148	12952	11.28
1149	12976	11.29
1150	12966	11.27
1151	13053	11.34
1152	12999	11.28
1153	13921	12.07
1154	13021	11.28
1155	13050	11.30
1156	13043	11.28
1157	14019	12.12
1158	13071	11.29
1159	13145	11.34
1160	13037	11.24
1161	13083	11.27
1162	13116	11.29
1163	13119	11.28
1164	13142	11.29
1165	13145	11.28
1166	13161	11.29
1167	13163	11.28
1168	13181	11.29
1169	13177	11.27
1170	13206	11.29
1171	13213	11.28
1172	13271	11.32
1173	13229	11.28
1174	13242	11.28
1175	13254	11.28
1176	13268	11.28
1177	13384	11.37
1178	13289	11.28
1179	13299	11.28
1180	13299	11.27
1181	13314	11.27
1182	13330	11.28
1183	13340	11.28
1184	13362	11.29
1185	13378	11.29
1186	13382	11.28
1187	13394	11.28
1188	16140	13.59
1189	13423	11.29
1190	13430	11.29
1191	13444	11.29
1192	13448	11.28
1193	13464	11.29
1194	13466	11.28
1195	15330	12.83
1196	13493	11.28
1197	14238	11.89
1198	13519	11.28
1199	13519	11.28
1200	13486	11.24
1201	13495	11.24
1202	13561	11.28
1203	13575	11.28
1204	13579	11.28
1205	14408	11.96
1206	13596	11.27
1207	13615	11.28
1208	13628	11.28
1209	13634	11.28
1210	13648	11.28
1211	13663	11.28
1212	13674	11.28
1213	13695	11.29
1214	13694	11.28
1215	13716	11.29
1216	13719	11.28
1217	13727	11.28
1218	13735	11.28
1219	13754	11.28
1220	13720	11.25
1221	13773	11.28
1222	13768	11.27
1223	13843	11.32
1224	13802	11.28
1225	13817	11.28
1226	13823	11.27
1227	13918	11.34
1228	13862	11.29
1229	13864	11.28
1230	13879	11.28
1231	13889	11.28
1232	13894	11.28
1233	13911	11.28
1234	13911	11.27
1235	13992	11.33
1236	13946	11.28
1237	13951	11.28
1238	13966	11.28
1239	14042	11.33
1240	13936	11.24
1241	13987	11.27
1242	14009	11.28
1243	17208	13.84
1244	14027	11.28
1245	14046	11.28
1246	14042	11.27
1247	14059	11.27
1248	14071	11.27
1249	14087	11.28
1250	13896	11.12
1251	14094	11.27
1252	14104	11.27
1253	14132	11.28
1254	14139	11.28
1255	14149	11.27
1256	14171	11.28
1257	14188	11.29
1258	14209	11.29
1259	14211	11.29
1260	16260	12.90
1261	18077	14.34
1262	15773	12.50
1263	14261	11.29
1264	14267	11.29
1265	14259	11.27
1266	14286	11.28
1267	14288	11.28
1268	14303	11.28
1269	14319	11.28
1270	14321	11.28
1271	14398	11.33
1272	14344	11.28
1273	14356	11.28
1274	14370	11.28
1275	14465	11.35
1276	14397	11.28
1277	14405	11.28
1278	15400	12.05
1279	14426	11.28
1280	14398	11.25
1281	16268	12.70
1282	14470	11.29
1283	14537	11.33
1284	14475	11.27
1285	14489	11.28
1286	14497	11.27
1287	14585	11.33
1288	14532	11.28
1289	15405	11.95
1290	14545	11.28
1291	14565	11.28
1292	14581	11.29
1293	14575	11.27
1294	14604	11.29
1295	14603	11.28
1296	14620	11.28
1297	14642	11.29
1298	14641	11.28
1299	14639	11.27
1300	15474	11.90
1301	14665	11.27
1302	14686	11.28
1303	14695	11.28
1304	14711	11.28
1305	14712	11.27
1306	14799	11.33
1307	14744	11.28
1308	14758	11.28
1309	14764	11.28
1310	14853	11.34
1311	14785	11.28
1312	14800	11.28
1313	14807	11.28
1314	15678	11.93
1315	14832	11.28
1316	14844	11.28
1317	17195	13.06
1318	16582	12.58
1319	14877	11.28
1320	14850	11.25
1321	14881	11.26
1322	14911	11.28
1323	14920	11.28
1324	14943	11.29
1325	14946	11.28
1326	14958	11.28
1327	14986	11.29
1328	14982	11.28
1329	15051	11.33
1330	15010	11.29
1331	15008	11.28
1332	15032	11.29
1333	15041	11.28
1334	15062	11.29
1335	15071	11.29
1336	15083	11.29
1337	15094	11.29
1338	15090	11.28
1339	18814	14.05
1340	15078	11.25
1341	15136	11.29
1342	15142	11.28
1343	15143	11.28
1344	15163	11.28
1345	15237	11.33
1346	15184	11.28
1347	18031	13.39
1348	15215	11.29
1349	15213	11.28
1350	15237	11.29
1351	15255	11.29
1352	15266	11.29
1353	15260	11.28
1354	16159	11.93
1355	15301	11.29
1356	15349	11.32
1357	15339	11.30
1358	17230	12.69
1359	15338	11.29
1360	15282	11.24
1361	15456	11.36
1362	15369	11.28
1363	15369	11.28
1364	16253	11.92
1365	15407	11.29
1366	15414	11.28
1367	15439	11.29
1368	15436	11.28
1369	15440	11.28
1370	15455	11.28
1371	15464	11.28
1372	15490	11.29
1373	15504	11.29
1374	15499	11.28
1375	15509	11.28
1376	15515	11.28
1377	18331	13.31
1378	16513	11.98
1379	15556	11.28
1380	15545	11.26
1381	15585	11.29
1382	15594	11.28
1383	15614	11.29
1384	15610	11.28
1385	15628	11.28
1386	15643	11.29
1387	15646	11.28
1388	15665	11.29
1389	15681	11.29
1390	15690	11.29
1391	16546	11.90
1392	15715	11.29
1393	15724	11.29
1394	15734	11.29
1395	15830	11.35
1396	15761	11.29
1397	15758	11.28
1398	15775	11.28
1399	15797	11.29
1400	16603	11.86
1401	16629	11.87
1402	15833	11.29
1403	15831	11.28
1404	15851	11.29
1405	15918	11.33
1406	16583	11.79
1407	15882	11.29
1408	15879	11.28
1409	15905	11.29
1410	15910	11.28
1411	15931	11.29
1412	15999	11.33
1413	15943	11.28
1414	15950	11.28
1415	15972	11.29
1416	16051	11.34
1417	15979	11.28
1418	16004	11.29
1419	16024	11.29
1420	15983	11.26
1421	16044	11.29
1422	16045	11.28
1423	16055	11.28
1424	16060	11.28
1425	16047	11.26
1426	16971	11.90
1427	16112	11.29
1428	16120	11.29
1429	16124	11.28
1430	16153	11.30
1431	17022	11.90
1432	16981	11.86
1433	16966	11.84
1434	16170	11.28
1435	16183	11.28
1436	19378	13.49
1437	16231	11.30
1438	16277	11.32
1439	16241	11.29
1440	16207	11.25
1441	16250	11.28
1442	16285	11.29
1443	16279	11.28
1444	16299	11.29
1445	17911	12.40
1446	19380	13.40
1447	16328	11.28
1448	18256	12.61
1449	16353	11.29
1450	16370	11.29
1451	16382	11.29
1452	16381	11.28
1453	16389	11.28
1454	16421	11.29
1455	16430	11.29
1456	16435	11.29
1457	16450	11.29
1458	16459	11.29
1459	16467	11.29
1460	16420	11.25
1461	16489	11.29
1462	16496	11.28
1463	17223	11.77
1464	16525	11.29
1465	16627	11.35
1466	16541	11.28
1467	16558	11.29
1468	16569	11.29
1469	16585	11.29
1470	16586	11.28
1471	16619	11.30
1472	16613	11.29
1473	16620	11.28
1474	16640	11.29
1475	16710	11.33
1476	16659	11.29
1477	16674	11.29
1478	16676	11.28
1479	17615	11.91
1480	16651	11.25
1481	16719	11.29
1482	16728	11.29
1483	16730	11.28
1484	16744	11.28
1485	16771	11.29
1486	16841	11.33
1487	16783	11.29
1488	17597	11.83
1489	16809	11.29
1490	16882	11.33
1491	16826	11.29
1492	16842	11.29
1493	16849	11.29
1494	16854	11.28
1495	16884	11.29
1496	16887	11.29
1497	16894	11.29
1498	16901	11.28
1499	16911	11.28
1500	17517	11.68
1501	16909	11.27
1502	16936	11.28
1503	16955	11.28
1504	16982	11.29
1505	16977	11.28
1506	17063	11.33
1507	18077	12.00
1508	17001	11.27
1509	17033	11.29
1510	17046	11.29
1511	17062	11.29
1512	17078	11.29
1513	17072	11.28
1514	17089	11.29
1515	17107	11.29
1516	17842	11.77
1517	17126	11.29
1518	17126	11.28
1519	17139	11.28
1520	17184	11.31
1521	17172	11.29
1522	17180	11.29
1523	17173	11.28
1524	17197	11.28
1525	17211	11.29
1526	17224	11.29
1527	17239	11.29
1528	17245	11.29
1529	17259	11.29
1530	17265	11.28
1531	17351	11.33
1532	17280	11.28
1533	17313	11.29
1534	17332	11.30
1535	18807	12.25
1536	17412	11.34
1537	17350	11.29
1538	17356	11.28
1539	17367	11.28
1540	18982	12.33
1541	17393	11.29
1542	17401	11.28
1543	17411	11.28
1544	17424	11.28
1545	17445	11.29
1546	17520	11.33
1547	18179	11.75
1548	19421	12.55
1549	17496	11.30
1550	19534	12.60
1551	17509	11.29
1552	17508	11.28
1553	17519	11.28
1554	17543	11.29
1555	17551	11.29
1556	17628	11.33
1557	17580	11.29
1558	17589	11.29
1559	17594	11.29
1560	17632	11.30
1561	17639	11.30
1562	17626	11.28
1563	17657	11.30
1564	17668	11.30
1565	17673	11.29
1566	17781	11.35
1567	17695	11.29
1568	17729	11.31
1569	17712	11.29
1570	17731	11.29
1571	17751	11.30
1572	17751	11.29
1573	17772	11.30
1574	17783	11.30
1575	17790	11.30
1576	17858	11.33
1577	17807	11.29
1578	17826	11.30
1579	17827	11.29
1580	17787	11.26
1581	17847	11.29
1582	17874	11.30
1583	17901	11.31
1584	17897	11.30
1585	17960	11.33
1586	17912	11.29
1587	17945	11.31
1588	18910	11.91
1589	17947	11.29
1590	17953	11.29
1591	17964	11.29
1592	17983	11.30
1593	17972	11.28
1594	17994	11.29
1595	18098	11.35
1596	18017	11.29
1597	18020	11.28
1598	18050	11.30
1599	18035	11.28
1600	18838	11.77
1601	18049	11.27
1602	18087	11.29
1603	18106	11.30
1604	18118	11.30
1605	18124	11.29
1606	18131	11.29
1607	18147	11.29
1608	18165	11.30
1609	18187	11.30
1610	18168	11.28
1611	18181	11.29
1612	18215	11.30
1613	18227	11.30
1614	18291	11.33
1615	18224	11.28
1616	18245	11.29
1617	18254	11.29
1618	18265	11.29
1619	18301	11.30
1620	20512	12.66
1621	18302	11.29
1622	18311	11.29
1623	18316	11.29
1624	18397	11.33
1625	18284	11.25
1626	18348	11.28
1627	18372	11.29
1628	18381	11.29
1629	19099	11.72
1630	18410	11.29
1631	18421	11.29
1632	20744	12.71
1633	18495	11.33
1634	18444	11.29
1635	18463	11.29
1636	18478	11.29
1637	20664	12.62
1638	18498	11.29
1639	18503	11.29
1640	18501	11.28
1641	18504	11.28
1642	18600	11.33
1643	19309	11.75
1644	21495	13.07
1645	18582	11.30
1646	18690	11.35
1647	18586	11.28
1648	18614	11.29
1649	18628	11.30
1650	18614	11.28
1651	18631	11.28
1652	18656	11.29
1653	18662	11.29
1654	18673	11.29
1655	18748	11.33
1656	18687	11.28
1657	18725	11.30
1658	18728	11.30
1659	19696	11.87
1660	18701	11.27
1661	18761	11.30
1662	18779	11.30
1663	18785	11.30
1664	18775	11.28
1665	18779	11.28
1666	18803	11.29
1667	18811	11.28
1668	18819	11.28
1669	18828	11.28
1670	18842	11.28
1671	18857	11.28
1672	18906	11.31
1673	18893	11.29
1674	18978	11.34
1675	18915	11.29
1676	18920	11.29
1677	18925	11.29
1678	18931	11.28
1679	18963	11.29
1680	18928	11.27
1681	19921	11.85
1682	19002	11.30
1683	19065	11.33
1684	19016	11.29
1685	19003	11.28
1686	19028	11.29
1687	19037	11.28
1688	19122	11.33
1689	19065	11.29
1690	19062	11.28
1691	19078	11.28
1692	19195	11.34
1693	19108	11.29
1694	19127	11.29
1695	19125	11.28
1696	19138	11.28
1697	19162	11.29
1698	19161	11.28
1699	19181	11.29
1700	19988	11.76
1701	19196	11.29
1702	19218	11.29
1703	19232	11.29
1704	19234	11.29
1705	19243	11.29
1706	19327	11.33
1707	19266	11.29
1708	19286	11.29
1709	19301	11.29
1710	19396	11.34
1711	19303	11.28
1712	19346	11.30
1713	19333	11.29
1714	19354	11.29
1715	19429	11.33
1716	19360	11.28
1717	19381	11.29
1718	19385	11.28
1719	19509	11.35
1720	19380	11.27
1721	19423	11.29
1722	19430	11.28
1723	19436	11.28
1724	19449	11.28
1725	19481	11.29
1726	19476	11.28
1727	19523	11.30
1728	19517	11.29
1729	19524	11.29
1730	19535	11.29
1731	21121	12.20
1732	20284	11.71
1733	20359	11.75
1734	20460	11.80
1735	20362	11.74
1736	19601	11.29
1737	22522	12.97
1738	19612	11.28
1739	19640	11.29
1740	19620	11.28
1741	19650	11.29
1742	19713	11.32
1743	19680	11.29
1744	19698	11.29
1745	19782	11.34
1746	19718	11.29
1747	19724	11.29
1748	19739	11.29
1749	19725	11.28
1750	19711	11.26
1751	22295	12.73
1752	19775	11.29
1753	19770	11.28
1754	19800	11.29
1755	19814	11.29
1756	19849	11.30
1757	19850	11.30
1758	19854	11.29
1759	19871	11.30
1760	19817	11.26
1761	19872	11.28
1762	19879	11.28
1763	19891	11.28
1764	19913	11.29
1765	19923	11.29
1766	19940	11.29
1767	19955	11.29
1768	19951	11.28
1769	19977	11.29
1770	20793	11.75
1771	19989	11.29
1772	19995	11.28
1773	20014	11.29
1774	20024	11.29
1775	20040	11.29
1776	20006	11.26
1777	20048	11.28
1778	20067	11.29
1779	20084	11.29
1780	20129	11.31
1781	20100	11.29
1782	20118	11.29
1783	20133	11.29
1784	20137	11.29
1785	20183	11.31
1786	20161	11.29
1787	20173	11.29
1788	20197	11.30
1789	20275	11.33
1790	20221	11.30
1791	20238	11.30
1792	20234	11.29
1793	20249	11.29
1794	20251	11.29
1795	20259	11.29
1796	20271	11.29
1797	20385	11.34
1798	20317	11.30
1799	20304	11.29
1800	20983	11.66
1801	20334	11.29
1802	20350	11.29
1803	20353	11.29
1804	20367	11.29
1805	20371	11.29
1806	20470	11.33
1807	20405	11.29
1808	20428	11.30
1809	20409	11.28
1810	20439	11.29
1811	20514	11.33
1812	20467	11.30
1813	20465	11.29
1814	20558	11.33
1815	20491	11.29
1816	20517	11.30
1817	20548	11.31
1818	21390	11.77
1819	20539	11.29
1820	20523	11.28
1821	20564	11.29
1822	20573	11.29
1823	20603	11.30
1824	20611	11.30
1825	20597	11.29
1826	20626	11.30
1827	20640	11.30
1828	20627	11.28
1829	23002	12.58
1830	20652	11.29
1831	20657	11.28
1832	20681	11.29
1833	20693	11.29
1834	21489	11.72
1835	23604	12.86
1836	23930	13.03
1837	20760	11.30
1838	20749	11.29
1839	20781	11.30
1840	20714	11.26
1841	20798	11.30
1842	20813	11.30
1843	20804	11.29
1844	20814	11.29
1845	20814	11.28
1846	20855	11.30
1847	20878	11.30
1848	20865	11.29
1849	20877	11.29
1850	23420	12.66
1851	20900	11.29
1852	20965	11.32
1853	20924	11.29
1854	20923	11.29
1855	20956	11.30
1856	21038	11.34
1857	20958	11.29
1858	20990	11.30
1859	20989	11.29
1860	20944	11.26
1861	21019	11.29
1862	21765	11.69
1863	21040	11.29
1864	21040	11.29
1865	21076	11.30
1866	21056	11.28
1867	21078	11.29
1868	22994	12.31
1869	21170	11.33
1870	23680	12.66
1871	21144	11.30
1872	21125	11.28
1873	21131	11.28
1874	23986	12.80
1875	23983	12.79
1876	25158	13.41
1877	24667	13.14
1878	21225	11.30
1879	24492	13.03
1880	22208	11.81
1881	21784	11.58
1882	21773	11.57
1883	21773	11.56
1884	21783	11.56
1885	21810	11.57
1886	21814	11.57
1887	21923	11.62
1888	21838	11.57
1889	21861	11.57
1890	21861	11.57
1891	21895	11.58
1892	22009	11.63
1893	21910	11.57
1894	21928	11.58
1895	22020	11.62
1896	21927	11.56
1897	21937	11.56
1898	21968	11.57
1899	21991	11.58
1900	21947	11.55
1901	21992	11.57
1902	21989	11.56
1903	22021	11.57
1904	22030	11.57
1905	22048	11.57
1906	22056	11.57
1907	22062	11.57
1908	22087	11.58
1909	22103	11.58
1910	22113	11.58
1911	22208	11.62
1912	22134	11.58
1913	22134	11.57
1914	22139	11.57
1915	22144	11.56
1916	22168	11.57
1917	22176	11.57
1918	22190	11.57
1919	22204	11.57
1920	22180	11.55
1921	22233	11.57
1922	22224	11.56
1923	22229	11.56
1924	22279	11.58
1925	22283	11.58
1926	22299	11.58
1927	22363	11.61
1928	22305	11.57
1929	22339	11.58
1930	22345	11.58
1931	22339	11.57
1932	22368	11.58
1933	22385	11.58
1934	22485	11.63
1935	22381	11.57
1936	22402	11.57
1937	22397	11.56
1938	22435	11.58
1939	22447	11.58
1940	22413	11.55
1941	23712	12.22
1942	23815	12.26
1943	22483	11.57
1944	22498	11.57
1945	22522	11.58
1946	22526	11.58
1947	22595	11.61
1948	22542	11.57
1949	22540	11.56
1950	22591	11.59
1951	22563	11.56
1952	22588	11.57
1953	22606	11.58
1954	22702	11.62
1955	22594	11.56
1956	22636	11.57
1957	22642	11.57
1958	22673	11.58
1959	22753	11.61
1960	22079	11.26
1961	22114	11.28
1962	22225	11.33
1963	22157	11.29
1964	22179	11.29
1965	22970	11.69
1966	22204	11.29
1967	22188	11.28
1968	22218	11.29
1969	22228	11.29
1970	22282	11.31
1971	22240	11.28
1972	23065	11.70
1973	23059	11.69
1974	22270	11.28
1975	22309	11.30
1976	22299	11.28
1977	22325	11.29
1978	22386	11.32
1979	22330	11.28
1980	22307	11.27
1981	23515	11.87
1982	22375	11.29
1983	22373	11.28
1984	22393	11.29
1985	22466	11.32
1986	22420	11.29
1987	22422	11.28
1988	22451	11.29
1989	22528	11.33
1990	22437	11.27
1991	22468	11.28
1992	22500	11.30
1993	22575	11.33
1994	22504	11.29
1995	22516	11.29
1996	22584	11.31
1997	22514	11.27
1998	22542	11.28
1999	22558	11.28
2000	22798	11.40
2001	22596	11.29
2002	22578	11.28
2003	22578	11.27
2004	22683	11.32
2005	22619	11.28
2006	22641	11.29
2007	22644	11.28
2008	22752	11.33
2009	22657	11.28
2010	22667	11.28
2011	22702	11.29
2012	22748	11.31
2013	22722	11.29
2014	22731	11.29
2015	22751	11.29
2016	22740	11.28
2017	22777	11.29
2018	22774	11.29
2019	22860	11.32
2020	22740	11.26
2021	22799	11.28
2022	22797	11.27
2023	22833	11.29
2024	22837	11.28
2025	22863	11.29
2026	26163	12.91
2027	22959	11.33
2028	22906	11.29
2029	22900	11.29
2030	23645	11.65
2031	26733	13.16
2032	24271	11.94
2033	22937	11.28
2034	22942	11.28
2035	22965	11.29
2036	24687	12.13
2037	22993	11.29
2038	23056	11.31
2039	23003	11.28
2040	22990	11.27
2041	23040	11.29
2042	23842	11.68
2043	23062	11.29
2044	25026	12.24
2045	23104	11.30
2046	23078	11.28
2047	23119	11.29
2048	23133	11.30
2049	23218	11.33
2050	23130	11.28
2051	23125	11.27
2052	23161	11.29
2053	23245	11.32
2054	23180	11.29
2055	23202	11.29
2056	23208	11.29
2057	24086	11.71
2058	23225	11.29
2059	23247	11.29
2060	23211	11.27
2061	24169	11.73
2062	23291	11.30
2063	23266	11.28
2064	23383	11.33
2065	23300	11.28
2066	23327	11.29
2067	23363	11.30
2068	23340	11.29
2069	23362	11.29
2070	23365	11.29
2071	23381	11.29
2072	23377	11.28
2073	23395	11.29
2074	23396	11.28
2075	23494	11.32
2076	23440	11.29
2077	23444	11.29
2078	23454	11.29
2079	23531	11.32
2080	23420	11.26
2081	23489	11.29
2082	23512	11.29
2083	23597	11.33
2084	23529	11.29
2085	23536	11.29
2086	23556	11.29
2087	23568	11.29
2088	23573	11.29
2089	23580	11.29
2090	23662	11.32
2091	23594	11.28
2092	23625	11.29
2093	23733	11.34
2094	23645	11.29
2095	23658	11.29
2096	23650	11.28
2097	23687	11.30
2098	23749	11.32
2099	23689	11.29
2100	24497	11.67
2101	23777	11.32
2102	23726	11.29
2103	23741	11.29
2104	23761	11.29
2105	23770	11.29
2106	23780	11.29
2107	23797	11.29
2108	23796	11.29
2109	23793	11.28
2110	23808	11.28
2111	23823	11.29
2112	23909	11.32
2113	23878	11.30
2114	23836	11.28
2115	23886	11.29
2116	23878	11.28
2117	23902	11.29
2118	23934	11.30
2119	23935	11.30
2120	23892	11.27
2121	23938	11.29
2122	23951	11.29
2123	23972	11.29
2124	23953	11.28
2125	27170	12.79
2126	23980	11.28
2127	24036	11.30
2128	24045	11.30
2129	24865	11.68
2130	24118	11.32
2131	24044	11.28
2132	24063	11.29
2133	25973	12.18
2134	24098	11.29
2135	24093	11.28
2136	24117	11.29
2137	24132	11.29
2138	24136	11.29
2139	24869	11.63
2140	24099	11.26
2141	25738	12.02
2142	24172	11.28
2143	24176	11.28
2144	24292	11.33
2145	24222	11.29
2146	24207	11.28
2147	24233	11.29
2148	24248	11.29
2149	24259	11.29
2150	26332	12.25
2151	24272	11.28
2152	24276	11.28
2153	24306	11.29
2154	24312	11.29
2155	24323	11.29
2156	27053	12.55
2157	26148	12.12
2158	24447	11.33
2159	24371	11.29
2160	24315	11.26
2161	24373	11.28
2162	24457	11.31
2163	24414	11.29
2164	24425	11.29
2165	24505	11.32
2166	24457	11.29
2167	24469	11.29
2168	24470	11.29
2169	24559	11.32
2170	24503	11.29
2171	24492	11.28
2172	24525	11.29
2173	24531	11.29
2174	24540	11.29
2175	24544	11.28
2176	24523	11.27
2177	24567	11.28
2178	24585	11.29
2179	24610	11.29
2180	24567	11.27
2181	24615	11.29
2182	24652	11.30
2183	24720	11.32
2184	24632	11.28
2185	24674	11.29
2186	24690	11.29
2187	24704	11.30
2188	24694	11.29
2189	24710	11.29
2190	24733	11.29
2191	24724	11.28
2192	24752	11.29
2193	24754	11.29
2194	24761	11.29
2195	24775	11.29
2196	24794	11.29
2197	24815	11.29
2198	24790	11.28
2199	24836	11.29
2200	25656	11.66
2201	24824	11.28
2202	24861	11.29
2203	24848	11.28
2204	26783	12.15
2205	24896	11.29
2206	24925	11.30
2207	24937	11.30
2208	24922	11.29
2209	24942	11.29
2210	24940	11.29
2211	26114	11.81
2212	24970	11.29
2213	24996	11.30
2214	24997	11.29
2215	25013	11.29
2216	25022	11.29
2217	25008	11.28
2218	25100	11.32
2219	25027	11.28
2220	24994	11.26
2221	25156	11.33
2222	25104	11.30
2223	27551	12.39
2224	25865	11.63
2225	25141	11.30
2226	25120	11.28
2227	25115	11.28
2228	25146	11.29
2229	25183	11.30
2230	25159	11.28
2231	25199	11.29
2232	25199	11.29
2233	26080	11.68
2234	28802	12.89
2235	27364	12.24
2236	25222	11.28
2237	25258	11.29
2238	25327	11.32
2239	25243	11.27
2240	26087	11.65
2241	25283	11.28
2242	25307	11.29
2243	25309	11.28
2244	25344	11.29
2245	25339	11.29
2246	28636	12.75
2247	25371	11.29
2248	25379	11.29
2249	25381	11.29
2250	25365	11.27
2251	25403	11.29
2252	25487	11.32
2253	25428	11.29
2254	25437	11.29
2255	26444	11.73
2256	25446	11.28
2257	25458	11.28
2258	25488	11.29
2259	25558	11.31
2260	25462	11.27
2261	26247	11.61
2262	25616	11.32
2263	25534	11.28
2264	25552	11.29
2265	25585	11.30
2266	26219	11.57
2267	25581	11.28
2268	25607	11.29
2269	25607	11.29
2270	25629	11.29
2271	25645	11.29
2272	25637	11.28
2273	25659	11.29
2274	25663	11.29
2275	25666	11.28
2276	25691	11.29
2277	25677	11.28
2278	25717	11.29
2279	25720	11.29
2280	25688	11.27
2281	25736	11.28
2282	25804	11.31
2283	25754	11.28
2284	25768	11.28
2285	25795	11.29
2286	25819	11.29
2287	25803	11.28
2288	25896	11.32
2289	25827	11.28
2290	25860	11.29
2291	25866	11.29
2292	25882	11.29
2293	25897	11.29
2294	25871	11.28
2295	25986	11.32
2296	25898	11.28
2297	25923	11.29
2298	25924	11.28
2299	25934	11.28
2300	27616	12.01
2301	25942	11.27
2302	25958	11.28
2303	25999	11.29
2304	25982	11.28
2305	25997	11.28
2306	25998	11.27
2307	26023	11.28
2308	26032	11.28
2309	26037	11.28
2310	26067	11.28
2311	26068	11.28
2312	30170	13.05
2313	28545	12.34
2314	31165	13.47
2315	27391	11.83
2316	26632	11.50
2317	30612	13.21
2318	37449	16.16
2319	29423	12.69
2320	28173	12.14
2321	33613	14.48
2322	29858	12.86
2323	29295	12.61
2324	31484	13.55
2325	28324	12.18
2326	32306	13.89
2327	31209	13.41
2328	32853	14.11
2329	34516	14.82
2330	28207	12.11
2331	27371	11.74
2332	26317	11.29
2333	26309	11.28
2334	26311	11.27
2335	26400	11.31
2336	26326	11.27
2337	26345	11.27
2338	29695	12.70
2339	27097	11.58
2340	26329	11.25
2341	26387	11.27
2342	28296	12.08
2343	26404	11.27
2344	26406	11.27
2345	26419	11.27
2346	26449	11.27
2347	26435	11.26
2348	26463	11.27
2349	26537	11.30
2350	26474	11.27
2351	26479	11.26
2352	26521	11.28
2353	26527	11.27
2354	26554	11.28
2355	26530	11.27
2356	26534	11.26
2357	26568	11.27
2358	26577	11.27
2359	26590	11.27
2360	26556	11.25
2361	26672	11.30
2362	26685	11.30
2363	26624	11.27
2364	26651	11.27
2365	26647	11.27
2366	26662	11.27
2367	26746	11.30
2368	26754	11.30
2369	26711	11.28
2370	26717	11.27
2371	26730	11.27
2372	26729	11.27
2373	26794	11.29
2374	26741	11.26
2375	26771	11.27
2376	26772	11.27
2377	27525	11.58
2378	27500	11.56
2379	27466	11.55
2380	27462	11.54
2381	27542	11.57
2382	27478	11.54
2383	27482	11.53
2384	27488	11.53
2385	27503	11.53
2386	27517	11.53
2387	27533	11.53
2388	27566	11.54
2389	27604	11.55
2390	27646	11.57
2391	27659	11.57
2392	27637	11.55
2393	27624	11.54
2394	27705	11.57
2395	27695	11.56
2396	27708	11.56
2397	27660	11.54
2398	27671	11.54
2399	27726	11.56
2400	27592	11.50
2401	27699	11.54
2402	27738	11.55
2403	27688	11.52
2404	27774	11.55
2405	27758	11.54
2406	27789	11.55
2407	27788	11.54
2408	27811	11.55
2409	27798	11.54
2410	27830	11.55
2411	27824	11.54
2412	27949	11.59
2413	27828	11.53
2414	27866	11.54
2415	27882	11.55
2416	27869	11.54
2417	27942	11.56
2418	27939	11.55
2419	27942	11.55
2420	27890	11.52
2421	27974	11.55
2422	27968	11.55
2423	27999	11.56
2424	28059	11.58
2425	29017	11.97
2426	28005	11.54
2427	28039	11.55
2428	28050	11.55
2429	28056	11.55
2430	28049	11.54
2431	28136	11.57
2432	28117	11.56
2433	28104	11.55
2434	28109	11.55
2435	28141	11.56
2436	28111	11.54
2437	28141	11.55
2438	28145	11.54
2439	27917	11.45
2440	27458	11.25
2441	27490	11.26
2442	27563	11.29
2443	27601	11.30
2444	28422	11.63
2445	28335	11.59
2446	27594	11.28
2447	27598	11.28
2448	27649	11.29
2449	27629	11.28
2450	28583	11.67
2451	27649	11.28
2452	27666	11.28
2453	27654	11.27
2454	27616	11.25
2455	27732	11.30
2456	27713	11.28
2457	27685	11.27
2458	27665	11.26
2459	27738	11.28
2460	27757	11.28
2461	27688	11.25
2462	27757	11.27
2463	27745	11.26
2464	27787	11.28
2465	27778	11.27
2466	27783	11.27
2467	27771	11.26
2468	30155	12.22
2469	27869	11.29
2470	27798	11.25
2471	27863	11.28
2472	27857	11.27
2473	27858	11.26
2474	27911	11.28
2475	27854	11.25
2476	27924	11.28
2477	27915	11.27
2478	27915	11.27
2479	27928	11.27
2480	27979	11.28
2481	27946	11.26
2482	27930	11.25
2483	27971	11.27
2484	27995	11.27
2485	27975	11.26
2486	28027	11.27
2487	28048	11.28
2488	28031	11.27
2489	28020	11.26
2490	28045	11.26
2491	28110	11.28
2492	28166	11.30
2493	28086	11.27
2494	28098	11.27
2495	28081	11.25
2496	28085	11.25
2497	28100	11.25
2498	28179	11.28
2499	28118	11.25
2500	29125	11.65
2501	29883	11.95
2502	28138	11.25
2503	28137	11.24
2504	28164	11.25
2505	28194	11.26
2506	28228	11.26
2507	28219	11.26
2508	28272	11.27
2509	28284	11.27
2510	28256	11.26
2511	28277	11.26
2512	28286	11.26
2513	28331	11.27
2514	28342	11.27
2515	28308	11.26
2516	28343	11.27
2517	28374	11.27
2518	28355	11.26
2519	29953	11.89
2520	29072	11.54
2521	28476	11.30
2522	28499	11.30
2523	29253	11.59
2524	28424	11.26
2525	28425	11.26
2526	29363	11.62
2527	30654	12.13
2528	33096	13.09
2529	28476	11.26
2530	29981	11.85
2531	28539	11.28
2532	28502	11.26
2533	28548	11.27
2534	28627	11.30
2535	28538	11.26
2536	28581	11.27
2537	28603	11.27
2538	31881	12.56
2539	28596	11.26
2540	28642	11.28
2541	30214	11.89
2542	28630	11.26
2543	28637	11.26
2544	28656	11.26
2545	29521	11.60
2546	29615	11.63
2547	28702	11.27
2548	28722	11.27
2549	28727	11.27
2550	28752	11.28
2551	29608	11.61
2552	29777	11.67
2553	28752	11.26
2554	28774	11.27
2555	31265	12.24
2556	28790	11.26
2557	28808	11.27
2558	28812	11.26
2559	29593	11.56
2560	28810	11.25
2561	28847	11.26
2562	28868	11.27
2563	28842	11.25
2564	28886	11.27
2565	28883	11.26
2566	28912	11.27
2567	28908	11.26
2568	28942	11.27
2569	28981	11.28
2570	29012	11.29
2571	28958	11.26
2572	28960	11.26
2573	28990	11.27
2574	28996	11.26
2575	30678	11.91
2576	28962	11.24
2577	29032	11.27
2578	29034	11.26
2579	29040	11.26
2580	29009	11.24
2581	29086	11.27
2582	29089	11.27
2583	29087	11.26
2584	29106	11.26
2585	29123	11.27
2586	29184	11.29
2587	29128	11.26
2588	29254	11.30
2589	29176	11.27
2590	29170	11.26
2591	29180	11.26
2592	29198	11.26
2593	29221	11.27
2594	29223	11.27
2595	29241	11.27
2596	29242	11.26
2597	29257	11.27
2598	29282	11.27
2599	29258	11.26
2600	30796	11.84
2601	29288	11.26
2602	29301	11.26
2603	29305	11.26
2604	29383	11.28
2605	30390	11.67
2606	29340	11.26
2607	29361	11.26
2608	29367	11.26
2609	29373	11.26
2610	29400	11.26
2611	29399	11.26
2612	29417	11.26
2613	29419	11.26
2614	29447	11.27
2615	29439	11.26
2616	33867	12.95
2617	29805	11.39
2618	29840	11.40
2619	29839	11.39
2620	33214	12.68
2621	29941	11.42
2622	29595	11.29
2623	29557	11.27
2624	30347	11.57
2625	30811	11.74
2626	32165	12.25
2627	29667	11.29
2628	29609	11.27
2629	29635	11.27
2630	29648	11.27
2631	29654	11.27
2632	29676	11.28
2633	29696	11.28
2634	29681	11.27
2635	29708	11.27
2636	29716	11.27
2637	29728	11.27
2638	29741	11.27
2639	29751	11.27
2640	29737	11.26
2641	29751	11.27
2642	29789	11.28
2643	30748	11.63
2644	29766	11.26
2645	29875	11.29
2646	29822	11.27
2647	29826	11.27
2648	33378	12.60
2649	29869	11.28
2650	29960	11.31
2651	29881	11.27
2652	29868	11.26
2653	29874	11.26
2654	29907	11.27
2655	29924	11.27
2656	30009	11.30
2657	29942	11.27
2658	29971	11.28
2659	30699	11.55
2660	29926	11.25
2661	29975	11.26
2662	30070	11.30
2663	29994	11.26
2664	30015	11.27
2665	31616	11.86
2666	30019	11.26
2667	30047	11.27
2668	30074	11.27
2669	30083	11.27
2670	30079	11.27
2671	30121	11.28
2672	30118	11.27
2673	30224	11.31
2674	30119	11.26
2675	30148	11.27
2676	30177	11.28
2677	30163	11.27
2678	32750	12.23
2679	30264	11.30
2680	30149	11.25
2681	30208	11.27
2682	30219	11.27
2683	30230	11.27
2684	30238	11.27
2685	30333	11.30
2686	30280	11.27
2687	31127	11.58
2688	30303	11.27
2689	30309	11.27
2690	30370	11.29
2691	30324	11.27
2692	30322	11.26
2693	30345	11.27
2694	30376	11.28
2695	30387	11.28
2696	30461	11.30
2697	30398	11.27
2698	30411	11.27
2699	30431	11.27
2700	31089	11.51
2701	30419	11.26
2702	30510	11.29
2703	30472	11.27
2704	30476	11.27
2705	31215	11.54
2706	30490	11.27
2707	31463	11.62
2708	30517	11.27
2709	30533	11.27
2710	30545	11.27
2711	30559	11.27
2712	30584	11.28
2713	30641	11.29
2714	30586	11.27
2715	30592	11.27
2716	30608	11.27
2717	30628	11.27
2718	30641	11.27
2719	33758	12.42
2720	30609	11.25
2721	30644	11.26
2722	30664	11.27
2723	30693	11.27
2724	30777	11.30
2725	30715	11.27
2726	30764	11.29
2727	30740	11.27
2728	30761	11.28
2729	30781	11.28
2730	35459	12.99
2731	34006	12.45
2732	30794	11.27
2733	30804	11.27
2734	30828	11.28
2735	30878	11.29
2736	30860	11.28
2737	30867	11.28
2738	31599	11.54
2739	30866	11.27
2740	31702	11.57
2741	30882	11.27
2742	30903	11.27
2743	30917	11.27
2744	30929	11.27
2745	30936	11.27
2746	30943	11.27
2747	30949	11.27
2748	30980	11.27
2749	30982	11.27
2750	30941	11.25
2751	30976	11.26
2752	31030	11.28
2753	31017	11.27
2754	31039	11.27
2755	31050	11.27
2756	31079	11.28
2757	31067	11.27
2758	31157	11.30
2759	31114	11.28
2760	31053	11.25
2761	31102	11.26
2762	31853	11.53
2763	31205	11.29
2764	31148	11.27
2765	33615	12.16
2766	31190	11.28
2767	31185	11.27
2768	31198	11.27
2769	34367	12.41
2770	31251	11.28
2771	31256	11.28
2772	31247	11.27
2773	31294	11.29
2774	31354	11.30
2775	31294	11.28
2776	31319	11.28
2777	31329	11.28
2778	31333	11.28
2779	31340	11.28
2780	31301	11.26
2781	31341	11.27
2782	31373	11.28
2783	31371	11.27
2784	31391	11.28
2785	31383	11.27
2786	31415	11.28
2787	31441	11.28
2788	31437	11.28
2789	31468	11.28
2790	31472	11.28
2791	31589	11.32
2792	31478	11.27
2793	31494	11.28
2794	31501	11.27
2795	31511	11.27
2796	31598	11.30
2797	33117	11.84
2798	31539	11.27
2799	31558	11.27
2800	32189	11.50
2801	31523	11.25
2802	31594	11.28
2803	31604	11.28
2804	31610	11.27
2805	31617	11.27
2806	31647	11.28
2807	31712	11.30
2808	33240	11.84
2809	31670	11.27
2810	31683	11.28
2811	31699	11.28
2812	31720	11.28
2813	31701	11.27
2814	31749	11.28
2815	31752	11.28
2816	31762	11.28
2817	31776	11.28
2818	35157	12.48
2819	32517	11.53
2820	32680	11.59
2821	35516	12.59
2822	33628	11.92
2823	31828	11.27
2824	32689	11.58
2825	31839	11.27
2826	31877	11.28
2827	31871	11.27
2828	31879	11.27
2829	32959	11.65
2830	31898	11.27
2831	35399	12.50
2832	31934	11.28
2833	31948	11.28
2834	32082	11.32
2835	32735	11.55
2836	31952	11.27
2837	31986	11.27
2838	32826	11.57
2839	32074	11.30
2840	31983	11.26
2841	32028	11.27
2842	32032	11.27
2843	32856	11.56
2844	32072	11.28
2845	32164	11.31
2846	32100	11.28
2847	32109	11.28
2848	32095	11.27
2849	32131	11.28
2850	32215	11.30
2851	32130	11.27
2852	32155	11.27
2853	32147	11.27
2854	32156	11.27
2855	32299	11.31
2856	32284	11.30
2857	32207	11.27
2858	32235	11.28
2859	32257	11.28
2860	32196	11.26
2861	32291	11.29
2862	32266	11.27
2863	32274	11.27
2864	32305	11.28
2865	32315	11.28
2866	32362	11.29
2867	32331	11.28
2868	32360	11.28
2869	32352	11.28
2870	32393	11.29
2871	32363	11.27
2872	32417	11.29
2873	32392	11.27
2874	32415	11.28
2875	35190	12.24
2876	32436	11.28
2877	32455	11.28
2878	32452	11.28
2879	32459	11.27
2880	32418	11.26
2881	32477	11.27
2882	32515	11.28
2883	32491	11.27
2884	32510	11.27
2885	32532	11.28
2886	32529	11.27
2887	32548	11.27
2888	33690	11.67
2889	32572	11.27
2890	32582	11.27
2891	32592	11.27
2892	32620	11.28
2893	36405	12.58
2894	32650	11.28
2895	32651	11.28
2896	32675	11.28
2897	32667	11.28
2898	32847	11.33
2899	32679	11.27
2900	33382	11.51
2901	32691	11.27
2902	32719	11.27
2903	32790	11.30
2904	32753	11.28
2905	32759	11.28
2906	32776	11.28
2907	32782	11.28
2908	32804	11.28
2909	32889	11.31
2910	32835	11.28
2911	32841	11.28
2912	32837	11.28
2913	32865	11.28
2914	32935	11.30
2915	32876	11.28
2916	32882	11.28
2917	32881	11.27
2918	35290	12.09
2919	33049	11.32
2920	32878	11.26
2921	32935	11.28
2922	32948	11.28
2923	32979	11.28
2924	33098	11.32
2925	32983	11.28
2926	33733	11.53
2927	35994	12.30
2928	34320	11.72
2929	33042	11.28
2930	33049	11.28
2931	33041	11.27
2932	33045	11.27
2933	33098	11.28
2934	33110	11.28
2935	33112	11.28
2936	33141	11.29
2937	34307	11.68
2938	33112	11.27
2939	33143	11.28
2940	33115	11.26
2941	33157	11.27
2942	33190	11.28
2943	33187	11.28
2944	33187	11.27
2945	33270	11.30
2946	33218	11.28
2947	33232	11.28
2948	34076	11.56
2949	33262	11.28
2950	35720	12.11
2951	33285	11.28
2952	33280	11.27
2953	33311	11.28
2954	33325	11.28
2955	33400	11.30
2956	33341	11.28
2957	33343	11.28
2958	33351	11.27
2959	33383	11.28
2960	33340	11.26
2961	33480	11.31
2962	33430	11.29
2963	33428	11.28
2964	34295	11.57
2965	33470	11.29
2966	33538	11.31
2967	33466	11.28
2968	33475	11.28
2969	35074	11.81
2970	33509	11.28
2971	33601	11.31
2972	33542	11.29
2973	33527	11.28
2974	33567	11.29
2975	34421	11.57
2976	33569	11.28
2977	33561	11.27
2978	33579	11.28
2979	33600	11.28
2980	33548	11.26
2981	33665	11.29
2982	36167	12.13
2983	33631	11.27
2984	33643	11.27
2985	33673	11.28
2986	33747	11.30
2987	33693	11.28
2988	33719	11.28
2989	33718	11.28
2990	33742	11.28
2991	33721	11.27
2992	33747	11.28
2993	33772	11.28
2994	33795	11.29
2995	33790	11.28
2996	33801	11.28
2997	33871	11.30
2998	33812	11.28
2999	33809	11.27
3000	33527	11.18
3001	33803	11.26
3002	33922	11.30
3003	34589	11.52
3004	33895	11.28
3005	33905	11.28
3006	33909	11.28
3007	33900	11.27
3008	33929	11.28
3009	33925	11.27
3010	33933	11.27
3011	33951	11.28
3012	34050	11.30
3013	33979	11.28
3014	33997	11.28
3015	34002	11.28
3016	34006	11.28
3017	38720	12.83
3018	34043	11.28
3019	34038	11.27
3020	34000	11.26
3021	36157	11.97
3022	36109	11.95
3023	34087	11.28
3024	34087	11.27
3025	34042	11.25
3026	34118	11.27
3027	34206	11.30
3028	34160	11.28
3029	34152	11.28
3030	34174	11.28
3031	36850	12.16
3032	34205	11.28
3033	34211	11.28
3034	36836	12.14
3035	35078	11.56
3036	34238	11.28
3037	35232	11.60
3038	34265	11.28
3039	34262	11.27
3040	34236	11.26
3041	34281	11.27
3042	38838	12.77
3043	35387	11.63
3044	35883	11.79
3045	34330	11.27
3046	34357	11.28
3047	34364	11.28
3048	34353	11.27
3049	34385	11.28
3050	34403	11.28
3051	34409	11.28
3052	34398	11.27
3053	34415	11.27
3054	34430	11.27
3055	34444	11.27
3056	34471	11.28
3057	34543	11.30
3058	34506	11.28
3059	34507	11.28
3060	35177	11.50
3061	34502	11.27
3062	34540	11.28
3063	34545	11.28
3064	34554	11.28
3065	34571	11.28
3066	34562	11.27
3067	34656	11.30
3068	34585	11.27
3069	34622	11.28
3070	34616	11.28
3071	34659	11.29
3072	34670	11.29
3073	34635	11.27
3074	34678	11.28
3075	34695	11.28
3076	34746	11.30
3077	34805	11.31
3078	34736	11.29
3079	34747	11.29
3080	34686	11.26
3081	34749	11.28
3082	34829	11.30
3083	34771	11.28
3084	34747	11.27
3085	35663	11.56
3086	34827	11.29
3087	34878	11.30
3088	34835	11.28
3089	35573	11.52
3090	34835	11.27
3091	34877	11.28
3092	34938	11.30
3093	34871	11.27
3094	34867	11.27
3095	37171	12.01
3096	34905	11.27
3097	34994	11.30
3098	34934	11.28
3099	34961	11.28
3100	34898	11.26
3101	35814	11.55
3102	35054	11.30
3103	34986	11.27
3104	34987	11.27
3105	35004	11.27
3106	35031	11.28
3107	36720	11.82
3108	35055	11.28
3109	38179	12.28
3110	38641	12.42
3111	35135	11.29
3112	35077	11.27
3113	35098	11.27
3114	35123	11.28
3115	35121	11.27
3116	39034	12.53
3117	37788	12.12
3118	35149	11.27
3119	35157	11.27
3120	35894	11.50
3121	41157	13.19
3122	35220	11.28
3123	35213	11.28
3124	35240	11.28
3125	35087	11.23
3126	35322	11.30
3127	35273	11.28
3128	35284	11.28
3129	36130	11.55
3130	35293	11.28
3131	35306	11.28
3132	35331	11.28
3133	35340	11.28
3134	35342	11.28
3135	35379	11.29
3136	35421	11.29
3137	35363	11.27
3138	35381	11.28
3139	35400	11.28
3140	36353	11.58
3141	35442	11.28
3142	35422	11.27
3143	35442	11.28
3144	35481	11.29
3145	37083	11.79
3146	35504	11.29
3147	35476	11.27
3148	35523	11.28
3149	35519	11.28
3150	35591	11.30
3151	35536	11.28
3152	35536	11.27
3153	35552	11.28
3154	35568	11.28
3155	36301	11.51
3156	36475	11.56
3157	35641	11.29
3158	35639	11.29
3159	35630	11.28
3160	35655	11.28
3161	35651	11.28
3162	35674	11.28
3163	35677	11.28
3164	35703	11.28
3165	35757	11.30
3166	35719	11.28
3167	35714	11.28
3168	35741	11.28
3169	35748	11.28
3170	35824	11.30
3171	35766	11.28
3172	35770	11.28
3173	35786	11.28
3174	35868	11.30
3175	35826	11.28
3176	35849	11.29
3177	35852	11.28
3178	35864	11.29
3179	35973	11.32
3180	35820	11.26
3181	35875	11.28
3182	35886	11.28
3183	35925	11.29
3184	37798	11.87
3185	35923	11.28
3186	35935	11.28
3187	35929	11.27
3188	35950	11.28
3189	38419	12.05
3190	35986	11.28
3191	35994	11.28
3192	36000	11.28
3193	36006	11.28
3194	36100	11.30
3195	36033	11.28
3196	36057	11.28
3197	36058	11.28
3198	36125	11.30
3199	39221	12.26
3200	35981	11.24
3201	36020	11.25
3202	36103	11.28
3203	36175	11.29
3204	36125	11.27
3205	36127	11.27
3206	36164	11.28
3207	36156	11.27
3208	36222	11.29
3209	36185	11.28
3210	36185	11.27
3211	36203	11.27
3212	36222	11.28
3213	36298	11.30
3214	36264	11.28
3215	36260	11.28
3216	41024	12.76
3217	36423	11.32
3218	36281	11.27
3219	36293	11.27
3220	36253	11.26
3221	36293	11.27
3222	36404	11.30
3223	37223	11.55
3224	37828	11.73
3225	38840	12.04
3226	39305	12.18
3227	36481	11.30
3228	36396	11.28
3229	36430	11.28
3230	36423	11.28
3231	36445	11.28
3232	36438	11.27
3233	37333	11.55
3234	39848	12.32
3235	36481	11.28
3236	36479	11.27
3237	36526	11.28
3238	36513	11.28
3239	36519	11.27
3240	36490	11.26
3241	36598	11.29
3242	36572	11.28
3243	36557	11.27
3244	37838	11.66
3245	36597	11.28
3246	36681	11.30
3247	36607	11.27
3248	36620	11.27
3249	36646	11.28
3250	36555	11.25
3251	36636	11.27
3252	36659	11.27
3253	36697	11.28
3254	36692	11.28
3255	36784	11.30
3256	36714	11.28
3257	36754	11.28
3258	36762	11.28
3259	36743	11.27
3260	36814	11.29
3261	36756	11.27
3262	36769	11.27
3263	36779	11.27
3264	36778	11.27
3265	36881	11.30
3266	36830	11.28
3267	36840	11.28
3268	36866	11.28
3269	36886	11.28
3270	36871	11.28
3271	36882	11.28
3272	36881	11.27
3273	36923	11.28
3274	38577	11.78
3275	37720	11.52
3276	37784	11.53
3277	36947	11.27
3278	36974	11.28
3279	36981	11.28
3280	36944	11.26
3281	37746	11.50
3282	37002	11.27
3283	37122	11.31
3284	37035	11.28
3285	37053	11.28
3286	37040	11.27
3287	37085	11.28
3288	37142	11.30
3289	37080	11.27
3290	37141	11.29
3291	37083	11.27
3292	37143	11.28
3293	37212	11.30
3294	37139	11.27
3295	37180	11.28
3296	37155	11.27
3297	37274	11.31
3298	37183	11.27
3299	37202	11.28
3300	37171	11.26
3301	37207	11.27
3302	37295	11.29
3303	37257	11.28
3304	37233	11.27
3305	37287	11.28
3306	37267	11.27
3307	37379	11.30
3308	37288	11.27
3309	37272	11.26
3310	37357	11.29
3311	37400	11.30
3312	37306	11.26
3313	37378	11.28
3314	37362	11.27
3315	37326	11.26
3316	39930	12.04
3317	37436	11.29
3318	38296	11.54
3319	40821	12.30
3320	37401	11.27
3321	37487	11.29
3322	37484	11.28
3323	37473	11.28
3324	37457	11.27
3325	39228	11.80
3326	37438	11.26
3327	39376	11.84
3328	38649	11.61
3329	37632	11.30
3330	37594	11.29
3331	37608	11.29
3332	37614	11.29
3333	38368	11.51
3334	37746	11.32
3335	37623	11.28
3336	37646	11.28
3337	37671	11.29
3338	37671	11.29
3339	37724	11.30
3340	38460	11.51
3341	37585	11.25
3342	37612	11.25
3343	37738	11.29
3344	37721	11.28
3345	37751	11.29
3346	37780	11.29
3347	37699	11.26
3348	37799	11.29
3349	37756	11.27
3350	37819	11.29
3351	37785	11.28
3352	37827	11.28
3353	37828	11.28
3354	37882	11.29
3355	37779	11.26
3356	37849	11.28
3357	37893	11.29
3358	37815	11.26
3359	37926	11.29
3360	38456	11.45
3361	37942	11.29
3362	37967	11.29
3363	37891	11.27
3364	37975	11.29
3365	37935	11.27
3366	38000	11.29
3367	37967	11.28
3368	38013	11.29
3369	37980	11.27
3370	38045	11.29
3371	38054	11.29
3372	38055	11.29
3373	38043	11.28
3374	38051	11.28
3375	40073	11.87
3376	37968	11.25
3377	38080	11.28
3378	38085	11.27
3379	38083	11.27
3380	41140	12.17
3381	38131	11.28
3382	38127	11.27
3383	38130	11.27
3384	38231	11.30
3385	38189	11.28
3386	38172	11.27
3387	38203	11.28
3388	38230	11.28
3389	38237	11.28
3390	38240	11.28
3391	38228	11.27
3392	38265	11.28
3393	38332	11.30
3394	38285	11.28
3395	38295	11.28
3396	38301	11.28
3397	38329	11.28
3398	38382	11.30
3399	38322	11.27
3400	38266	11.25
3401	38339	11.27
3402	38450	11.30
3403	38361	11.27
3404	38395	11.28
3405	38409	11.28
3406	38399	11.27
3407	38501	11.30
3408	38444	11.28
3409	38464	11.28
3410	39195	11.49
3411	38482	11.28
3412	38490	11.28
3413	38502	11.28
3414	38524	11.28
3415	41809	12.24
3416	38580	11.29
3417	38521	11.27
3418	38591	11.29
3419	39526	11.56
3420	38603	11.29
3421	38577	11.28
3422	39639	11.58
3423	38586	11.27
3424	38636	11.28
3425	39369	11.49
3426	38621	11.27
3427	41664	12.16
3428	38650	11.27
3429	38699	11.29
3430	38697	11.28
3431	38712	11.28
3432	38726	11.28
3433	39723	11.57
3434	38722	11.28
3435	38755	11.28
3436	38746	11.28
3437	42401	12.34
3438	38837	11.30
3439	38799	11.28
3440	38766	11.27
3441	38806	11.28
3442	38849	11.29
3443	39741	11.54
3444	38851	11.28
3445	38885	11.29
3446	41152	11.94
3447	38975	11.31
3448	38890	11.28
3449	38918	11.28
3450	38909	11.28
3451	38954	11.29
3452	38947	11.28
3453	38961	11.28
3454	38967	11.28
3455	39000	11.29
3456	39063	11.30
3457	39002	11.28
3458	39033	11.29
3459	39014	11.28
3460	39052	11.29
3461	39033	11.28
3462	39085	11.29
3463	39067	11.28
3464	39080	11.28
3465	39149	11.30
3466	39108	11.28
3467	41738	12.04
3468	39143	11.29
3469	39210	11.30
3470	39155	11.28
3471	39163	11.28
3472	39171	11.28
3473	39196	11.29
3474	39203	11.28
3475	39207	11.28
3476	39218	11.28
3477	39241	11.29
3478	39310	11.30
3479	39270	11.29
3480	39205	11.27
3481	39244	11.27
3482	39283	11.28
3483	39290	11.28
3484	39329	11.29
3485	39314	11.28
3486	39339	11.28
3487	39328	11.28
3488	39345	11.28
3489	39369	11.28
3490	39379	11.28
3491	39462	11.30
3492	39361	11.27
3493	39408	11.28
3494	39409	11.28
3495	39509	11.30
3496	39422	11.28
3497	39461	11.28
3498	39461	11.28
3499	39478	11.28
3500	39306	11.23
3501	39471	11.27
3502	39484	11.27
3503	39509	11.28
3504	39578	11.30
3505	39532	11.28
3506	39543	11.28
3507	39562	11.28
3508	39536	11.27
3509	39584	11.28
3510	39610	11.28
3511	39603	11.28
3512	39599	11.28
3513	40561	11.55
3514	39628	11.28
3515	41986	11.94
3516	49408	14.05
3517	39740	11.30
3518	39667	11.28
3519	39700	11.28
3520	39655	11.27
3521	42286	12.01
3522	41758	11.86
3523	39721	11.27
3524	39763	11.28
3525	39768	11.28
3526	39848	11.30
3527	39777	11.28
3528	39800	11.28
3529	40888	11.59
3530	40647	11.51
3531	39798	11.27
3532	39851	11.28
3533	39861	11.28
3534	39863	11.28
3535	39881	11.28
3536	39883	11.28
3537	39918	11.29
3538	39929	11.29
3539	40959	11.57
3540	39858	11.26
3541	39944	11.28
3542	39953	11.28
3543	39972	11.28
3544	39987	11.28
3545	39989	11.28
3546	39997	11.28
3547	40078	11.30
3548	40009	11.28
3549	40024	11.28
3550	40057	11.28
3551	40034	11.27
3552	41427	11.66
3553	40102	11.29
3554	40084	11.28
3555	40093	11.28
3556	40979	11.52
3557	40109	11.28
3558	40148	11.28
3559	40148	11.28
3560	40176	11.29
3561	40170	11.28
3562	40164	11.28
3563	40245	11.30
3564	40178	11.27
3565	40253	11.29
3566	40234	11.28
3567	40234	11.28
3568	40262	11.28
3569	40344	11.30
3570	40263	11.28
3571	40268	11.28
3572	40269	11.27
3573	40375	11.30
3574	40339	11.29
3575	40363	11.29
3576	40349	11.28
3577	40366	11.28
3578	40372	11.28
3579	40366	11.28
3580	40311	11.26
3581	40397	11.28
3582	40480	11.30
3583	40421	11.28
3584	40437	11.28
3585	40445	11.28
3586	40455	11.28
3587	40477	11.28
3588	40490	11.28
3589	40495	11.28
3590	40572	11.30
3591	40512	11.28
3592	40516	11.28
3593	40528	11.28
3594	40556	11.28
3595	41705	11.60
3596	40563	11.28
3597	40567	11.28
3598	40592	11.28
3599	42801	11.89
3600	42224	11.73
3601	40555	11.26
3602	40618	11.28
3603	40661	11.29
3604	40648	11.28
3605	40679	11.28
3606	40671	11.28
3607	40744	11.30
3608	40696	11.28
3609	40697	11.28
3610	40699	11.27
3611	40741	11.28
3612	40805	11.30
3613	40760	11.28
3614	43931	12.16
3615	40776	11.28
3616	40840	11.29
3617	40824	11.29
3618	40792	11.27
3619	40815	11.28
3620	40866	11.29
3621	43595	12.04
3622	41836	11.55
3623	40874	11.28
3624	40881	11.28
3625	40839	11.27
3626	40879	11.27
3627	40900	11.28
3628	41008	11.30
3629	40934	11.28
3630	40942	11.28
3631	40937	11.27
3632	40953	11.28
3633	40994	11.28
3634	41015	11.29
3635	42004	11.56
3636	41059	11.29
3637	41106	11.30
3638	41058	11.29
3639	41056	11.28
3640	40983	11.26
3641	41110	11.29
3642	41076	11.28
3643	42007	11.53
3644	41079	11.27
3645	41214	11.31
3646	41971	11.51
3647	41145	11.28
3648	41174	11.29
3649	41254	11.31
3650	41198	11.29
3651	42163	11.55
3652	41185	11.28
3653	41287	11.30
3654	41211	11.28
3655	41229	11.28
3656	41242	11.28
3657	41267	11.28
3658	41331	11.30
3659	41287	11.28
3660	41228	11.26
3661	41283	11.28
3662	43786	11.96
3663	41335	11.28
3664	41326	11.28
3665	41350	11.28
3666	41431	11.30
3667	41365	11.28
3668	41399	11.29
3669	42136	11.48
3670	41486	11.30
3671	41402	11.28
3672	41420	11.28
3673	41417	11.28
3674	41495	11.29
3675	41472	11.28
3676	41484	11.29
3677	41493	11.28
3678	41499	11.28
3679	41560	11.30
3680	41468	11.27
3681	41487	11.27
3682	41531	11.28
3683	41609	11.30
3684	41542	11.28
3685	41589	11.29
3686	41591	11.28
3687	41664	11.30
3688	41607	11.28
3689	41618	11.28
3690	41626	11.28
3691	42536	11.52
3692	43354	11.74
3693	41621	11.27
3694	41648	11.27
3695	41644	11.27
3696	41672	11.27
3697	41645	11.26
3698	41686	11.27
3699	41685	11.27
3700	41702	11.27
3701	41635	11.25
3702	41688	11.26
3703	41713	11.26
3704	41719	11.26
3705	41733	11.26
3706	41774	11.27
3707	41756	11.26
3708	41852	11.29
3709	41793	11.27
3710	41814	11.27
3711	41833	11.27
3712	43639	11.76
3713	41833	11.27
3714	45156	12.16
3715	41842	11.26
3716	41867	11.27
3717	41889	11.27
3718	42762	11.50
3719	48045	12.92
3720	47604	12.80
3721	41921	11.27
3722	41964	11.27
3723	41959	11.27
3724	45032	12.09
3725	41974	11.27
3726	43572	11.69
3727	41995	11.27
3728	44666	11.98
3729	42023	11.27
3730	42033	11.27
3731	42760	11.46
3732	42119	11.29
3733	42064	11.27
3734	42071	11.27
3735	42089	11.27
3736	42178	11.29
3737	42107	11.27
3738	42121	11.27
3739	42143	11.27
3740	42160	11.27
3741	42129	11.26
3742	42156	11.27
3743	42178	11.27
3744	42218	11.28
3745	42218	11.27
3746	42215	11.27
3747	42212	11.27
3748	42276	11.28
3749	42213	11.26
3750	41906	11.17
3751	42215	11.25
3752	43009	11.46
3753	42238	11.25
3754	42308	11.27
3755	42301	11.27
3756	42401	11.29
3757	42350	11.27
3758	42321	11.26
3759	42365	11.27
3760	42306	11.25
3761	42364	11.26
3762	42380	11.27
3763	42382	11.26
3764	42414	11.27
3765	43148	11.46
3766	42415	11.26
3767	42442	11.27
3768	42440	11.26
3769	42518	11.28
3770	42482	11.27
3771	42475	11.26
3772	42510	11.27
3773	42557	11.28
3774	42503	11.26
3775	42532	11.27
3776	42500	11.26
3777	42627	11.29
3778	42553	11.26
3779	42573	11.27
3780	42525	11.25
3781	42651	11.28
3782	42582	11.26
3783	42606	11.26
3784	42631	11.27
3785	42708	11.28
3786	42627	11.26
3787	42668	11.27
3788	42666	11.26
3789	42695	11.27
3790	42692	11.26
3791	42715	11.27
3792	42716	11.26
3793	42734	11.27
3794	42743	11.27
3795	42755	11.27
3796	42759	11.26
3797	42855	11.29
3798	42772	11.26
3799	42794	11.26
3800	42742	11.25
3801	42865	11.28
3802	42824	11.26
3803	42824	11.26
3804	42860	11.27
3805	42919	11.28
3806	42870	11.26
3807	42884	11.26
3808	42883	11.26
3809	42955	11.28
3810	45376	11.91
3811	42922	11.26
3812	43799	11.49
3813	45289	11.88
3814	42968	11.27
3815	42984	11.27
3816	42979	11.26
3817	43079	11.29
3818	43027	11.27
3819	44192	11.57
3820	43831	11.47
3821	46460	12.16
3822	43056	11.27
3823	43082	11.27
3824	43075	11.26
3825	43101	11.27
3826	44266	11.57
3827	43832	11.45
3828	43126	11.27
3829	43132	11.26
3830	43140	11.26
3831	44984	11.74
3832	44745	11.68
3833	43203	11.27
3834	43191	11.27
3835	43201	11.26
3836	43199	11.26
3837	43232	11.27
3838	43237	11.27
3839	44300	11.54
3840	43283	11.27
3841	43277	11.27
3842	43271	11.26
3843	44128	11.48
3844	43373	11.28
3845	43328	11.27
3846	43328	11.27
3847	43342	11.27
3848	43368	11.27
3849	43344	11.26
3850	44403	11.53
3851	45820	11.90
3852	43427	11.27
3853	43403	11.26
3854	44299	11.49
3855	43432	11.27
3856	43510	11.28
3857	43467	11.27
3858	43458	11.26
3859	43501	11.27
3860	43485	11.27
3861	43460	11.26
3862	43518	11.27
3863	43518	11.27
3864	45869	11.87
3865	43536	11.26
3866	43539	11.26
3867	43554	11.26
3868	43658	11.29
3869	43610	11.27
3870	43609	11.27
3871	43620	11.27
3872	43730	11.29
3873	43649	11.27
3874	43659	11.27
3875	43589	11.25
3876	43726	11.28
3877	43671	11.26
3878	43673	11.26
3879	43684	11.26
3880	43698	11.26
3881	43708	11.26
3882	43724	11.26
3883	43738	11.26
3884	43840	11.29
3885	43736	11.26
3886	43788	11.27
3887	43774	11.26
3888	43880	11.29
3889	43794	11.26
3890	43813	11.26
3891	44678	11.48
3892	43839	11.26
3893	43858	11.27
3894	43873	11.27
3895	43871	11.26
3896	43939	11.28
3897	43912	11.27
3898	43910	11.26
3899	43977	11.28
3900	44728	11.47
3901	43915	11.26
3902	43957	11.27
3903	44028	11.28
3904	43969	11.26
3905	43990	11.27
3906	43996	11.26
3907	44080	11.28
3908	43998	11.26
3909	44028	11.26
3910	44027	11.26
3911	44129	11.28
3912	44077	11.27
3913	46438	11.87
3914	44092	11.27
3915	44153	11.28
3916	44124	11.27
3917	46247	11.81
3918	47084	12.02
3919	44224	11.28
3920	44118	11.25
3921	44187	11.27
3922	44211	11.27
3923	44270	11.28
3924	45932	11.71
3925	44205	11.26
3926	44246	11.27
3927	44301	11.28
3928	44265	11.27
3929	44306	11.28
3930	44286	11.27
3931	46222	11.76
3932	44302	11.27
3933	44321	11.27
3934	44330	11.27
3935	44335	11.27
3936	44365	11.27
3937	44355	11.27
3938	44463	11.29
3939	44382	11.27
3940	44344	11.25
3941	44388	11.26
3942	44414	11.27
3943	44410	11.26
3944	44456	11.27
3945	44458	11.27
3946	44481	11.27
3947	44446	11.26
3948	44451	11.26
3949	44480	11.26
3950	44495	11.26
3951	44466	11.25
3952	44514	11.26
3953	44490	11.25
3954	44609	11.28
3955	44531	11.26
3956	44562	11.26
3957	46921	11.86
3958	44583	11.26
3959	47023	11.88
3960	45299	11.44
3961	44611	11.26
3962	46272	11.68
3963	44826	11.31
3964	45186	11.40
3965	45175	11.39
3966	45181	11.39
3967	45102	11.37
3968	44727	11.27
3969	44757	11.28
3970	45632	11.49
3971	44795	11.28
3972	44815	11.28
3973	44792	11.27
3974	44814	11.28
3975	44912	11.30
3976	44848	11.28
3977	44868	11.28
3978	44854	11.28
3979	44980	11.30
3980	44848	11.27
3981	44904	11.28
3982	44907	11.28
3983	44944	11.28
3984	44925	11.28
3985	44993	11.29
3986	45058	11.30
3987	44916	11.27
3988	46711	11.71
3989	44977	11.28
3990	44996	11.28
3991	44992	11.27
3992	45082	11.29
3993	45067	11.29
3994	45106	11.29
3995	45033	11.27
3996	45038	11.27
3997	45058	11.27
3998	45174	11.30
3999	45066	11.27
4000	45458	11.36
