N	Total Time	Average CPE
1	129	129.00
2	120	60.00
3	131	43.67
4	141	35.25
5	155	31.00
6	169	28.17
7	177	25.29
8	186	23.25
9	198	22.00
10	209	20.90
11	219	19.91
12	227	18.92
13	234	18.00
14	243	17.36
15	294	19.60
16	291	18.19
17	560	32.94
18	551	30.61
19	551	29.00
20	549	27.45
21	566	26.95
22	575	26.14
23	587	25.52
24	595	24.79
25	606	24.24
26	614	23.62
27	620	22.96
28	636	22.71
29	644	22.21
30	676	22.53
31	686	22.13
32	702	21.94
33	1026	31.09
34	1033	30.38
35	1142	32.63
36	1440	40.00
37	1170	31.62
38	4806	126.47
39	1943	49.82
40	1045	26.12
41	1160	28.29
42	1156	27.52
43	1163	27.05
44	1178	26.77
45	1189	26.42
46	1234	26.83
47	1231	26.19
48	1262	26.29
49	1243	25.37
50	1257	25.14
51	1263	24.76
52	1291	24.83
53	1294	24.42
54	1298	24.04
55	1317	23.95
56	1322	23.61
57	1353	23.74
58	1351	23.29
59	1369	23.20
60	1413	23.55
61	1374	22.52
62	1389	22.40
63	1410	22.38
64	1433	22.39
65	1809	27.83
66	1788	27.09
67	1780	26.57
68	1808	26.59
69	1805	26.16
70	1839	26.27
71	1833	25.82
72	1837	25.51
73	1827	25.03
74	1828	24.70
75	1846	24.61
76	1850	24.34
77	1870	24.29
78	1907	24.45
79	1919	24.29
80	1921	24.01
81	1943	23.99
82	1941	23.67
83	1963	23.65
84	1967	23.42
85	1973	23.21
86	2180	25.35
87	2005	23.05
88	2014	22.89
89	2017	22.66
90	2037	22.63
91	2055	22.58
92	2061	22.40
93	2074	22.30
94	2077	22.10
95	2080	21.89
96	2096	21.83
97	2133	21.99
98	2159	22.03
99	2198	22.20
100	2181	21.81
101	2186	21.64
102	2222	21.78
103	2204	21.40
104	2206	21.21
105	2244	21.37
106	2312	21.81
107	2262	21.14
108	2700	25.00
109	2241	20.56
110	2845	25.86
111	2770	24.95
112	3378	30.16
113	2285	20.22
114	2223	19.50
115	2242	19.50
116	2251	19.41
117	2272	19.42
118	2246	19.03
119	2299	19.32
120	2441	20.34
121	2296	18.98
122	2307	18.91
123	2325	18.90
124	2350	18.95
125	2345	18.76
126	2355	18.69
127	2385	18.78
128	2370	18.52
129	6566	50.90
130	2659	20.45
131	2662	20.32
132	2665	20.19
133	2671	20.08
134	2688	20.06
135	4875	36.11
136	2726	20.04
137	2715	19.82
138	2725	19.75
139	2739	19.71
140	2753	19.66
141	2792	19.80
142	2801	19.73
143	2813	19.67
144	2825	19.62
145	2833	19.54
146	2850	19.52
147	2842	19.33
148	2874	19.42
149	2869	19.26
150	2883	19.22
151	2882	19.09
152	2896	19.05
153	2917	19.07
154	2941	19.10
155	2957	19.08
156	2951	18.92
157	2954	18.82
158	3149	19.93
159	4596	28.91
160	3900	24.38
161	3907	24.27
162	3204	19.78
163	3459	21.22
164	3731	22.75
165	3324	20.15
166	3586	21.60
167	3096	18.54
168	3073	18.29
169	3088	18.27
170	3081	18.12
171	3106	18.16
172	3110	18.08
173	3130	18.09
174	3136	18.02
175	3150	18.00
176	3164	17.98
177	3188	18.01
178	3172	17.82
179	3216	17.97
180	3232	17.96
181	3428	18.94
182	3242	17.81
183	3261	17.82
184	3251	17.67
185	3267	17.66
186	3274	17.60
187	3284	17.56
188	3297	17.54
189	3312	17.52
190	3326	17.51
191	3356	17.57
192	3359	17.49
193	3341	17.31
194	3364	17.34
195	3387	17.37
196	3413	17.41
197	3463	17.58
198	3509	17.72
199	3537	17.77
200	3572	17.86
201	3536	17.59
202	3535	17.50
203	3539	17.43
204	3564	17.47
205	3561	17.37
206	3588	17.42
207	3577	17.28
208	3589	17.25
209	3607	17.26
210	3864	18.40
211	3641	17.26
212	3639	17.17
213	3653	17.15
214	3662	17.11
215	3682	17.13
216	3683	17.05
217	4903	22.59
218	6802	31.20
219	4882	22.29
220	5439	24.72
221	5723	25.90
222	5644	25.42
223	6451	28.93
224	7345	32.79
225	4196	18.65
226	6579	29.11
227	5588	24.62
228	4611	20.22
229	3891	16.99
230	3912	17.01
231	5127	22.19
232	5789	24.95
233	6270	26.91
234	6311	26.97
235	6296	26.79
236	6201	26.28
237	6101	25.74
238	6379	26.80
239	6121	25.61
240	6203	25.85
241	6051	25.11
242	6402	26.45
243	6376	26.24
244	6585	26.99
245	6567	26.80
246	6657	27.06
247	6661	26.97
248	6724	27.11
249	6740	27.07
250	6676	26.70
251	6713	26.75
252	6903	27.39
253	6804	26.89
254	6772	26.66
255	7034	27.58
256	6720	26.25
257	7455	29.01
258	8224	31.88
259	4802	18.54
260	7332	28.20
261	7117	27.27
262	7277	27.77
263	7278	27.67
264	7264	27.52
265	5984	22.58
266	4570	17.18
267	6149	23.03
268	8357	31.18
269	4503	16.74
270	4650	17.22
271	4543	16.76
272	4555	16.75
273	4619	16.92
274	4745	17.32
275	5128	18.65
276	6461	23.41
277	4761	17.19
278	4693	16.88
279	4709	16.88
280	6363	22.73
281	4874	17.35
282	7499	26.59
283	7371	26.05
284	8670	30.53
285	7606	26.69
286	7621	26.65
287	7809	27.21
288	12204	42.38
289	7986	27.63
290	7317	25.23
291	8666	29.78
292	5344	18.30
293	4823	16.46
294	4847	16.49
295	7102	24.07
296	5285	17.85
297	6214	20.92
298	4918	16.50
299	4945	16.54
300	5612	18.71
301	6392	21.24
302	7295	24.16
303	7019	23.17
304	6397	21.04
305	5051	16.56
306	5117	16.72
307	5088	16.57
308	6179	20.06
309	7643	24.73
310	7066	22.79
311	6007	19.32
312	6840	21.92
313	6838	21.85
314	5071	16.15
315	5215	16.56
316	5095	16.12
317	5519	17.41
318	8001	25.16
319	7349	23.04
320	7720	24.12
321	6375	19.86
322	5320	16.52
323	6446	19.96
324	5411	16.70
325	6154	18.94
326	7649	23.46
327	8506	26.01
328	8470	25.82
329	8441	25.66
330	8472	25.67
331	8552	25.84
332	8488	25.57
333	8122	24.39
334	8036	24.06
335	8250	24.63
336	8511	25.33
337	8620	25.58
338	8876	26.26
339	8643	25.50
340	8387	24.67
341	8476	24.86
342	8302	24.27
343	14323	41.76
344	6235	18.12
345	5445	15.78
346	5460	15.78
347	5467	15.76
348	5479	15.74
349	5547	15.89
350	5603	16.01
351	7245	20.64
352	7810	22.19
353	7618	21.58
354	8123	22.95
355	5524	15.56
356	6145	17.26
357	6657	18.65
358	9260	25.87
359	6304	17.56
360	5877	16.32
361	9194	25.47
362	8129	22.46
363	8299	22.86
364	8565	23.53
365	8989	24.63
366	8859	24.20
367	9149	24.93
368	8237	22.38
369	5853	15.86
370	5981	16.16
371	5818	15.68
372	5893	15.84
373	5917	15.86
374	5950	15.91
375	5909	15.76
376	7456	19.83
377	9604	25.47
378	7191	19.02
379	5784	15.26
380	6505	17.12
381	7054	18.51
382	5800	15.18
383	6028	15.74
384	6873	17.90
385	5948	15.45
386	6678	17.30
387	5899	15.24
388	5901	15.21
389	5913	15.20
390	5919	15.18
391	5950	15.22
392	8099	20.66
393	6134	15.61
394	6310	16.02
395	6572	16.64
396	6434	16.25
397	6489	16.35
398	6074	15.26
399	6081	15.24
400	6553	16.38
401	6034	15.05
402	6059	15.07
403	6074	15.07
404	6170	15.27
405	6075	15.00
406	6097	15.02
407	6149	15.11
408	6169	15.12
409	6183	15.12
410	6179	15.07
411	6211	15.11
412	6259	15.19
413	6207	15.03
414	6202	14.98
415	6251	15.06
416	6228	14.97
417	6244	14.97
418	6317	15.11
419	6282	14.99
420	6267	14.92
421	6315	15.00
422	6308	14.95
423	6302	14.90
424	6296	14.85
425	6314	14.86
426	6315	14.82
427	6785	15.89
428	6466	15.11
429	6521	15.20
430	6481	15.07
431	6466	15.00
432	6526	15.11
433	6551	15.13
434	8757	20.18
435	8251	18.97
436	6566	15.06
437	7480	17.12
438	6874	15.69
439	6956	15.85
440	10242	23.28
441	9080	20.59
442	7380	16.70
443	6488	14.65
444	6436	14.50
445	6441	14.47
446	6485	14.54
447	6505	14.55
448	6530	14.58
449	6599	14.70
450	6573	14.61
451	6723	14.91
452	6602	14.61
453	6605	14.58
454	6591	14.52
455	9018	19.82
456	7198	15.79
457	9701	21.23
458	7685	16.78
459	6771	14.75
460	6781	14.74
461	6788	14.72
462	7106	15.38
463	10342	22.34
464	8959	19.31
465	7511	16.15
466	6856	14.71
467	8549	18.31
468	9366	20.01
469	6768	14.43
470	7058	15.02
471	6802	14.44
472	6823	14.46
473	6832	14.44
474	7308	15.42
475	6865	14.45
476	7614	16.00
477	6970	14.61
478	7070	14.79
479	7191	15.01
480	6999	14.58
481	7220	15.01
482	6967	14.45
483	7004	14.50
484	7005	14.47
485	6997	14.43
486	7012	14.43
487	7036	14.45
488	7052	14.45
489	7681	15.71
490	10881	22.21
491	7168	14.60
492	8993	18.28
493	7212	14.63
494	7013	14.20
495	7060	14.26
496	7045	14.20
497	7072	14.23
498	7087	14.23
499	7070	14.17
500	8608	17.22
501	7059	14.09
502	7884	15.71
503	10283	20.44
504	7307	14.50
505	7146	14.15
506	7507	14.84
507	7197	14.20
508	7357	14.48
509	7281	14.30
510	7361	14.43
511	7257	14.20
512	7380	14.41
513	11177	21.79
514	8129	15.82
515	12920	25.09
516	10139	19.65
517	10098	19.53
518	8763	16.92
519	12338	23.77
520	7690	14.79
521	9421	18.08
522	11002	21.08
523	10393	19.87
524	8558	16.33
525	8162	15.55
526	7805	14.84
527	7790	14.78
528	7810	14.79
529	7861	14.86
530	8079	15.24
531	8209	15.46
532	7895	14.84
533	7862	14.75
534	7832	14.67
535	7840	14.65
536	7919	14.77
537	7898	14.71
538	7938	14.75
539	7980	14.81
540	8231	15.24
541	8123	15.01
542	8007	14.77
543	8058	14.84
544	8024	14.75
545	10072	18.48
546	8060	14.76
547	8058	14.73
548	8066	14.72
549	8389	15.28
550	8169	14.85
551	8151	14.79
552	8188	14.83
553	8173	14.78
554	8220	14.84
555	8201	14.78
556	8231	14.80
557	8225	14.77
558	8230	14.75
559	7982	14.28
560	8553	15.27
561	8104	14.45
562	7896	14.05
563	9021	16.02
564	10821	19.19
565	7952	14.07
566	7977	14.09
567	7991	14.09
568	8018	14.12
569	8173	14.36
570	8121	14.25
571	8134	14.25
572	7994	13.98
573	7993	13.95
574	8006	13.95
575	8012	13.93
576	8034	13.95
577	8098	14.03
578	8141	14.08
579	8419	14.54
580	8168	14.08
581	8203	14.12
582	8158	14.02
583	8099	13.89
584	9268	15.87
585	11585	19.80
586	9881	16.86
587	8128	13.85
588	8124	13.82
589	8140	13.82
590	8138	13.79
591	8160	13.81
592	8170	13.80
593	8170	13.78
594	7987	13.45
595	7949	13.36
596	7959	13.35
597	7958	13.33
598	7970	13.33
599	7980	13.32
600	8089	13.48
601	7733	12.87
602	7750	12.87
603	8547	14.17
604	7993	13.23
605	8027	13.27
606	8024	13.24
607	8059	13.28
608	8123	13.36
609	9191	15.09
610	8381	13.74
611	8184	13.39
612	8898	14.54
613	8613	14.05
614	8648	14.08
615	8633	14.04
616	8349	13.55
617	8069	13.08
618	8078	13.07
619	8697	14.05
620	7985	12.88
621	7973	12.84
622	8197	13.18
623	8117	13.03
624	8393	13.45
625	8048	12.88
626	8082	12.91
627	8187	13.06
628	8218	13.09
629	8139	12.94
630	8119	12.89
631	8025	12.72
632	8794	13.91
633	8029	12.68
634	8055	12.71
635	7866	12.39
636	7875	12.38
637	7948	12.48
638	8031	12.59
639	8305	13.00
640	7971	12.45
641	7954	12.41
642	7939	12.37
643	8071	12.55
644	7939	12.33
645	8049	12.48
646	7963	12.33
647	9710	15.01
648	8334	12.86
649	8315	12.81
650	8009	12.32
651	8115	12.47
652	8010	12.29
653	8018	12.28
654	8131	12.43
655	8364	12.77
656	9436	14.38
657	9320	14.19
658	11770	17.89
659	8825	13.39
660	8118	12.30
661	8145	12.32
662	8171	12.34
663	8198	12.37
664	8220	12.38
665	8235	12.38
666	8239	12.37
667	8350	12.52
668	8219	12.30
669	8224	12.29
670	8239	12.30
671	8249	12.29
672	8492	12.64
673	8380	12.45
674	8287	12.30
675	8282	12.27
676	8291	12.26
677	9360	13.83
678	9127	13.46
679	12805	18.86
680	9897	14.55
681	8362	12.28
682	8387	12.30
683	8570	12.55
684	8601	12.57
685	8553	12.49
686	8553	12.47
687	8561	12.46
688	8575	12.46
689	8390	12.18
690	8338	12.08
691	8356	12.09
692	8373	12.10
693	8367	12.07
694	8382	12.08
695	8395	12.08
696	8458	12.15
697	8457	12.13
698	8434	12.08
699	8473	12.12
700	8467	12.10
701	8498	12.12
702	8494	12.10
703	8564	12.18
704	8587	12.20
705	8626	12.24
706	13195	18.69
707	8753	12.38
708	8499	12.00
709	8493	11.98
710	8648	12.18
711	8589	12.08
712	8580	12.05
713	10053	14.10
714	8634	12.09
715	8644	12.09
716	8642	12.07
717	8662	12.08
718	8704	12.12
719	8911	12.39
720	8792	12.21
721	8741	12.12
722	8843	12.25
723	9006	12.46
724	11829	16.34
725	8774	12.10
726	8745	12.05
727	8758	12.05
728	8776	12.05
729	8789	12.06
730	8799	12.05
731	8807	12.05
732	8818	12.05
733	8912	12.16
734	8839	12.04
735	8848	12.04
736	8902	12.10
737	8878	12.05
738	8907	12.07
739	8871	12.00
740	9534	12.88
741	8660	11.69
742	8674	11.69
743	8886	11.96
744	8653	11.63
745	8672	11.64
746	8655	11.60
747	8854	11.85
748	9678	12.94
749	9053	12.09
750	9367	12.49
751	9233	12.29
752	8715	11.59
753	8726	11.59
754	8732	11.58
755	8785	11.64
756	9407	12.44
757	9036	11.94
758	9018	11.90
759	9044	11.92
760	9045	11.90
761	9057	11.90
762	8876	11.65
763	11435	14.99
764	8974	11.75
765	9206	12.03
766	9212	12.03
767	10906	14.22
768	9671	12.59
769	9283	12.07
770	9183	11.93
771	9201	11.93
772	9136	11.83
773	9130	11.81
774	9105	11.76
775	9172	11.83
776	9122	11.76
777	9557	12.30
778	8887	11.42
779	8891	11.41
780	8925	11.44
781	9036	11.57
782	8925	11.41
783	9019	11.52
784	8952	11.42
785	10320	13.15
786	9645	12.27
787	9246	11.75
788	9389	11.91
789	9257	11.73
790	9326	11.81
791	9299	11.76
792	9294	11.73
793	9334	11.77
794	9326	11.75
795	9367	11.78
796	9408	11.82
797	9269	11.63
798	9288	11.64
799	9338	11.69
800	11342	14.18
801	9267	11.57
802	9287	11.58
803	9780	12.18
804	9541	11.87
805	9608	11.94
806	9690	12.02
807	10376	12.86
808	9483	11.74
809	9209	11.38
810	9283	11.46
811	9203	11.35
812	9272	11.42
813	9210	11.33
814	9219	11.33
815	9224	11.32
816	9234	11.32
817	9861	12.07
818	8975	10.97
819	9426	11.51
820	9267	11.30
821	9404	11.45
822	9288	11.30
823	9297	11.30
824	9304	11.29
825	9325	11.30
826	9665	11.70
827	10001	12.09
828	9560	11.55
829	9382	11.32
830	9384	11.31
831	9387	11.30
832	9487	11.40
833	10201	12.25
834	9627	11.54
835	10294	12.33
836	9537	11.41
837	11619	13.88
838	10472	12.50
839	9599	11.44
840	9635	11.47
841	9664	11.49
842	9653	11.46
843	11170	13.25
844	9680	11.47
845	9858	11.67
846	10785	12.75
847	9743	11.50
848	9849	11.61
849	9915	11.68
850	9862	11.60
851	9820	11.54
852	9891	11.61
853	10398	12.19
854	9644	11.29
855	9666	11.31
856	9670	11.30
857	9677	11.29
858	9687	11.29
859	9697	11.29
860	9708	11.29
861	9721	11.29
862	9728	11.29
863	9737	11.28
864	9783	11.32
865	9791	11.32
866	9962	11.50
867	9822	11.33
868	9812	11.30
869	10802	12.43
870	9807	11.27
871	10019	11.50
872	9840	11.28
873	10278	11.77
874	9972	11.41
875	9983	11.41
876	10006	11.42
877	11341	12.93
878	9865	11.24
879	9952	11.32
880	10705	12.16
881	9824	11.15
882	9846	11.16
883	10355	11.73
884	10100	11.43
885	10567	11.94
886	10013	11.30
887	10226	11.53
888	10214	11.50
889	10090	11.35
890	10539	11.84
891	10052	11.28
892	9992	11.20
893	10143	11.36
894	9998	11.18
895	10005	11.18
896	10051	11.22
897	10045	11.20
898	10110	11.26
899	10067	11.20
900	10118	11.24
901	9813	10.89
902	9828	10.90
903	11455	12.69
904	9962	11.02
905	9955	11.00
906	10160	11.21
907	10030	11.06
908	10812	11.91
909	10299	11.33
910	10320	11.34
911	10399	11.41
912	10623	11.65
913	12311	13.48
914	10408	11.39
915	10235	11.19
916	10229	11.17
917	10390	11.33
918	11094	12.08
919	10305	11.21
920	10321	11.22
921	10457	11.35
922	12214	13.25
923	10290	11.15
924	10282	11.13
925	10327	11.16
926	10384	11.21
927	10272	11.08
928	10272	11.07
929	10396	11.19
930	10671	11.47
931	10403	11.17
932	10433	11.19
933	10421	11.17
934	10337	11.07
935	10343	11.06
936	10348	11.06
937	10485	11.19
938	10370	11.06
939	10378	11.05
940	10522	11.19
941	11584	12.31
942	10516	11.16
943	10672	11.32
944	10620	11.25
945	10500	11.11
946	10685	11.29
947	10605	11.20
948	10450	11.02
949	10541	11.11
950	10576	11.13
951	10518	11.06
952	12952	13.61
953	10659	11.18
954	10661	11.18
955	10682	11.19
956	10703	11.20
957	12422	12.98
958	12026	12.55
959	10909	11.38
960	10554	10.99
961	10593	11.02
962	10576	10.99
963	10712	11.12
964	10585	10.98
965	11217	11.62
966	10724	11.10
967	10866	11.24
968	10677	11.03
969	10695	11.04
970	10633	10.96
971	10634	10.95
972	10649	10.96
973	10666	10.96
974	11722	12.03
975	12826	13.15
976	10810	11.08
977	10807	11.06
978	10828	11.07
979	10847	11.08
980	10856	11.08
981	10852	11.06
982	10865	11.06
983	10912	11.10
984	11637	11.83
985	10978	11.15
986	11921	12.09
987	10861	11.00
988	10869	11.00
989	11615	11.74
990	11338	11.45
991	12409	12.52
992	10994	11.08
993	11014	11.09
994	11015	11.08
995	11036	11.09
996	11059	11.10
997	11050	11.08
998	11108	11.13
999	11149	11.16
1000	11650	11.65
1001	11163	11.15
1002	11185	11.16
1003	11717	11.68
1004	11172	11.13
1005	11032	10.98
1006	11072	11.01
1007	11316	11.24
1008	10993	10.91
1009	10997	10.90
1010	11763	11.65
1011	10168	10.06
1012	10740	10.61
1013	10760	10.62
1014	11181	11.03
1015	11189	11.02
1016	11461	11.28
1017	11418	11.23
1018	11697	11.49
1019	11401	11.19
1020	11455	11.23
1021	11263	11.03
1022	11266	11.02
1023	11275	11.02
1024	11379	11.11
1025	12164	11.87
1026	11911	11.61
1027	11915	11.60
1028	11953	11.63
1029	11919	11.58
1030	11960	11.61
1031	12062	11.70
1032	12160	11.78
1033	12188	11.80
1034	12031	11.64
1035	12178	11.77
1036	12010	11.59
1037	12026	11.60
1038	12007	11.57
1039	12022	11.57
1040	12216	11.75
1041	13565	13.03
1042	11966	11.48
1043	12140	11.64
1044	11956	11.45
1045	12092	11.57
1046	12873	12.31
1047	12076	11.53
1048	12082	11.53
1049	12105	11.54
1050	12154	11.58
1051	12161	11.57
1052	14088	13.39
1053	13376	12.70
1054	12622	11.98
1055	12125	11.49
1056	12453	11.79
1057	12250	11.59
1058	12138	11.47
1059	12471	11.78
1060	12599	11.89
1061	12144	11.45
1062	12458	11.73
1063	12343	11.61
1064	12369	11.62
1065	13036	12.24
1066	12445	11.67
1067	12204	11.44
1068	12144	11.37
1069	12292	11.50
1070	13824	12.92
1071	12284	11.47
1072	12406	11.57
1073	12199	11.37
1074	12289	11.44
1075	12915	12.01
1076	12324	11.45
1077	14106	13.10
1078	13298	12.34
1079	12360	11.46
1080	12505	11.58
1081	12398	11.47
1082	12431	11.49
1083	12501	11.54
1084	13409	12.37
1085	12367	11.40
1086	12360	11.38
1087	14198	13.06
1088	13818	12.70
1089	14916	13.70
1090	12487	11.46
1091	12389	11.36
1092	12980	11.89
1093	12988	11.88
1094	12418	11.35
1095	12417	11.34
1096	12553	11.45
1097	12596	11.48
1098	12525	11.41
1099	12486	11.36
1100	12518	11.38
1101	12651	11.49
1102	12725	11.55
1103	12708	11.52
1104	12533	11.35
1105	12567	11.37
1106	12558	11.35
1107	12548	11.34
1108	12562	11.34
1109	12617	11.38
1110	12811	11.54
1111	12630	11.37
1112	12665	11.39
1113	12592	11.31
1114	12695	11.40
1115	12768	11.45
1116	12773	11.45
1117	16059	14.38
1118	12791	11.44
1119	12779	11.42
1120	12825	11.45
1121	13065	11.65
1122	12851	11.45
1123	12777	11.38
1124	12785	11.37
1125	12839	11.41
1126	13027	11.57
1127	13234	11.74
1128	15615	13.84
1129	14164	12.55
1130	12808	11.33
1131	12965	11.46
1132	17603	15.55
1133	12930	11.41
1134	12903	11.38
1135	13021	11.47
1136	12941	11.39
1137	12965	11.40
1138	13016	11.44
1139	13126	11.52
1140	13004	11.41
1141	13020	11.41
1142	13025	11.41
1143	13153	11.51
1144	13230	11.56
1145	20120	17.57
1146	14016	12.23
1147	12985	11.32
1148	14464	12.60
1149	12965	11.28
1150	12983	11.29
1151	14194	12.33
1152	12908	11.20
1153	12950	11.23
1154	12935	11.21
1155	13038	11.29
1156	13157	11.38
1157	13029	11.26
1158	12981	11.21
1159	14168	12.22
1160	13070	11.27
1161	14139	12.18
1162	13246	11.40
1163	13288	11.43
1164	13276	11.41
1165	13273	11.39
1166	13200	11.32
1167	13231	11.34
1168	13284	11.37
1169	13959	11.94
1170	15118	12.92
1171	14484	12.37
1172	13416	11.45
1173	15991	13.63
1174	16820	14.33
1175	13272	11.30
1176	14127	12.01
1177	13360	11.35
1178	13390	11.37
1179	14249	12.09
1180	15359	13.02
1181	13354	11.31
1182	14638	12.38
1183	13352	11.29
1184	13358	11.28
1185	13598	11.48
1186	14204	11.98
1187	14361	12.10
1188	14616	12.30
1189	17588	14.79
1190	13745	11.55
1191	13761	11.55
1192	13675	11.47
1193	13854	11.61
1194	13780	11.54
1195	13780	11.53
1196	13934	11.65
1197	13856	11.58
1198	13815	11.53
1199	13870	11.57
1200	13837	11.53
1201	16344	13.61
1202	13884	11.55
1203	13759	11.44
1204	14372	11.94
1205	14497	12.03
1206	14769	12.25
1207	15121	12.53
1208	13835	11.45
1209	13574	11.23
1210	14602	12.07
1211	14083	11.63
1212	14138	11.67
1213	14451	11.91
1214	14239	11.73
1215	14441	11.89
1216	15277	12.56
1217	14984	12.31
1218	14943	12.27
1219	14958	12.27
1220	14936	12.24
1221	14933	12.23
1222	14985	12.26
1223	14563	11.91
1224	14515	11.86
1225	14528	11.86
1226	14774	12.05
1227	14576	11.88
1228	14563	11.86
1229	14339	11.67
1230	14166	11.52
1231	14173	11.51
1232	14185	11.51
1233	14196	11.51
1234	14200	11.51
1235	14201	11.50
1236	14335	11.60
1237	14941	12.08
1238	13833	11.17
1239	14949	12.07
1240	14265	11.50
1241	13770	11.10
1242	13729	11.05
1243	13746	11.06
1244	13753	11.06
1245	13763	11.05
1246	13770	11.05
1247	13775	11.05
1248	13873	11.12
1249	13792	11.04
1250	13937	11.15
1251	13842	11.06
1252	13824	11.04
1253	14107	11.26
1254	13714	10.94
1255	13607	10.84
1256	13594	10.82
1257	13550	10.78
1258	13506	10.74
1259	13504	10.73
1260	13544	10.75
1261	13567	10.76
1262	13529	10.72
1263	13583	10.75
1264	13663	10.81
1265	13707	10.84
1266	13660	10.79
1267	14575	11.50
1268	13795	10.88
1269	13770	10.85
1270	13786	10.86
1271	13948	10.97
1272	14191	11.16
1273	14519	11.41
1274	14404	11.31
1275	13480	10.57
1276	14193	11.12
1277	12978	10.16
1278	12769	9.99
1279	12662	9.90
1280	12666	9.90
1281	13076	10.21
1282	12678	9.89
1283	12682	9.88
1284	12824	9.99
1285	12712	9.89
1286	12706	9.88
1287	12720	9.88
1288	12737	9.89
1289	12731	9.88
1290	12741	9.88
1291	12751	9.88
1292	12781	9.89
1293	12764	9.87
1294	12779	9.88
1295	12785	9.87
1296	14954	11.54
1297	12829	9.89
1298	12835	9.89
1299	12940	9.96
1300	12912	9.93
1301	12857	9.88
1302	12865	9.88
1303	12877	9.88
1304	12883	9.88
1305	12895	9.88
1306	12906	9.88
1307	13051	9.99
1308	12922	9.88
1309	12935	9.88
1310	12937	9.88
1311	13810	10.53
1312	13092	9.98
1313	13018	9.91
1314	13897	10.58
1315	13120	9.98
1316	13096	9.95
1317	13121	9.96
1318	13556	10.29
1319	12967	9.83
1320	13006	9.85
1321	12986	9.83
1322	12992	9.83
1323	13004	9.83
1324	13080	9.88
1325	13303	10.04
1326	13565	10.23
1327	13141	9.90
1328	13117	9.88
1329	13113	9.87
1330	13136	9.88
1331	13155	9.88
1332	13149	9.87
1333	13148	9.86
1334	13170	9.87
1335	13173	9.87
1336	13175	9.86
1337	13191	9.87
1338	13198	9.86
1339	13204	9.86
1340	13268	9.90
1341	13290	9.91
1342	13285	9.90
1343	13303	9.91
1344	13293	9.89
1345	13333	9.91
1346	13422	9.97
1347	13480	10.01
1348	13286	9.86
1349	13295	9.86
1350	13373	9.91
1351	13485	9.98
1352	13556	10.03
1353	13273	9.81
1354	13324	9.84
1355	13540	9.99
1356	13379	9.87
1357	13332	9.82
1358	14185	10.45
1359	13314	9.80
1360	13331	9.80
1361	13515	9.93
1362	13349	9.80
1363	13579	9.96
1364	13406	9.83
1365	14023	10.27
1366	13389	9.80
1367	13458	9.84
1368	13430	9.82
1369	13395	9.78
1370	13410	9.79
1371	13407	9.78
1372	13426	9.79
1373	13432	9.78
1374	13443	9.78
1375	13457	9.79
1376	15581	11.32
1377	13577	9.86
1378	13643	9.90
1379	13553	9.83
1380	13464	9.76
1381	13502	9.78
1382	13538	9.80
1383	13564	9.81
1384	13916	10.05
1385	13555	9.79
1386	13562	9.78
1387	13566	9.78
1388	13600	9.80
1389	13598	9.79
1390	13594	9.78
1391	13593	9.77
1392	13739	9.87
1393	13895	9.97
1394	13616	9.77
1395	13693	9.82
1396	13673	9.79
1397	13658	9.78
1398	13655	9.77
1399	13705	9.80
1400	13690	9.78
1401	13679	9.76
1402	13696	9.77
1403	13693	9.76
1404	13741	9.79
1405	13715	9.76
1406	13866	9.86
1407	13733	9.76
1408	13744	9.76
1409	13761	9.77
1410	13767	9.76
1411	13769	9.76
1412	13845	9.81
1413	13790	9.76
1414	13836	9.79
1415	13906	9.83
1416	13805	9.75
1417	13812	9.75
1418	13820	9.75
1419	13866	9.77
1420	13835	9.74
1421	13830	9.73
1422	13846	9.74
1423	13858	9.74
1424	13876	9.74
1425	13894	9.75
1426	13949	9.78
1427	13890	9.73
1428	13897	9.73
1429	13905	9.73
1430	13920	9.73
1431	13918	9.73
1432	13988	9.77
1433	14007	9.77
1434	13953	9.73
1435	13946	9.72
1436	13966	9.73
1437	13969	9.72
1438	13978	9.72
1439	13984	9.72
1440	14002	9.72
1441	14004	9.72
1442	14014	9.72
1443	14019	9.72
1444	14031	9.72
1445	14040	9.72
1446	14032	9.70
1447	14055	9.71
1448	14056	9.71
1449	14062	9.70
1450	14140	9.75
1451	14084	9.71
1452	14093	9.71
1453	14097	9.70
1454	14195	9.76
1455	14157	9.73
1456	14124	9.70
1457	14183	9.73
1458	14154	9.71
1459	14127	9.68
1460	14164	9.70
1461	14169	9.70
1462	14318	9.79
1463	14191	9.70
1464	14190	9.69
1465	14209	9.70
1466	14306	9.76
1467	14221	9.69
1468	14231	9.69
1469	14237	9.69
1470	14240	9.69
1471	14248	9.69
1472	14261	9.69
1473	14268	9.69
1474	14272	9.68
1475	14279	9.68
1476	14288	9.68
1477	14295	9.68
1478	14310	9.68
1479	14420	9.75
1480	14325	9.68
1481	14328	9.67
1482	14343	9.68
1483	14397	9.71
1484	14736	9.93
1485	14517	9.78
1486	14373	9.67
1487	15340	10.32
1488	15215	10.23
1489	14430	9.69
1490	14405	9.67
1491	15070	10.11
1492	14791	9.91
1493	15169	10.16
1494	14557	9.74
1495	14604	9.77
1496	14669	9.81
1497	14844	9.92
1498	15110	10.09
1499	14478	9.66
1500	14530	9.69
1501	14494	9.66
1502	15175	10.10
1503	14938	9.94
1504	14636	9.73
1505	14598	9.70
1506	14557	9.67
1507	14764	9.80
1508	15027	9.96
1509	15553	10.31
1510	14726	9.75
1511	14911	9.87
1512	14916	9.87
1513	14969	9.89
1514	14560	9.62
1515	14569	9.62
1516	14576	9.61
1517	14586	9.62
1518	14873	9.80
1519	14958	9.85
1520	14614	9.61
1521	14612	9.61
1522	14623	9.61
1523	15584	10.23
1524	15019	9.85
1525	15081	9.89
1526	15261	10.00
1527	14779	9.68
1528	14682	9.61
1529	15712	10.28
1530	15068	9.85
1531	15173	9.91
1532	15223	9.94
1533	15143	9.88
1534	15112	9.85
1535	15114	9.85
1536	15032	9.79
1537	14744	9.59
1538	14747	9.59
1539	14762	9.59
1540	14758	9.58
1541	14981	9.72
1542	15173	9.84
1543	15409	9.99
1544	14869	9.63
1545	14805	9.58
1546	14821	9.59
1547	14823	9.58
1548	14834	9.58
1549	14847	9.58
1550	14841	9.57
1551	14857	9.58
1552	15741	10.14
1553	15346	9.88
1554	15342	9.87
1555	15331	9.86
1556	15303	9.83
1557	15294	9.82
1558	15648	10.04
1559	14915	9.57
1560	15003	9.62
1561	15988	10.24
1562	16348	10.47
1563	15344	9.82
1564	15356	9.82
1565	15282	9.76
1566	15082	9.63
1567	15053	9.61
1568	15001	9.57
1569	15057	9.60
1570	15014	9.56
1571	15119	9.62
1572	15424	9.81
1573	15435	9.81
1574	15998	10.16
1575	15054	9.56
1576	15055	9.55
1577	15080	9.56
1578	15110	9.58
1579	15100	9.56
1580	15106	9.56
1581	15109	9.56
1582	15326	9.69
1583	15479	9.78
1584	15214	9.60
1585	15134	9.55
1586	15210	9.59
1587	15154	9.55
1588	15163	9.55
1589	15247	9.60
1590	16610	10.45
1591	15994	10.05
1592	15253	9.58
1593	15214	9.55
1594	16072	10.08
1595	15619	9.79
1596	15625	9.79
1597	15682	9.82
1598	15701	9.83
1599	15647	9.79
1600	15678	9.80
1601	15723	9.82
1602	15729	9.82
1603	15684	9.78
1604	15690	9.78
1605	15712	9.79
1606	15363	9.57
1607	15314	9.53
1608	15321	9.53
1609	15331	9.53
1610	15341	9.53
1611	15348	9.53
1612	15356	9.53
1613	15365	9.53
1614	15372	9.52
1615	16316	10.10
1616	15850	9.81
1617	15800	9.77
1618	15807	9.77
1619	15687	9.69
1620	15440	9.53
1621	15428	9.52
1622	15439	9.52
1623	15466	9.53
1624	16536	10.18
1625	15867	9.76
1626	15901	9.78
1627	16345	10.05
1628	16037	9.85
1629	15824	9.71
1630	15512	9.52
1631	15638	9.59
1632	15524	9.51
1633	15577	9.54
1634	16408	10.04
1635	17180	10.51
1636	15908	9.72
1637	15188	9.28
1638	16132	9.85
1639	16476	10.05
1640	16651	10.15
1641	16763	10.22
1642	16009	9.75
1643	16022	9.75
1644	16094	9.79
1645	16152	9.82
1646	17331	10.53
1647	15654	9.50
1648	16318	9.90
1649	16353	9.92
1650	16238	9.84
1651	16074	9.74
1652	16083	9.74
1653	16600	10.04
1654	18409	11.13
1655	18296	11.05
1656	15471	9.34
1657	15476	9.34
1658	15495	9.35
1659	15502	9.34
1660	15515	9.35
1661	15523	9.35
1662	15528	9.34
1663	15537	9.34
1664	17516	10.53
1665	15561	9.35
1666	15579	9.35
1667	16728	10.03
1668	15583	9.34
1669	15587	9.34
1670	15755	9.43
1671	15613	9.34
1672	15621	9.34
1673	15637	9.35
1674	15635	9.34
1675	15648	9.34
1676	15656	9.34
1677	15659	9.34
1678	15670	9.34
1679	18836	11.22
1680	15669	9.33
1681	15682	9.33
1682	15697	9.33
1683	15697	9.33
1684	15702	9.32
1685	15819	9.39
1686	15723	9.33
1687	15711	9.31
1688	15740	9.32
1689	15736	9.32
1690	15733	9.31
1691	15739	9.31
1692	15759	9.31
1693	15764	9.31
1694	18625	10.99
1695	15776	9.31
1696	15822	9.33
1697	15833	9.33
1698	15818	9.32
1699	15834	9.32
1700	15846	9.32
1701	15845	9.32
1702	15853	9.31
1703	15872	9.32
1704	15871	9.31
1705	15882	9.31
1706	15885	9.31
1707	15896	9.31
1708	15895	9.31
1709	15913	9.31
1710	15919	9.31
1711	15919	9.30
1712	15928	9.30
1713	15949	9.31
1714	16090	9.39
1715	15954	9.30
1716	15996	9.32
1717	15965	9.30
1718	15975	9.30
1719	15985	9.30
1720	15994	9.30
1721	15999	9.30
1722	16016	9.30
1723	16023	9.30
1724	16031	9.30
1725	16046	9.30
1726	16054	9.30
1727	16047	9.29
1728	16176	9.36
1729	16055	9.29
1730	16079	9.29
1731	16082	9.29
1732	16085	9.29
1733	16101	9.29
1734	18328	10.57
1735	16112	9.29
1736	16130	9.29
1737	16134	9.29
1738	16136	9.28
1739	16142	9.28
1740	16158	9.29
1741	16165	9.28
1742	16291	9.35
1743	16188	9.29
1744	16187	9.28
1745	16207	9.29
1746	17670	10.12
1747	16151	9.24
1748	16147	9.24
1749	16176	9.25
1750	16164	9.24
1751	16171	9.24
1752	16173	9.23
1753	16193	9.24
1754	16199	9.24
1755	16206	9.23
1756	16217	9.24
1757	16217	9.23
1758	16224	9.23
1759	16278	9.25
1760	19875	11.29
1761	16935	9.62
1762	16680	9.47
1763	16259	9.22
1764	16275	9.23
1765	16391	9.29
1766	16311	9.24
1767	16301	9.23
1768	16307	9.22
1769	16311	9.22
1770	16322	9.22
1771	16329	9.22
1772	16335	9.22
1773	16348	9.22
1774	16521	9.31
1775	16360	9.22
1776	17090	9.62
1777	16269	9.16
1778	16281	9.16
1779	16389	9.21
1780	16399	9.21
1781	18344	10.30
1782	16329	9.16
1783	16311	9.15
1784	16322	9.15
1785	16340	9.15
1786	16332	9.14
1787	16344	9.15
1788	16418	9.18
1789	16355	9.14
1790	16588	9.27
1791	16380	9.15
1792	16392	9.15
1793	16405	9.15
1794	16461	9.18
1795	16414	9.14
1796	16412	9.14
1797	16528	9.20
1798	16477	9.16
1799	16451	9.14
1800	16525	9.18
1801	16474	9.15
1802	16604	9.21
1803	16563	9.19
1804	16489	9.14
1805	17163	9.51
1806	16549	9.16
1807	16501	9.13
1808	16498	9.12
1809	16506	9.12
1810	16536	9.14
1811	16628	9.18
1812	16640	9.18
1813	16638	9.18
1814	16767	9.24
1815	16717	9.21
1816	16571	9.12
1817	16672	9.18
1818	16639	9.15
1819	16659	9.16
1820	16648	9.15
1821	16651	9.14
1822	16656	9.14
1823	16678	9.15
1824	16678	9.14
1825	16694	9.15
1826	17576	9.63
1827	17220	9.43
1828	17183	9.40
1829	17142	9.37
1830	17506	9.57
1831	17472	9.54
1832	17133	9.35
1833	17181	9.37
1834	17182	9.37
1835	18947	10.33
1836	17259	9.40
1837	17212	9.37
1838	17227	9.37
1839	17236	9.37
1840	17868	9.71
1841	17699	9.61
1842	18126	9.84
1843	17266	9.37
1844	17281	9.37
1845	17352	9.40
1846	17344	9.40
1847	17304	9.37
1848	17335	9.38
1849	17310	9.36
1850	17420	9.42
1851	17349	9.37
1852	18774	10.14
1853	18367	9.91
1854	17494	9.44
1855	17547	9.46
1856	17434	9.39
1857	17390	9.36
1858	17442	9.39
1859	17462	9.39
1860	17466	9.39
1861	17408	9.35
1862	17503	9.40
1863	17508	9.40
1864	17688	9.49
1865	18356	9.84
1866	17540	9.40
1867	17469	9.36
1868	17783	9.52
1869	18303	9.79
1870	17671	9.45
1871	17612	9.41
1872	17506	9.35
1873	17506	9.35
1874	18329	9.78
1875	18579	9.91
1876	17539	9.35
1877	17550	9.35
1878	17808	9.48
1879	19190	10.21
1880	18008	9.58
1881	18237	9.70
1882	17939	9.53
1883	17910	9.51
1884	17611	9.35
1885	17618	9.35
1886	17625	9.35
1887	17644	9.35
1888	17646	9.35
1889	17688	9.36
1890	18211	9.64
1891	18731	9.91
1892	18537	9.80
1893	18339	9.69
1894	18239	9.63
1895	18281	9.65
1896	18184	9.59
1897	18176	9.58
1898	18565	9.78
1899	17504	9.22
1900	17825	9.38
1901	18083	9.51
1902	18327	9.64
1903	18205	9.57
1904	18334	9.63
1905	18230	9.57
1906	18242	9.57
1907	18677	9.79
1908	17480	9.16
1909	17803	9.33
1910	18941	9.92
1911	18431	9.64
1912	18350	9.60
1913	18542	9.69
1914	18466	9.65
1915	18476	9.65
1916	18459	9.63
1917	18368	9.58
1918	18358	9.57
1919	18528	9.66
1920	18963	9.88
1921	19285	10.04
1922	18394	9.57
1923	18475	9.61
1924	18558	9.65
1925	18404	9.56
1926	18419	9.56
1927	19390	10.06
1928	19552	10.14
1929	19274	9.99
1930	18971	9.83
1931	20216	10.47
1932	19606	10.15
1933	19881	10.29
1934	20206	10.45
1935	20056	10.36
1936	20032	10.35
1937	20175	10.42
1938	20115	10.38
1939	20169	10.40
1940	20200	10.41
1941	20251	10.43
1942	20851	10.74
1943	20837	10.72
1944	20798	10.70
1945	20771	10.68
1946	20790	10.68
1947	20779	10.67
1948	20772	10.66
1949	20796	10.67
1950	20873	10.70
1951	20825	10.67
1952	21467	11.00
1953	21662	11.09
1954	21938	11.23
1955	21939	11.22
1956	22150	11.32
1957	22163	11.32
1958	22167	11.32
1959	22191	11.33
1960	23211	11.84
1961	22916	11.69
1962	23004	11.72
1963	22793	11.61
1964	22380	11.40
1965	17997	9.16
1966	23314	11.86
1967	23957	12.18
1968	23794	12.09
1969	23825	12.10
1970	23808	12.09
1971	23843	12.10
1972	23852	12.10
1973	23839	12.08
1974	23889	12.10
1975	23976	12.14
1976	23931	12.11
1977	23879	12.08
1978	23863	12.06
1979	24088	12.17
1980	23940	12.09
1981	23939	12.08
1982	23974	12.10
1983	25208	12.71
1984	23970	12.08
1985	24804	12.50
1986	24016	12.09
1987	25046	12.60
1988	24116	12.13
1989	24092	12.11
1990	24122	12.12
1991	24135	12.12
1992	24298	12.20
1993	24160	12.12
1994	24924	12.50
1995	24144	12.10
1996	24158	12.10
1997	24188	12.11
1998	24183	12.10
1999	24203	12.11
2000	24236	12.12
2001	24247	12.12
2002	24534	12.25
2003	24277	12.12
2004	24272	12.11
2005	24371	12.16
2006	24346	12.14
2007	24352	12.13
2008	24330	12.12
2009	24698	12.29
2010	24335	12.11
2011	24325	12.10
2012	24354	12.10
2013	24374	12.11
2014	24358	12.09
2015	24366	12.09
2016	24382	12.09
2017	25534	12.66
2018	24619	12.20
2019	24471	12.12
2020	24578	12.17
2021	24550	12.15
2022	24893	12.31
2023	24450	12.09
2024	24606	12.16
2025	26038	12.86
2026	24346	12.02
2027	23765	11.72
2028	23854	11.76
2029	23854	11.76
2030	23735	11.69
2031	24009	11.82
2032	23189	11.41
2033	23362	11.49
2034	23069	11.34
2035	23599	11.60
2036	22852	11.22
2037	22474	11.03
2038	22368	10.98
2039	22376	10.97
2040	22438	11.00
2041	22609	11.08
2042	21770	10.66
2043	22027	10.78
2044	21888	10.71
2045	21876	10.70
2046	23149	11.31
2047	21868	10.68
2048	21915	10.70
2049	23123	11.29
2050	22660	11.05
2051	22626	11.03
2052	22601	11.01
2053	23075	11.24
2054	22930	11.16
2055	23329	11.35
2056	22040	10.72
2057	22092	10.74
2058	22033	10.71
2059	22036	10.70
2060	22053	10.71
2061	22159	10.75
2062	22227	10.78
2063	22217	10.77
2064	22563	10.93
2065	25702	12.45
2066	21963	10.63
2067	22001	10.64
2068	22044	10.66
2069	22002	10.63
2070	22031	10.64
2071	22004	10.62
2072	21635	10.44
2073	21620	10.43
2074	21463	10.35
2075	21544	10.38
2076	21464	10.34
2077	22200	10.69
2078	21741	10.46
2079	21996	10.58
2080	23477	11.29
2081	21719	10.44
2082	21855	10.50
2083	21688	10.41
2084	21669	10.40
2085	21811	10.46
2086	21998	10.55
2087	21523	10.31
2088	21141	10.12
2089	20747	9.93
2090	20244	9.69
2091	19676	9.41
2092	19681	9.41
2093	19695	9.41
2094	20534	9.81
2095	19788	9.45
2096	19764	9.43
2097	22940	10.94
2098	25992	12.39
2099	19836	9.45
2100	21247	10.12
2101	19560	9.31
2102	19553	9.30
2103	19573	9.31
2104	19578	9.31
2105	19594	9.31
2106	20653	9.81
2107	21708	10.30
2108	19615	9.31
2109	20359	9.65
2110	20120	9.54
2111	20131	9.54
2112	20363	9.64
2113	20323	9.62
2114	20279	9.59
2115	20318	9.61
2116	22576	10.67
2117	20270	9.57
2118	20281	9.58
2119	20359	9.61
2120	20267	9.56
2121	20292	9.57
2122	20576	9.70
2123	20490	9.65
2124	20302	9.56
2125	20715	9.75
2126	20390	9.59
2127	20336	9.56
2128	20335	9.56
2129	20348	9.56
2130	20460	9.61
2131	20421	9.58
2132	20430	9.58
2133	20415	9.57
2134	20545	9.63
2135	20626	9.66
2136	20519	9.61
2137	20586	9.63
2138	20562	9.62
2139	23722	11.09
2140	26452	12.36
2141	20355	9.51
2142	20441	9.54
2143	20985	9.79
2144	21875	10.20
2145	22426	10.46
2146	22477	10.47
2147	22802	10.62
2148	22768	10.60
2149	22801	10.61
2150	22908	10.65
2151	22981	10.68
2152	22919	10.65
2153	22866	10.62
2154	22964	10.66
2155	23656	10.98
2156	24459	11.34
2157	23829	11.05
2158	24240	11.23
2159	24732	11.46
2160	24391	11.29
2161	26989	12.49
2162	25296	11.70
2163	24377	11.27
2164	24288	11.22
2165	24449	11.29
2166	23792	10.98
2167	25239	11.65
2168	24563	11.33
2169	25063	11.56
2170	24775	11.42
2171	26375	12.15
2172	24384	11.23
2173	24828	11.43
2174	25098	11.54
2175	23825	10.95
2176	23897	10.98
2177	23834	10.95
2178	24004	11.02
2179	23239	10.66
2180	23787	10.91
2181	23259	10.66
2182	24058	11.03
2183	23264	10.66
2184	23932	10.96
2185	23974	10.97
2186	23675	10.83
2187	23458	10.73
2188	23383	10.69
2189	23112	10.56
2190	23271	10.63
2191	23300	10.63
2192	23191	10.58
2193	23157	10.56
2194	23253	10.60
2195	23204	10.57
2196	23211	10.57
2197	23397	10.65
2198	23718	10.79
2199	24448	11.12
2200	23647	10.75
2201	23516	10.68
2202	23600	10.72
2203	24242	11.00
2204	23230	10.54
2205	23419	10.62
2206	24198	10.97
2207	24048	10.90
2208	23626	10.70
2209	23313	10.55
2210	23316	10.55
2211	23330	10.55
2212	23342	10.55
2213	23473	10.61
2214	24737	11.17
2215	22957	10.36
2216	23504	10.61
2217	24130	10.88
2218	23568	10.63
2219	23809	10.73
2220	23549	10.61
2221	23542	10.60
2222	24512	11.03
2223	23821	10.72
2224	23497	10.57
2225	23470	10.55
2226	23555	10.58
2227	23525	10.56
2228	23552	10.57
2229	23688	10.63
2230	23775	10.66
2231	23862	10.70
2232	25601	11.47
2233	23557	10.55
2234	23862	10.68
2235	23652	10.58
2236	23818	10.65
2237	24276	10.85
2238	26134	11.68
2239	24599	10.99
2240	24502	10.94
2241	24021	10.72
2242	23868	10.65
2243	23875	10.64
2244	24255	10.81
2245	24209	10.78
2246	23962	10.67
2247	23841	10.61
2248	24213	10.77
2249	25956	11.54
2250	23882	10.61
2251	23964	10.65
2252	24285	10.78
2253	23942	10.63
2254	24237	10.75
2255	24126	10.70
2256	24987	11.08
2257	23803	10.55
2258	23919	10.59
2259	24066	10.65
2260	25449	11.26
2261	24070	10.65
2262	24010	10.61
2263	24089	10.64
2264	24846	10.97
2265	24157	10.67
2266	23946	10.57
2267	24893	10.98
2268	24048	10.60
2269	23935	10.55
2270	24186	10.65
2271	23950	10.55
2272	23897	10.52
2273	23887	10.51
2274	23931	10.52
2275	24925	10.96
2276	25842	11.35
2277	23995	10.54
2278	24732	10.86
2279	24330	10.68
2280	25416	11.15
2281	24776	10.86
2282	25148	11.02
2283	24986	10.94
2284	24226	10.61
2285	24178	10.58
2286	24743	10.82
2287	23008	10.06
2288	22377	9.78
2289	22438	9.80
2290	21591	9.43
2291	21804	9.52
2292	21702	9.47
2293	21799	9.51
2294	21740	9.48
2295	21918	9.55
2296	23453	10.21
2297	21845	9.51
2298	21744	9.46
2299	22099	9.61
2300	21910	9.53
2301	21853	9.50
2302	21980	9.55
2303	21989	9.55
2304	21879	9.50
2305	22413	9.72
2306	21799	9.45
2307	22199	9.62
2308	21879	9.48
2309	21779	9.43
2310	22056	9.55
2311	22041	9.54
2312	22215	9.61
2313	22817	9.86
2314	26691	11.53
2315	23064	9.96
2316	22706	9.80
2317	22165	9.57
2318	22336	9.64
2319	23891	10.30
2320	24462	10.54
2321	25024	10.78
2322	24425	10.52
2323	24430	10.52
2324	24175	10.40
2325	24466	10.52
2326	24588	10.57
2327	24640	10.59
2328	24443	10.50
2329	24209	10.39
2330	23509	10.09
2331	23329	10.01
2332	22558	9.67
2333	22053	9.45
2334	22308	9.56
2335	22355	9.57
2336	23568	10.09
2337	24311	10.40
2338	23808	10.18
2339	23914	10.22
2340	22680	9.69
2341	23190	9.91
2342	23242	9.92
2343	24715	10.55
2344	24145	10.30
2345	27203	11.60
2346	25148	10.72
2347	25635	10.92
2348	27361	11.65
2349	25801	10.98
2350	24810	10.56
2351	24752	10.53
2352	25124	10.68
2353	25181	10.70
2354	27830	11.82
2355	25241	10.72
2356	24692	10.48
2357	24945	10.58
2358	24906	10.56
2359	24854	10.54
2360	25071	10.62
2361	25550	10.82
2362	24849	10.52
2363	25849	10.94
2364	24890	10.53
2365	24830	10.50
2366	24819	10.49
2367	25239	10.66
2368	24975	10.55
2369	27132	11.45
2370	24757	10.45
2371	25314	10.68
2372	24536	10.34
2373	23886	10.07
2374	24184	10.19
2375	24879	10.48
2376	26645	11.21
2377	26256	11.05
2378	24928	10.48
2379	24981	10.50
2380	24975	10.49
2381	25160	10.57
2382	27113	11.38
2383	25106	10.54
2384	24910	10.45
2385	25105	10.53
2386	23816	9.98
2387	23819	9.98
2388	23253	9.74
2389	23878	9.99
2390	24990	10.46
2391	25889	10.83
2392	25539	10.68
2393	25080	10.48
2394	25173	10.52
2395	25142	10.50
2396	25141	10.49
2397	25410	10.60
2398	27148	11.32
2399	24429	10.18
2400	24454	10.19
2401	25476	10.61
2402	24954	10.39
2403	23771	9.89
2404	23615	9.82
2405	23470	9.76
2406	24685	10.26
2407	24963	10.37
2408	25486	10.58
2409	25142	10.44
2410	25163	10.44
2411	25157	10.43
2412	27033	11.21
2413	31688	13.13
2414	26795	11.10
2415	25411	10.52
2416	25348	10.49
2417	26006	10.76
2418	26770	11.07
2419	26333	10.89
2420	26584	10.99
2421	29151	12.04
2422	26247	10.84
2423	26372	10.88
2424	27551	11.37
2425	26136	10.78
2426	26538	10.94
2427	27091	11.16
2428	25445	10.48
2429	25469	10.49
2430	25509	10.50
2431	25458	10.47
2432	25461	10.47
2433	25609	10.53
2434	25811	10.60
2435	25536	10.49
2436	25538	10.48
2437	25558	10.49
2438	25623	10.51
2439	26733	10.96
2440	25500	10.45
2441	25736	10.54
2442	25717	10.53
2443	25870	10.59
2444	26290	10.76
2445	25534	10.44
2446	25630	10.48
2447	25701	10.50
2448	24699	10.09
2449	25311	10.34
2450	25266	10.31
2451	24869	10.15
2452	24938	10.17
2453	24953	10.17
2454	25030	10.20
2455	24632	10.03
2456	23139	9.42
2457	23075	9.39
2458	22978	9.35
2459	23109	9.40
2460	23036	9.36
2461	23000	9.35
2462	22998	9.34
2463	23263	9.44
2464	23046	9.35
2465	23068	9.36
2466	23079	9.36
2467	23095	9.36
2468	23147	9.38
2469	23122	9.36
2470	23276	9.42
2471	23113	9.35
2472	23106	9.35
2473	23172	9.37
2474	23118	9.34
2475	23120	9.34
2476	23128	9.34
2477	23217	9.37
2478	23190	9.36
2479	23183	9.35
2480	23205	9.36
2481	23257	9.37
2482	25452	10.25
2483	23844	9.60
2484	23367	9.41
2485	23463	9.44
2486	23417	9.42
2487	23375	9.40
2488	23295	9.36
2489	23315	9.37
2490	23319	9.37
2491	23327	9.36
2492	26593	10.67
2493	23281	9.34
2494	23289	9.34
2495	23291	9.34
2496	23447	9.39
2497	23323	9.34
2498	23304	9.33
2499	23306	9.33
2500	23388	9.36
2501	23501	9.40
2502	23660	9.46
2503	23632	9.44
2504	23643	9.44
2505	23451	9.36
2506	23428	9.35
2507	23437	9.35
2508	23449	9.35
2509	23457	9.35
2510	23437	9.34
2511	23525	9.37
2512	23562	9.38
2513	23526	9.36
2514	23499	9.35
2515	23605	9.39
2516	23612	9.38
2517	23475	9.33
2518	23497	9.33
2519	23494	9.33
2520	23512	9.33
2521	23523	9.33
2522	23598	9.36
2523	23564	9.34
2524	23542	9.33
2525	23543	9.32
2526	23545	9.32
2527	23555	9.32
2528	23565	9.32
2529	23648	9.35
2530	23590	9.32
2531	23608	9.33
2532	23626	9.33
2533	23726	9.37
2534	23648	9.33
2535	23642	9.33
2536	23651	9.33
2537	23661	9.33
2538	23671	9.33
2539	23781	9.37
2540	23690	9.33
2541	23806	9.37
2542	23777	9.35
2543	23766	9.35
2544	23721	9.32
2545	23764	9.34
2546	23731	9.32
2547	23734	9.32
2548	23743	9.32
2549	23769	9.32
2550	23781	9.33
2551	23902	9.37
2552	23904	9.37
2553	24864	9.74
2554	23894	9.36
2555	23812	9.32
2556	23838	9.33
2557	23847	9.33
2558	23822	9.31
2559	23872	9.33
2560	23849	9.32
2561	24043	9.39
2562	23874	9.32
2563	23936	9.34
2564	23907	9.32
2565	23928	9.33
2566	23929	9.33
2567	23890	9.31
2568	23928	9.32
2569	23922	9.31
2570	24009	9.34
2571	23954	9.32
2572	23970	9.32
2573	24082	9.36
2574	24082	9.36
2575	24081	9.35
2576	24096	9.35
2577	24073	9.34
2578	24078	9.34
2579	24089	9.34
2580	24283	9.41
2581	24125	9.35
2582	24160	9.36
2583	24143	9.35
2584	24143	9.34
2585	24139	9.34
2586	24121	9.33
2587	24159	9.34
2588	24145	9.33
2589	24227	9.36
2590	24632	9.51
2591	23630	9.12
2592	23599	9.10
2593	23627	9.11
2594	23627	9.11
2595	23646	9.11
2596	23645	9.11
2597	23657	9.11
2598	23661	9.11
2599	23660	9.10
2600	23619	9.08
2601	23604	9.07
2602	23602	9.07
2603	23617	9.07
2604	24964	9.59
2605	23606	9.06
2606	23627	9.07
2607	23602	9.05
2608	23604	9.05
2609	23614	9.05
2610	23620	9.05
2611	23619	9.05
2612	23639	9.05
2613	23814	9.11
2614	23652	9.05
2615	23660	9.05
2616	23679	9.05
2617	23680	9.05
2618	23699	9.05
2619	23750	9.07
2620	23785	9.08
2621	23726	9.05
2622	23798	9.08
2623	23853	9.09
2624	25591	9.75
2625	23907	9.11
2626	23890	9.10
2627	23906	9.10
2628	23914	9.10
2629	23917	9.10
2630	23926	9.10
2631	23938	9.10
2632	23948	9.10
2633	24002	9.12
2634	24062	9.14
2635	23988	9.10
2636	24000	9.10
2637	24007	9.10
2638	24006	9.10
2639	24030	9.11
2640	24042	9.11
2641	24043	9.10
2642	24053	9.10
2643	24132	9.13
2644	24063	9.10
2645	24103	9.11
2646	25133	9.50
2647	24095	9.10
2648	31936	12.06
2649	24056	9.08
2650	24063	9.08
2651	24159	9.11
2652	24093	9.08
2653	24106	9.09
2654	24112	9.09
2655	24100	9.08
2656	24120	9.08
2657	24248	9.13
2658	24126	9.08
2659	24121	9.07
2660	24260	9.12
2661	24155	9.08
2662	27019	10.15
2663	24152	9.07
2664	24164	9.07
2665	24195	9.08
2666	24310	9.12
2667	24163	9.06
2668	24216	9.08
2669	24193	9.06
2670	24192	9.06
2671	24198	9.06
2672	26435	9.89
2673	24248	9.07
2674	24304	9.09
2675	24220	9.05
2676	24316	9.09
2677	24249	9.06
2678	24256	9.06
2679	24268	9.06
2680	24265	9.05
2681	24271	9.05
2682	24284	9.05
2683	24274	9.05
2684	24295	9.05
2685	30108	11.21
2686	24299	9.05
2687	24357	9.06
2688	24300	9.04
2689	24319	9.04
2690	24374	9.06
2691	24372	9.06
2692	24340	9.04
2693	24365	9.05
2694	24369	9.05
2695	24352	9.04
2696	24379	9.04
2697	24751	9.18
2698	25009	9.27
2699	25503	9.45
2700	24476	9.07
2701	25647	9.50
2702	24973	9.24
2703	25213	9.33
2704	24933	9.22
2705	25390	9.39
2706	25110	9.28
2707	25306	9.35
2708	25533	9.43
2709	25233	9.31
2710	25056	9.25
2711	25148	9.28
2712	25182	9.29
2713	25148	9.27
2714	25342	9.34
2715	25168	9.27
2716	25163	9.26
2717	25158	9.26
2718	25165	9.26
2719	25195	9.27
2720	24603	9.05
2721	24871	9.14
2722	25729	9.45
2723	25631	9.41
2724	28065	10.30
2725	27110	9.95
2726	24680	9.05
2727	24683	9.05
2728	24693	9.05
2729	24757	9.07
2730	26108	9.56
2731	24806	9.08
2732	26622	9.74
2733	24987	9.14
2734	24814	9.08
2735	24804	9.07
2736	24817	9.07
2737	24827	9.07
2738	26142	9.55
2739	27054	9.88
2740	27596	10.07
2741	24853	9.07
2742	25714	9.38
2743	24873	9.07
2744	24855	9.06
2745	24857	9.06
2746	24859	9.05
2747	28993	10.55
2748	24877	9.05
2749	24875	9.05
2750	24892	9.05
2751	25062	9.11
2752	24913	9.05
2753	24923	9.05
2754	26873	9.76
2755	28007	10.17
2756	24927	9.04
2757	24957	9.05
2758	24927	9.04
2759	24944	9.04
2760	24962	9.04
2761	24967	9.04
2762	36971	13.39
2763	24981	9.04
2764	24991	9.04
2765	24984	9.04
2766	25003	9.04
2767	25021	9.04
2768	27615	9.98
2769	25054	9.05
2770	25083	9.06
2771	25083	9.05
2772	25094	9.05
2773	26639	9.61
2774	25132	9.06
2775	27237	9.82
2776	25158	9.06
2777	25138	9.05
2778	25157	9.06
2779	25151	9.05
2780	25243	9.08
2781	25163	9.05
2782	25184	9.05
2783	31625	11.36
2784	25181	9.04
2785	25179	9.04
2786	25187	9.04
2787	25283	9.07
2788	25225	9.05
2789	25261	9.06
2790	28961	10.38
2791	25239	9.04
2792	25264	9.05
2793	25266	9.05
2794	25282	9.05
2795	25282	9.05
2796	25271	9.04
2797	28165	10.07
2798	25297	9.04
2799	38700	13.83
2800	25261	9.02
2801	25327	9.04
2802	25255	9.01
2803	25268	9.01
2804	28985	10.34
2805	31190	11.12
2806	25316	9.02
2807	26271	9.36
2808	32430	11.55
2809	25329	9.02
2810	27419	9.76
2811	31811	11.32
2812	28342	10.08
2813	27870	9.91
2814	29567	10.51
2815	29745	10.57
2816	28941	10.28
2817	32288	11.46
2818	31027	11.01
2819	25480	9.04
2820	27937	9.91
2821	29172	10.34
2822	25437	9.01
2823	29451	10.43
2824	28531	10.10
2825	25460	9.01
2826	25783	9.12
2827	25573	9.05
2828	27102	9.58
2829	25466	9.00
2830	28171	9.95
2831	25525	9.02
2832	25511	9.01
2833	27122	9.57
2834	27025	9.54
2835	25538	9.01
2836	28896	10.19
2837	33846	11.93
2838	31799	11.20
2839	28988	10.21
2840	26059	9.18
2841	25697	9.05
2842	27220	9.58
2843	26778	9.42
2844	25889	9.10
2845	27871	9.80
2846	25631	9.01
2847	27691	9.73
2848	25728	9.03
2849	31824	11.17
2850	31874	11.18
2851	32302	11.33
2852	25625	8.98
2853	25639	8.99
2854	25622	8.98
2855	25650	8.98
2856	25649	8.98
2857	31159	10.91
2858	26528	9.28
2859	26385	9.23
2860	26429	9.24
2861	26429	9.24
2862	26394	9.22
2863	26621	9.30
2864	26796	9.36
2865	26434	9.23
2866	26453	9.23
2867	26496	9.24
2868	26449	9.22
2869	26798	9.34
2870	27262	9.50
2871	27890	9.71
2872	26550	9.24
2873	26529	9.23
2874	29634	10.31
2875	26445	9.20
2876	26611	9.25
2877	26557	9.23
2878	27795	9.66
2879	27220	9.45
2880	26582	9.23
2881	26562	9.22
2882	26555	9.21
2883	26595	9.22
2884	27082	9.39
2885	26618	9.23
2886	26555	9.20
2887	28477	9.86
2888	27982	9.69
2889	29002	10.04
2890	26781	9.27
2891	28540	9.87
2892	28516	9.86
2893	29165	10.08
2894	29080	10.05
2895	30236	10.44
2896	30067	10.38
2897	31189	10.77
2898	30202	10.42
2899	30014	10.35
2900	30282	10.44
2901	30287	10.44
2902	30027	10.35
2903	31402	10.82
2904	34944	12.03
2905	31607	10.88
2906	30538	10.51
2907	30494	10.49
2908	30313	10.42
2909	30794	10.59
2910	30532	10.49
2911	30474	10.47
2912	29951	10.29
2913	30142	10.35
2914	30058	10.32
2915	30146	10.34
2916	30603	10.49
2917	30665	10.51
2918	31592	10.83
2919	30433	10.43
2920	35047	12.00
2921	35193	12.05
2922	32976	11.29
2923	30930	10.58
2924	30097	10.29
2925	30036	10.27
2926	30493	10.42
2927	30700	10.49
2928	30997	10.59
2929	31368	10.71
2930	31082	10.61
2931	31134	10.62
2932	31625	10.79
2933	31367	10.69
2934	31420	10.71
2935	31390	10.70
2936	31105	10.59
2937	31166	10.61
2938	31057	10.57
2939	31863	10.84
2940	32713	11.13
2941	32824	11.16
2942	33466	11.38
2943	36636	12.45
2944	32379	11.00
2945	32377	10.99
2946	32143	10.91
2947	31992	10.86
2948	31789	10.78
2949	33037	11.20
2950	33821	11.46
2951	32189	10.91
2952	32406	10.98
2953	35278	11.95
2954	32331	10.94
2955	32572	11.02
2956	33078	11.19
2957	31873	10.78
2958	31162	10.53
2959	31181	10.54
2960	31316	10.58
2961	30740	10.38
2962	30455	10.28
2963	30474	10.28
2964	31074	10.48
2965	33071	11.15
2966	30494	10.28
2967	30898	10.41
2968	30862	10.40
2969	31090	10.47
2970	30809	10.37
2971	30433	10.24
2972	30568	10.29
2973	30605	10.29
2974	30724	10.33
2975	30801	10.35
2976	31163	10.47
2977	32995	11.08
2978	30509	10.24
2979	31759	10.66
2980	30592	10.27
2981	31038	10.41
2982	31066	10.42
2983	30607	10.26
2984	32898	11.02
2985	30812	10.32
2986	30707	10.28
2987	30659	10.26
2988	30962	10.36
2989	30942	10.35
2990	30631	10.24
2991	30731	10.27
2992	30653	10.24
2993	30722	10.26
2994	30635	10.23
2995	30654	10.24
2996	30772	10.27
2997	31029	10.35
2998	30813	10.28
2999	30821	10.28
3000	30951	10.32
3001	30813	10.27
3002	32015	10.66
3003	30805	10.26
3004	31007	10.32
3005	31017	10.32
3006	31169	10.37
3007	30691	10.21
3008	29998	9.97
3009	30103	10.00
3010	30982	10.29
3011	30028	9.97
3012	30201	10.03
3013	33483	11.11
3014	30348	10.07
3015	30933	10.26
3016	30924	10.25
3017	30921	10.25
3018	30941	10.25
3019	30564	10.12
3020	30928	10.24
3021	28702	9.50
3022	27770	9.19
3023	27932	9.24
3024	27868	9.22
3025	28110	9.29
3026	34430	11.38
3027	27962	9.24
3028	29047	9.59
3029	32116	10.60
3030	30311	10.00
3031	31251	10.31
3032	31878	10.51
3033	31440	10.37
3034	30891	10.18
3035	30528	10.06
3036	29551	9.73
3037	28576	9.41
3038	27917	9.19
3039	27875	9.17
3040	27793	9.14
3041	27903	9.18
3042	27858	9.16
3043	27849	9.15
3044	27837	9.14
3045	28546	9.37
3046	27871	9.15
3047	27984	9.18
3048	28003	9.19
3049	28032	9.19
3050	27949	9.16
3051	28160	9.23
3052	29889	9.79
3053	27980	9.16
3054	27975	9.16
3055	27999	9.16
3056	28322	9.27
3057	28108	9.19
3058	28204	9.22
3059	28245	9.23
3060	28125	9.19
3061	28048	9.16
3062	28347	9.26
3063	28026	9.15
3064	28110	9.17
3065	28336	9.25
3066	28049	9.15
3067	28085	9.16
3068	28057	9.15
3069	28066	9.14
3070	28103	9.15
3071	28420	9.25
3072	28087	9.14
3073	28131	9.15
3074	28135	9.15
3075	28250	9.19
3076	28126	9.14
3077	28258	9.18
3078	28735	9.34
3079	29921	9.72
3080	28165	9.14
3081	28170	9.14
3082	28233	9.16
3083	28185	9.14
3084	28502	9.24
3085	28297	9.17
3086	28575	9.26
3087	28453	9.22
3088	28586	9.26
3089	28441	9.21
3090	28808	9.32
3091	28332	9.17
3092	28348	9.17
3093	28525	9.22
3094	28571	9.23
3095	28387	9.17
3096	31894	10.30
3097	28403	9.17
3098	28424	9.17
3099	28421	9.17
3100	28468	9.18
3101	28487	9.19
3102	30731	9.91
3103	28493	9.18
3104	28573	9.21
3105	28511	9.18
3106	28481	9.17
3107	28481	9.17
3108	28465	9.16
3109	28502	9.17
3110	28520	9.17
3111	28526	9.17
3112	28718	9.23
3113	28952	9.30
3114	28817	9.25
3115	28594	9.18
3116	28585	9.17
3117	36783	11.80
3118	29133	9.34
3119	28720	9.21
3120	30350	9.73
3121	28715	9.20
3122	31014	9.93
3123	28963	9.27
3124	28939	9.26
3125	29360	9.40
3126	28986	9.27
3127	29403	9.40
3128	28785	9.20
3129	31578	10.09
3130	30248	9.66
3131	32083	10.25
3132	32661	10.43
3133	32839	10.48
3134	32416	10.34
3135	33194	10.59
3136	32407	10.33
3137	32314	10.30
3138	32192	10.26
3139	32058	10.21
3140	31813	10.13
3141	31864	10.14
3142	31316	9.97
3143	29776	9.47
3144	30795	9.79
3145	31283	9.95
3146	28793	9.15
3147	28757	9.14
3148	29362	9.33
3149	29492	9.37
3150	30949	9.83
3151	29985	9.52
3152	28785	9.13
3153	30171	9.57
3154	31262	9.91
3155	29224	9.26
3156	29435	9.33
3157	29453	9.33
3158	29683	9.40
3159	29269	9.27
3160	29478	9.33
3161	29402	9.30
3162	29183	9.23
3163	29271	9.25
3164	29185	9.22
3165	29189	9.22
3166	29078	9.18
3167	29139	9.20
3168	29048	9.17
3169	29238	9.23
3170	29115	9.18
3171	29020	9.15
3172	29149	9.19
3173	29138	9.18
3174	29984	9.45
3175	29175	9.19
3176	29053	9.15
3177	29994	9.44
3178	29609	9.32
3179	29153	9.17
3180	29158	9.17
3181	29509	9.28
3182	31433	9.88
3183	29409	9.24
3184	29184	9.17
3185	29353	9.22
3186	29299	9.20
3187	29765	9.34
3188	29320	9.20
3189	29208	9.16
3190	29965	9.39
3191	29077	9.11
3192	29574	9.27
3193	30442	9.53
3194	29494	9.23
3195	29711	9.30
3196	29444	9.21
3197	30369	9.50
3198	29816	9.32
3199	29376	9.18
3200	29335	9.17
3201	29309	9.16
3202	29340	9.16
3203	29496	9.21
3204	29385	9.17
3205	29512	9.21
3206	29350	9.15
3207	29398	9.17
3208	29426	9.17
3209	29708	9.26
3210	32397	10.09
3211	29427	9.16
3212	29519	9.19
3213	30704	9.56
3214	30592	9.52
3215	29510	9.18
3216	29235	9.09
3217	29639	9.21
3218	29387	9.13
3219	30274	9.40
3220	29376	9.12
3221	30540	9.48
3222	31240	9.70
3223	30407	9.43
3224	29751	9.23
3225	32168	9.97
3226	29890	9.27
3227	29915	9.27
3228	30387	9.41
3229	29871	9.25
3230	29538	9.14
3231	29566	9.15
3232	29669	9.18
3233	29953	9.26
3234	29756	9.20
3235	29607	9.15
3236	29602	9.15
3237	29622	9.15
3238	29615	9.15
3239	30979	9.56
3240	31095	9.60
3241	30422	9.39
3242	32414	10.00
3243	29648	9.14
3244	29765	9.18
3245	29737	9.16
3246	30382	9.36
3247	29529	9.09
3248	29606	9.12
3249	29770	9.16
3250	29805	9.17
3251	29747	9.15
3252	29941	9.21
3253	29824	9.17
3254	29725	9.13
3255	29740	9.14
3256	29808	9.15
3257	29668	9.11
3258	31692	9.73
3259	30087	9.23
3260	33960	10.42
3261	30259	9.28
3262	31247	9.58
3263	29854	9.15
3264	29819	9.14
3265	30051	9.20
3266	30005	9.19
3267	30350	9.29
3268	30648	9.38
3269	30002	9.18
3270	29945	9.16
3271	32491	9.93
3272	32290	9.87
3273	34293	10.48
3274	33611	10.27
3275	33549	10.24
3276	33376	10.19
3277	34089	10.40
3278	33474	10.21
3279	33357	10.17
3280	33474	10.21
3281	33746	10.29
3282	40317	12.28
3283	38227	11.64
3284	33477	10.19
3285	34020	10.36
3286	34566	10.52
3287	34729	10.57
3288	35660	10.85
3289	36510	11.10
3290	38922	11.83
3291	34471	10.47
3292	34528	10.49
3293	35322	10.73
3294	34892	10.59
3295	34523	10.48
3296	33590	10.19
3297	33583	10.19
3298	33659	10.21
3299	33946	10.29
3300	33703	10.21
3301	33627	10.19
3302	33789	10.23
3303	35386	10.71
3304	33641	10.18
3305	33462	10.12
3306	33536	10.14
3307	33480	10.12
3308	33498	10.13
3309	33707	10.19
3310	35314	10.67
3311	34100	10.30
3312	33524	10.12
3313	33653	10.16
3314	33909	10.23
3315	38448	11.60
3316	35203	10.62
3317	34181	10.30
3318	35092	10.58
3319	33891	10.21
3320	34138	10.28
3321	33979	10.23
3322	34964	10.52
3323	35665	10.73
3324	35130	10.57
3325	35652	10.72
3326	35499	10.67
3327	33681	10.12
3328	33806	10.16
3329	34855	10.47
3330	37478	11.25
3331	36325	10.91
3332	35209	10.57
3333	36407	10.92
3334	35757	10.72
3335	37859	11.35
3336	35246	10.57
3337	34998	10.49
3338	35330	10.58
3339	34121	10.22
3340	34482	10.32
3341	34274	10.26
3342	40612	12.15
3343	40708	12.18
3344	36663	10.96
3345	34994	10.46
3346	35172	10.51
3347	35096	10.49
3348	35534	10.61
3349	40326	12.04
3350	35183	10.50
3351	35460	10.58
3352	35696	10.65
3353	35306	10.53
3354	35534	10.59
3355	35883	10.70
3356	36048	10.74
3357	35365	10.53
3358	35155	10.47
3359	35047	10.43
3360	35054	10.43
3361	35096	10.44
3362	34122	10.15
3363	34334	10.21
3364	34544	10.27
3365	34087	10.13
3366	34233	10.17
3367	34225	10.16
3368	34505	10.24
3369	34822	10.34
3370	34721	10.30
3371	34521	10.24
3372	34279	10.17
3373	34784	10.31
3374	34610	10.26
3375	34392	10.19
3376	34282	10.15
3377	35452	10.50
3378	36274	10.74
3379	34660	10.26
3380	34316	10.15
3381	34374	10.17
3382	34235	10.12
3383	34115	10.08
3384	35310	10.43
3385	34878	10.30
3386	34097	10.07
3387	33628	9.93
3388	33540	9.90
3389	31669	9.34
3390	30624	9.03
3391	30626	9.03
3392	30810	9.08
3393	30694	9.05
3394	30636	9.03
3395	30650	9.03
3396	31610	9.31
3397	31006	9.13
3398	30966	9.11
3399	32078	9.44
3400	30962	9.11
3401	30930	9.09
3402	30945	9.10
3403	30894	9.08
3404	30829	9.06
3405	30851	9.06
3406	31100	9.13
3407	31162	9.15
3408	30936	9.08
3409	30932	9.07
3410	30952	9.08
3411	31059	9.11
3412	31314	9.18
3413	32436	9.50
3414	32175	9.42
3415	31015	9.08
3416	31202	9.13
3417	31151	9.12
3418	32142	9.40
3419	32826	9.60
3420	32007	9.36
3421	33211	9.71
3422	31239	9.13
3423	31067	9.08
3424	31415	9.17
3425	31235	9.12
3426	31050	9.06
3427	31225	9.11
3428	31309	9.13
3429	32122	9.37
3430	33731	9.83
3431	33089	9.64
3432	39127	11.40
3433	35194	10.25
3434	31528	9.18
3435	33277	9.69
3436	32785	9.54
3437	32017	9.32
3438	31459	9.15
3439	31098	9.04
3440	31153	9.06
3441	31416	9.13
3442	31284	9.09
3443	31179	9.06
3444	31663	9.19
3445	35714	10.37
3446	32967	9.57
3447	31900	9.25
3448	31302	9.08
3449	31274	9.07
3450	31273	9.06
3451	31217	9.05
3452	31233	9.05
3453	32523	9.42
3454	34208	9.90
3455	31322	9.07
3456	31428	9.09
3457	31643	9.15
3458	31551	9.12
3459	31520	9.11
3460	31579	9.13
3461	32503	9.39
3462	31481	9.09
3463	31841	9.19
3464	31880	9.20
3465	31537	9.10
3466	31557	9.10
3467	31682	9.14
3468	31831	9.18
3469	31636	9.12
3470	32348	9.32
3471	31383	9.04
3472	33471	9.64
3473	34873	10.04
3474	32307	9.30
3475	31436	9.05
3476	31466	9.05
3477	31574	9.08
3478	31414	9.03
3479	31480	9.05
3480	31791	9.14
3481	34117	9.80
3482	31804	9.13
3483	31561	9.06
3484	43327	12.44
3485	32473	9.32
3486	48512	13.92
3487	52631	15.09
3488	40001	11.47
3489	35773	10.25
3490	45276	12.97
3491	46165	13.22
3492	37822	10.83
3493	50874	14.56
3494	37282	10.67
3495	43454	12.43
3496	40378	11.55
3497	41691	11.92
3498	39511	11.30
3499	54109	15.46
3500	38963	11.13
3501	39746	11.35
3502	38034	10.86
3503	39433	11.26
3504	38021	10.85
3505	43998	12.55
3506	40794	11.64
3507	38945	11.10
3508	41163	11.73
3509	41810	11.92
3510	41737	11.89
3511	48700	13.87
3512	39761	11.32
3513	38612	10.99
3514	38167	10.86
3515	37701	10.73
3516	40674	11.57
3517	42691	12.14
3518	39011	11.09
3519	37924	10.78
3520	38295	10.88
3521	37739	10.72
3522	39832	11.31
3523	38079	10.81
3524	36632	10.40
3525	38539	10.93
3526	38493	10.92
3527	36744	10.42
3528	36667	10.39
3529	36457	10.33
3530	36798	10.42
3531	35482	10.05
3532	35782	10.13
3533	36019	10.20
3534	35831	10.14
3535	35907	10.16
3536	36620	10.36
3537	39112	11.06
3538	36222	10.24
3539	34806	9.83
3540	33723	9.53
3541	32214	9.10
3542	32778	9.25
3543	33070	9.33
3544	32161	9.07
3545	32175	9.08
3546	32950	9.29
3547	33875	9.55
3548	32857	9.26
3549	33117	9.33
3550	38049	10.72
3551	35908	10.11
3552	33314	9.38
3553	34345	9.67
3554	38999	10.97
3555	36017	10.13
3556	35956	10.11
3557	34278	9.64
3558	35704	10.03
3559	36034	10.12
3560	35872	10.08
3561	36689	10.30
3562	40045	11.24
3563	39742	11.15
3564	45344	12.72
3565	38616	10.83
3566	37802	10.60
3567	38724	10.86
3568	37305	10.46
3569	37309	10.45
3570	37855	10.60
3571	36364	10.18
3572	42746	11.97
3573	36394	10.19
3574	36700	10.27
3575	37334	10.44
3576	37600	10.51
3577	36223	10.13
3578	38175	10.67
3579	36218	10.12
3580	36401	10.17
3581	38371	10.72
3582	37091	10.35
3583	37157	10.37
3584	36828	10.28
3585	36682	10.23
3586	36880	10.28
3587	36453	10.16
3588	37294	10.39
3589	36178	10.08
3590	37883	10.55
3591	36885	10.27
3592	36381	10.13
3593	36304	10.10
3594	36875	10.26
3595	36244	10.08
3596	36171	10.06
3597	38085	10.59
3598	38175	10.61
3599	36521	10.15
3600	37500	10.42
3601	39165	10.88
3602	38393	10.66
3603	38361	10.65
3604	38802	10.77
3605	37500	10.40
3606	37430	10.38
3607	36910	10.23
3608	36893	10.23
3609	38440	10.65
3610	38283	10.60
3611	43011	11.91
3612	49877	13.81
3613	37076	10.26
3614	51874	14.35
3615	42023	11.62
3616	37830	10.46
3617	50618	13.99
3618	43985	12.16
3619	42647	11.78
3620	49228	13.60
3621	45076	12.45
3622	44148	12.19
3623	42769	11.80
3624	42262	11.66
3625	41614	11.48
3626	38823	10.71
3627	38886	10.72
3628	39754	10.96
3629	40804	11.24
3630	39540	10.89
3631	39183	10.79
3632	39787	10.95
3633	37513	10.33
3634	37605	10.35
3635	38396	10.56
3636	37868	10.41
3637	37742	10.38
3638	42372	11.65
3639	40193	11.05
3640	38165	10.48
3641	38495	10.57
3642	40074	11.00
3643	37760	10.37
3644	37248	10.22
3645	37722	10.35
3646	38463	10.55
3647	38870	10.66
3648	48158	13.20
3649	38694	10.60
3650	38020	10.42
3651	44755	12.26
3652	37993	10.40
3653	38173	10.45
3654	37712	10.32
3655	36969	10.11
3656	37009	10.12
3657	38551	10.54
3658	37207	10.17
3659	38281	10.46
3660	36898	10.08
3661	37427	10.22
3662	38316	10.46
3663	37305	10.18
3664	36960	10.09
3665	37347	10.19
3666	37586	10.25
3667	34162	9.32
3668	33189	9.05
3669	33929	9.25
3670	35833	9.76
3671	38658	10.53
3672	39557	10.77
3673	42705	11.63
3674	37919	10.32
3675	49931	13.59
3676	50993	13.87
3677	42796	11.64
3678	50471	13.72
3679	58637	15.94
3680	65431	17.78
3681	64054	17.40
3682	64509	17.52
3683	50690	13.76
3684	63994	17.37
3685	58379	15.84
3686	47552	12.90
3687	45954	12.46
3688	47048	12.76
3689	48004	13.01
3690	43349	11.75
3691	44858	12.15
3692	42293	11.46
3693	46619	12.62
3694	46319	12.54
3695	43559	11.79
3696	45408	12.29
3697	47822	12.94
3698	43706	11.82
3699	49078	13.27
3700	45631	12.33
3701	45225	12.22
3702	44412	12.00
3703	45142	12.19
3704	47571	12.84
3705	45783	12.36
3706	43418	11.72
3707	42067	11.35
3708	42537	11.47
3709	47452	12.79
3710	45159	12.17
3711	46148	12.44
3712	43566	11.74
3713	42748	11.51
3714	41649	11.21
3715	44505	11.98
3716	42914	11.55
3717	44823	12.06
3718	42007	11.30
3719	42369	11.39
3720	42210	11.35
3721	40742	10.95
3722	41551	11.16
3723	39750	10.68
3724	39463	10.60
3725	38577	10.36
3726	42123	11.31
3727	39806	10.68
3728	40267	10.80
3729	40432	10.84
3730	42464	11.38
3731	38625	10.35
3732	38590	10.34
3733	38684	10.36
3734	38731	10.37
3735	39737	10.64
3736	38088	10.19
3737	39080	10.46
3738	41516	11.11
3739	41894	11.20
3740	40103	10.72
3741	38789	10.37
3742	38613	10.32
3743	38623	10.32
3744	37740	10.08
3745	40090	10.70
3746	37657	10.05
3747	38131	10.18
3748	38466	10.26
3749	40489	10.80
3750	37935	10.12
3751	38659	10.31
3752	37689	10.05
3753	38222	10.18
3754	39519	10.53
3755	38246	10.19
3756	39346	10.48
3757	37864	10.08
3758	38529	10.25
3759	38020	10.11
3760	37875	10.07
3761	37829	10.06
3762	40206	10.69
3763	35835	9.52
3764	35176	9.35
3765	34698	9.22
3766	34179	9.08
3767	34317	9.11
3768	34429	9.14
3769	34094	9.05
3770	33921	9.00
3771	33973	9.01
3772	33988	9.01
3773	34464	9.13
3774	34113	9.04
3775	33955	8.99
3776	33971	9.00
3777	33920	8.98
3778	37163	9.84
3779	34084	9.02
3780	34171	9.04
3781	34071	9.01
3782	34083	9.01
3783	34221	9.05
3784	34721	9.18
3785	33998	8.98
3786	33995	8.98
3787	34974	9.24
3788	34268	9.05
3789	34462	9.10
3790	34284	9.05
3791	34102	9.00
3792	34164	9.01
3793	34226	9.02
3794	34212	9.02
3795	34178	9.01
3796	34352	9.05
3797	35186	9.27
3798	34499	9.08
3799	35585	9.37
3800	36170	9.52
3801	34524	9.08
3802	34503	9.07
3803	34329	9.03
3804	34398	9.04
3805	34531	9.08
3806	34629	9.10
3807	34488	9.06
3808	34439	9.04
3809	35394	9.29
3810	34665	9.10
3811	34845	9.14
3812	34185	8.97
3813	36579	9.59
3814	34692	9.10
3815	34448	9.03
3816	34492	9.04
3817	34457	9.03
3818	35338	9.26
3819	36028	9.43
3820	34774	9.10
3821	34780	9.10
3822	35864	9.38
3823	34388	9.00
3824	34311	8.97
3825	34403	8.99
3826	34591	9.04
3827	34446	9.00
3828	34412	8.99
3829	36170	9.45
3830	34626	9.04
3831	34959	9.13
3832	34622	9.03
3833	34878	9.10
3834	34490	9.00
3835	34359	8.96
3836	34603	9.02
3837	35187	9.17
3838	34580	9.01
3839	35045	9.13
3840	35367	9.21
3841	34636	9.02
3842	34551	8.99
3843	34971	9.10
3844	34492	8.97
3845	35793	9.31
3846	34481	8.97
3847	34755	9.03
3848	34861	9.06
3849	34997	9.09
3850	35124	9.12
3851	34832	9.04
3852	34713	9.01
3853	34603	8.98
3854	34640	8.99
3855	34696	9.00
3856	34685	9.00
3857	34656	8.99
3858	34611	8.97
3859	34662	8.98
3860	34635	8.97
3861	37611	9.74
3862	34927	9.04
3863	35284	9.13
3864	35191	9.11
3865	34828	9.01
3866	34835	9.01
3867	34920	9.03
3868	34949	9.04
3869	35676	9.22
3870	34797	8.99
3871	34782	8.99
3872	35468	9.16
3873	34770	8.98
3874	35013	9.04
3875	35623	9.19
3876	34709	8.95
3877	34703	8.95
3878	34722	8.95
3879	34815	8.98
3880	34754	8.96
3881	34773	8.96
3882	35924	9.25
3883	35019	9.02
3884	35015	9.02
3885	34955	9.00
3886	34940	8.99
3887	35015	9.01
3888	36097	9.28
3889	35020	9.00
3890	34970	8.99
3891	35376	9.09
3892	35025	9.00
3893	35039	9.00
3894	35066	9.01
3895	35264	9.05
3896	35105	9.01
3897	37300	9.57
3898	56981	14.62
3899	56387	14.46
3900	44360	11.37
3901	35693	9.15
3902	35756	9.16
3903	35670	9.14
3904	36580	9.37
3905	40891	10.47
3906	40811	10.45
3907	63290	16.20
3908	43090	11.03
3909	47213	12.08
3910	40981	10.48
3911	45938	11.75
3912	45374	11.60
3913	40532	10.36
3914	40380	10.32
3915	44860	11.46
3916	41726	10.66
3917	42032	10.73
3918	42075	10.74
3919	41770	10.66
3920	42461	10.83
3921	42736	10.90
3922	43024	10.97
3923	42563	10.85
3924	41326	10.53
3925	40397	10.29
3926	39995	10.19
3927	39278	10.00
3928	40206	10.24
3929	39330	10.01
3930	39277	9.99
3931	39272	9.99
3932	39362	10.01
3933	39425	10.02
3934	39373	10.01
3935	41353	10.51
3936	39933	10.15
3937	39422	10.01
3938	39215	9.96
3939	36930	9.38
3940	36222	9.19
3941	35352	8.97
3942	35387	8.98
3943	35380	8.97
3944	35349	8.96
3945	35352	8.96
3946	35377	8.97
3947	35353	8.96
3948	35481	8.99
3949	35319	8.94
3950	35357	8.95
3951	35386	8.96
3952	35663	9.02
3953	35528	8.99
3954	35718	9.03
3955	35583	9.00
3956	35573	8.99
3957	35648	9.01
3958	35589	8.99
3959	35639	9.00
3960	35635	9.00
3961	36156	9.13
3962	35862	9.05
3963	35762	9.02
3964	35737	9.02
3965	35821	9.03
3966	35927	9.06
3967	35962	9.07
3968	36425	9.18
3969	35737	9.00
3970	35725	9.00
3971	36160	9.11
3972	36148	9.10
3973	35823	9.02
3974	35872	9.03
3975	36702	9.23
3976	35817	9.01
3977	36301	9.13
3978	35769	8.99
3979	35989	9.04
3980	36206	9.10
3981	36351	9.13
3982	36052	9.05
3983	35948	9.03
3984	35878	9.01
3985	36254	9.10
3986	36077	9.05
3987	36488	9.15
3988	36430	9.13
3989	35991	9.02
3990	36437	9.13
3991	35980	9.02
3992	35840	8.98
3993	35774	8.96
3994	35792	8.96
3995	36051	9.02
3996	35807	8.96
3997	35893	8.98
3998	35871	8.97
3999	35862	8.97
4000	35953	8.99
