N	Total Time	Average CPE
1	90	90.00
2	188	94.00
3	274	91.33
4	371	92.75
5	1181	236.20
6	573	95.50
7	2243	320.43
8	789	98.62
9	887	98.56
10	993	99.30
11	1107	100.64
12	1222	101.83
13	1329	102.23
14	1452	103.71
15	1555	103.67
16	1663	103.94
17	1772	104.24
18	1880	104.44
19	1988	104.63
20	2096	104.80
21	2203	104.90
22	2313	105.14
23	2421	105.26
24	2527	105.29
25	2637	105.48
26	2744	105.54
27	2856	105.78
28	2961	105.75
29	3074	106.00
30	3179	105.97
31	3293	106.23
32	3397	106.16
33	3511	106.39
34	3614	106.29
35	3725	106.43
36	3832	106.44
37	3942	106.54
38	4053	106.66
39	4161	106.69
40	4266	106.65
41	4380	106.83
42	4485	106.79
43	4593	106.81
44	4705	106.93
45	4810	106.89
46	4922	107.00
47	5029	107.00
48	5141	107.10
49	5326	108.69
50	5356	107.12
51	5463	107.12
52	5573	107.17
53	5683	107.23
54	5787	107.17
55	8697	158.13
56	6876	122.79
57	6855	120.26
58	6227	107.36
59	6335	107.37
60	6443	107.38
61	6550	107.38
62	6657	107.37
63	6771	107.48
64	6879	107.48
65	6986	107.48
66	7095	107.50
67	7204	107.52
68	7402	108.85
69	10815	156.74
70	9090	129.86
71	7645	107.68
72	7756	107.72
73	7865	107.74
74	7972	107.73
75	8078	107.71
76	8185	107.70
77	8301	107.81
78	8405	107.76
79	8510	107.72
80	8617	107.71
81	8730	107.78
82	8831	107.70
83	8936	107.66
84	9105	108.39
85	9148	107.62
86	9254	107.60
87	9349	107.46
88	9457	107.47
89	9562	107.44
90	9698	107.76
91	11167	122.71
92	9872	107.30
93	9979	107.30
94	10089	107.33
95	10178	107.14
96	10287	107.16
97	10394	107.15
98	10496	107.10
99	10655	107.63
100	10719	107.19
101	10812	107.05
102	10913	106.99
103	11017	106.96
104	11130	107.02
105	11231	106.96
106	15345	144.76
107	12319	115.13
108	11536	106.81
109	11637	106.76
110	11742	106.75
111	11843	106.69
112	11936	106.57
113	12046	106.60
114	12141	106.50
115	12336	107.27
116	12336	106.34
117	12441	106.33
118	16348	138.54
119	12636	106.18
120	12863	107.19
121	15205	125.66
122	12926	105.95
123	13021	105.86
124	13123	105.83
125	13218	105.74
126	13315	105.67
127	13405	105.55
128	13512	105.56
129	13599	105.42
130	13700	105.38
131	13861	105.81
132	13894	105.26
133	13989	105.18
134	14085	105.11
135	14183	105.06
136	14273	104.95
137	14377	104.94
138	14474	104.88
139	14563	104.77
140	14658	104.70
141	14758	104.67
142	14853	104.60
143	14956	104.59
144	15935	110.66
145	15151	104.49
146	15248	104.44
147	15437	105.01
148	15436	104.30
149	15535	104.26
150	15704	104.69
151	15733	104.19
152	15823	104.10
153	15919	104.05
154	16016	104.00
155	16111	103.94
156	16214	103.94
157	16311	103.89
158	16403	103.82
159	16500	103.77
160	16688	104.30
161	16894	104.93
162	17525	108.18
163	16888	103.61
164	16983	103.55
165	17072	103.47
166	17176	103.47
167	17268	103.40
168	17365	103.36
169	17532	103.74
170	17558	103.28
171	17661	103.28
172	17812	103.56
173	17853	103.20
174	17948	103.15
175	18043	103.10
176	18144	103.09
177	18261	103.17
178	18367	103.19
179	18468	103.17
180	18569	103.16
181	18660	103.09
182	18767	103.12
183	18869	103.11
184	18961	103.05
185	19054	102.99
186	19155	102.98
187	19253	102.96
188	19341	102.88
189	19445	102.88
190	19593	103.12
191	19645	102.85
192	20454	106.53
193	19951	103.37
194	19918	102.67
195	20026	102.70
196	20124	102.67
197	20211	102.59
198	20316	102.61
199	20411	102.57
200	22296	111.48
201	20658	102.78
202	23399	115.84
203	21725	107.02
204	21005	102.97
205	21106	102.96
206	21207	102.95
207	21301	102.90
208	21399	102.88
209	21498	102.86
210	21589	102.80
211	21684	102.77
212	21794	102.80
213	21883	102.74
214	21977	102.70
215	22075	102.67
216	24060	111.39
217	22272	102.64
218	24287	111.41
219	22471	102.61
220	22561	102.55
221	22663	102.55
222	22760	102.52
223	22862	102.52
224	22953	102.47
225	23047	102.43
226	23147	102.42
227	23245	102.40
228	23343	102.38
229	23534	102.77
230	25299	110.00
231	23631	102.30
232	23737	102.31
233	23836	102.30
234	23936	102.29
235	24027	102.24
236	24853	105.31
237	24222	102.20
238	24325	102.21
239	25255	105.67
240	25410	105.88
241	30365	126.00
242	26513	109.56
243	27102	111.53
244	24913	102.10
245	25003	102.05
246	28352	115.25
247	25205	102.04
248	25299	102.01
249	25394	101.98
250	25484	101.94
251	25589	101.95
252	27067	107.41
253	29287	115.76
254	25891	101.93
255	27678	108.54
256	26088	101.91
257	26285	102.28
258	26269	101.82
259	26369	101.81
260	26467	101.80
261	26564	101.78
262	26665	101.77
263	26767	101.78
264	26860	101.74
265	26957	101.72
266	27061	101.73
267	27159	101.72
268	27255	101.70
269	28068	104.34
270	27446	101.65
271	27546	101.65
272	27649	101.65
273	27735	101.59
274	27889	101.78
275	27929	101.56
276	28029	101.55
277	28128	101.55
278	28221	101.51
279	28321	101.51
280	28410	101.46
281	28611	101.82
282	28606	101.44
283	28710	101.45
284	28817	101.47
285	28914	101.45
286	29003	101.41
287	29105	101.41
288	29298	101.73
289	29295	101.37
290	29386	101.33
291	29489	101.34
292	29596	101.36
293	30555	104.28
294	29873	101.61
295	29877	101.28
296	29972	101.26
297	30070	101.25
298	30174	101.26
299	30280	101.27
300	31088	103.63
301	30464	101.21
302	30570	101.23
303	30656	101.17
304	30789	101.28
305	30840	101.11
306	30961	101.18
307	31151	101.47
308	31180	101.23
309	31223	101.05
310	31301	100.97
311	31414	101.01
312	31576	101.21
313	31635	101.07
314	31753	101.12
315	31819	101.01
316	31920	101.01
317	32895	103.77
318	32124	101.02
319	33285	104.34
320	37789	118.09
321	36061	112.34
322	32517	100.98
323	32607	100.95
324	32707	100.95
325	32821	100.99
326	32899	100.92
327	33010	100.95
328	33096	100.90
329	33240	101.03
330	35362	107.16
331	34491	104.20
332	33482	100.85
333	33592	100.88
334	33680	100.84
335	33780	100.84
336	33882	100.84
337	36473	108.23
338	34068	100.79
339	35011	103.28
340	35239	103.64
341	34359	100.76
342	34460	100.76
343	34554	100.74
344	34656	100.74
345	34756	100.74
346	34856	100.74
347	34954	100.73
348	35772	102.79
349	35144	100.70
350	35236	100.67
351	35343	100.69
352	35443	100.69
353	36354	102.99
354	35644	100.69
355	35728	100.64
356	35834	100.66
357	35924	100.63
358	36023	100.62
359	36220	100.89
360	36217	100.60
361	36305	100.57
362	36413	100.59
363	36508	100.57
364	36601	100.55
365	36709	100.57
366	36799	100.54
367	36891	100.52
368	37002	100.55
369	37095	100.53
370	37313	100.85
371	37292	100.52
372	37393	100.52
373	37499	100.53
374	37598	100.53
375	37680	100.48
376	37786	100.49
377	37889	100.50
378	37985	100.49
379	38084	100.49
380	38445	101.17
381	38281	100.48
382	38371	100.45
383	38472	100.45
384	38580	100.47
385	38788	100.75
386	38764	100.42
387	38873	100.45
388	38961	100.41
389	39055	100.40
390	40753	104.49
391	39263	100.42
392	39355	100.40
393	39447	100.37
394	39553	100.39
395	39747	100.63
396	39739	100.35
397	39846	100.37
398	39937	100.34
399	40034	100.34
400	42557	106.39
401	40232	100.33
402	40327	100.32
403	40420	100.30
404	40530	100.32
405	40746	100.61
406	43009	105.93
407	40830	100.32
408	40914	100.28
409	41134	100.57
410	41110	100.27
411	41203	100.25
412	41306	100.26
413	41414	100.28
414	41603	100.49
415	41602	100.25
416	44211	106.28
417	41794	100.23
418	41880	100.19
419	42099	100.47
420	42084	100.20
421	42908	101.92
422	42281	100.19
423	42482	100.43
424	46585	109.87
425	43412	102.15
426	42677	100.18
427	42777	100.18
428	42874	100.17
429	42971	100.17
430	43061	100.14
431	43163	100.15
432	44194	102.30
433	44195	102.07
434	43458	100.13
435	43549	100.11
436	43643	100.10
437	43839	100.32
438	45414	103.68
439	43933	100.08
440	44040	100.09
441	44236	100.31
442	44224	100.05
443	44322	100.05
444	44417	100.04
445	44528	100.06
446	44625	100.06
447	44718	100.04
448	44799	100.00
449	44899	100.00
450	45008	100.02
451	45106	100.01
452	46061	101.90
453	45302	100.00
454	45409	100.02
455	45494	99.99
456	45597	99.99
457	45698	100.00
458	45793	99.98
459	45897	99.99
460	45996	99.99
461	46089	99.98
462	46183	99.96
463	46281	99.96
464	46381	99.96
465	46479	99.95
466	46589	99.98
467	46762	100.13
468	46770	99.94
469	46865	99.93
470	46969	99.93
471	47073	99.94
472	47165	99.93
473	47258	99.91
474	47341	99.88
475	47454	99.90
476	47549	99.89
477	47641	99.88
478	47733	99.86
479	47842	99.88
480	47940	99.88
481	48042	99.88
482	48144	99.88
483	52236	108.15
484	49920	103.14
485	48419	99.83
486	48516	99.83
487	48620	99.84
488	48718	99.83
489	48824	99.84
490	48918	99.83
491	49011	99.82
492	49111	99.82
493	49198	99.79
494	50175	101.57
495	49402	99.80
496	49491	99.78
497	49585	99.77
498	49686	99.77
499	49911	100.02
500	52225	104.45
501	49981	99.76
502	50081	99.76
503	50169	99.74
504	50281	99.76
505	50363	99.73
506	50459	99.72
507	50564	99.73
508	50656	99.72
509	50770	99.74
510	50971	99.94
511	50956	99.72
512	51049	99.71
513	54368	105.98
514	51372	99.95
515	51363	99.73
516	52338	101.43
517	51560	99.73
518	51631	99.67
519	54079	104.20
520	55584	106.89
521	51923	99.66
522	52040	99.69
523	52130	99.67
524	52250	99.71
525	52335	99.69
526	53412	101.54
527	55872	106.02
528	52623	99.66
529	52707	99.64
530	52820	99.66
531	52917	99.66
532	55613	104.54
533	53121	99.66
534	53208	99.64
535	53303	99.63
536	53404	99.63
537	53499	99.63
538	53605	99.64
539	53678	99.59
540	53834	99.69
541	53885	99.60
542	53985	99.60
543	54078	99.59
544	54195	99.62
545	55874	102.52
546	54390	99.62
547	54582	99.78
548	54582	99.60
549	54679	99.60
550	54765	99.57
551	54873	99.59
552	54970	99.58
553	55062	99.57
554	63009	113.73
555	55842	100.62
556	55941	100.61
557	58092	104.29
558	55555	99.56
559	55664	99.58
560	55798	99.64
561	55859	99.57
562	55951	99.56
563	56050	99.56
564	56256	99.74
565	56249	99.56
566	56304	99.48
567	56419	99.50
568	58230	102.52
569	58167	102.23
570	56718	99.51
571	56909	99.67
572	56890	99.46
573	57000	99.48
574	57092	99.46
575	57186	99.45
576	57277	99.44
577	57389	99.46
578	57587	99.63
579	57584	99.45
580	57682	99.45
581	57777	99.44
582	57876	99.44
583	57971	99.44
584	58128	99.53
585	58215	99.51
586	58265	99.43
587	58365	99.43
588	58966	100.28
589	58094	98.63
590	58188	98.62
591	58350	98.73
592	58374	98.60
593	58525	98.69
594	58616	98.68
595	58662	98.59
596	58761	98.59
597	58869	98.61
598	59052	98.75
599	59050	98.58
600	60721	101.20
601	59241	98.57
602	60243	100.07
603	59428	98.55
604	59528	98.56
605	59621	98.55
606	59702	98.52
607	59881	98.65
608	59911	98.54
609	60012	98.54
610	60106	98.53
611	66818	109.36
612	65030	106.26
613	62017	101.17
614	61121	99.55
615	61079	99.32
616	61170	99.30
617	61389	99.50
618	61416	99.38
619	61464	99.30
620	61585	99.33
621	61665	99.30
622	63433	101.98
623	61864	99.30
624	61993	99.35
625	63646	101.83
626	62147	99.28
627	62265	99.31
628	62376	99.32
629	64027	101.79
630	62553	99.29
631	62674	99.32
632	63916	101.13
633	62841	99.27
634	63842	100.70
635	64716	101.91
636	63159	99.31
637	63246	99.29
638	63344	99.29
639	63431	99.27
640	63525	99.26
641	66096	103.11
642	63743	99.29
643	63827	99.26
644	63930	99.27
645	64029	99.27
646	64131	99.27
647	64216	99.25
648	64320	99.26
649	64417	99.26
650	64509	99.24
651	64703	99.39
652	64706	99.24
653	64801	99.24
654	69163	105.75
655	64995	99.23
656	65205	99.40
657	72694	110.65
658	82816	125.86
659	65676	99.66
660	69545	105.37
661	65587	99.22
662	65798	99.39
663	65781	99.22
664	65891	99.23
665	66894	100.59
666	67053	100.68
667	66191	99.24
668	66392	99.39
669	66371	99.21
670	67193	100.29
671	66557	99.19
672	66643	99.17
673	66762	99.20
674	66868	99.21
675	66955	99.19
676	67063	99.21
677	69787	103.08
678	67268	99.22
679	67362	99.21
680	67451	99.19
681	68453	100.52
682	69336	101.67
683	69440	101.67
684	69537	101.66
685	69724	101.79
686	69736	101.66
687	69823	101.63
688	70033	101.79
689	70030	101.64
690	70121	101.62
691	70221	101.62
692	70334	101.64
693	70529	101.77
694	70527	101.62
695	70614	101.60
696	70749	101.65
697	70845	101.64
698	70941	101.63
699	71153	101.79
700	72240	103.20
701	71254	101.65
702	71362	101.66
703	71431	101.61
704	71637	101.76
705	71666	101.65
706	71720	101.59
707	71974	101.80
708	72299	102.12
709	71237	100.48
710	70509	99.31
711	70497	99.15
712	72203	101.41
713	71556	100.36
714	77654	108.76
715	70849	99.09
716	70949	99.09
717	71177	99.27
718	71142	99.08
719	73163	101.76
720	71407	99.18
721	72305	100.28
722	72324	100.17
723	71640	99.09
724	71735	99.08
725	72839	100.47
726	71931	99.08
727	72028	99.08
728	72166	99.13
729	72210	99.05
730	72322	99.07
731	72402	99.05
732	72505	99.05
733	72711	99.20
734	72682	99.02
735	72806	99.06
736	72978	99.15
737	72991	99.04
738	73108	99.06
739	73198	99.05
740	73285	99.03
741	73389	99.04
742	73490	99.04
743	73589	99.04
744	73818	99.22
745	73759	99.01
746	73933	99.11
747	73969	99.02
748	74067	99.02
749	75001	100.13
750	74247	99.00
751	76805	102.27
752	74558	99.15
753	74552	99.01
754	74705	99.08
755	74750	99.01
756	74852	99.01
757	74941	99.00
758	75035	98.99
759	75138	99.00
760	75239	99.00
761	75321	98.98
762	75525	99.11
763	75522	98.98
764	75729	99.12
765	75719	98.98
766	75829	98.99
767	75975	99.05
768	76729	99.91
769	76281	99.20
770	76231	99.00
771	76335	99.01
772	76426	99.00
773	76522	98.99
774	76632	99.01
775	77860	100.46
776	76810	98.98
777	76907	98.98
778	77019	99.00
779	77107	98.98
780	77251	99.04
781	77304	98.98
782	77419	99.00
783	77494	98.97
784	77589	98.97
785	77695	98.97
786	77792	98.97
787	87196	110.80
788	82111	104.20
789	78617	99.64
790	84047	106.39
791	80795	102.14
792	77690	98.09
793	77761	98.06
794	77868	98.07
795	77954	98.06
796	78076	98.09
797	78330	98.28
798	78253	98.06
799	78507	98.26
800	81916	102.39
801	78584	98.11
802	81990	102.23
803	78845	98.19
804	78935	98.18
805	78990	98.12
806	79064	98.09
807	79247	98.20
808	85266	105.53
809	80427	99.42
810	79508	98.16
811	83954	103.52
812	81742	100.67
813	81893	100.73
814	82037	100.78
815	82121	100.76
816	82409	100.99
817	82288	100.72
818	82385	100.72
819	82526	100.76
820	82599	100.73
821	82938	101.02
822	82826	100.76
823	82958	100.80
824	83227	101.00
825	83231	100.89
826	83348	100.91
827	83637	101.13
828	83831	101.25
829	83623	100.87
830	83731	100.88
831	83828	100.88
832	84052	101.02
833	84411	101.33
834	86066	103.20
835	82567	98.88
836	82662	98.88
837	82780	98.90
838	82861	98.88
839	83068	99.01
840	83072	98.90
841	83159	98.88
842	83252	98.87
843	83356	98.88
844	83447	98.87
845	83580	98.91
846	83771	99.02
847	83744	98.87
848	86250	101.71
849	84017	98.96
850	84047	98.88
851	84247	99.00
852	84232	98.86
853	84340	98.87
854	84427	98.86
855	84637	98.99
856	84631	98.87
857	84722	98.86
858	84875	98.92
859	84939	98.88
860	85069	98.92
861	91239	105.97
862	85938	99.70
863	85352	98.90
864	85460	98.91
865	85548	98.90
866	85653	98.91
867	85761	98.92
868	85837	98.89
869	86000	98.96
870	86044	98.90
871	87034	99.92
872	86977	99.74
873	86351	98.91
874	86439	98.90
875	86525	98.89
876	86703	98.98
877	86745	98.91
878	86905	98.98
879	86947	98.92
880	87099	98.98
881	87147	98.92
882	87300	98.98
883	87352	98.93
884	87434	98.91
885	87529	98.90
886	87617	98.89
887	87771	98.95
888	87797	98.87
889	87903	98.88
890	87997	98.87
891	88086	98.86
892	88206	98.89
893	88352	98.94
894	93345	104.41
895	88483	98.86
896	88645	98.93
897	88661	98.84
898	88819	98.91
899	88831	98.81
900	89804	99.78
901	89054	98.84
902	89205	98.90
903	89243	98.83
904	89345	98.83
905	89419	98.81
906	89562	98.85
907	94583	104.28
908	91173	100.41
909	103718	114.10
910	90036	98.94
911	90034	98.83
912	90120	98.82
913	91008	99.68
914	90331	98.83
915	90474	98.88
916	92961	101.49
917	90674	98.88
918	90730	98.83
919	90880	98.89
920	90948	98.86
921	91094	98.91
922	91103	98.81
923	91264	98.88
924	92778	100.41
925	91439	98.85
926	91506	98.82
927	91581	98.79
928	91757	98.88
929	91803	98.82
930	91963	98.88
931	91996	98.81
932	92135	98.86
933	92774	99.44
934	92284	98.81
935	92369	98.79
936	92498	98.82
937	93648	99.94
938	95162	101.45
939	92728	98.75
940	92874	98.80
941	92934	98.76
942	93910	99.69
943	93076	98.70
944	94153	99.74
945	93342	98.77
946	93433	98.77
947	95454	100.80
948	95503	100.74
949	93765	98.80
950	93846	98.79
951	93956	98.80
952	94024	98.76
953	94139	98.78
954	94296	98.84
955	94331	98.78
956	94453	98.80
957	94533	98.78
958	95566	99.76
959	94700	98.75
960	94756	98.70
961	94909	98.76
962	94994	98.75
963	95085	98.74
964	95213	98.77
965	96099	99.58
966	95399	98.76
967	95503	98.76
968	95518	98.68
969	97303	100.42
970	95804	98.77
971	95975	98.84
972	96009	98.77
973	96223	98.89
974	96206	98.77
975	96321	98.79
976	96321	98.69
977	96530	98.80
978	98109	100.32
979	97841	99.94
980	96748	98.72
981	96876	98.75
982	96967	98.74
983	97069	98.75
984	97163	98.74
985	97385	98.87
986	97375	98.76
987	97462	98.75
988	97569	98.75
989	97638	98.72
990	97719	98.71
991	97869	98.76
992	97956	98.75
993	99657	100.36
994	98150	98.74
995	98197	98.69
996	98401	98.80
997	98448	98.74
998	98641	98.84
999	100235	100.34
1000	100412	100.41
1001	98796	98.70
1002	99025	98.83
1003	98967	98.67
1004	101553	101.15
1005	99163	98.67
1006	101691	101.08
1007	103550	102.83
1008	101657	100.85
1009	99627	98.74
1010	99786	98.80
1011	99847	98.76
1012	99915	98.73
1013	100001	98.72
1014	100149	98.77
1015	101956	100.45
1016	100352	98.77
1017	100384	98.71
1018	100541	98.76
1019	102165	100.26
1020	100760	98.78
1021	101712	99.62
1022	100865	98.69
1023	100964	98.69
1024	100998	98.63
1025	101396	98.92
1026	101195	98.63
1027	101347	98.68
1028	101394	98.63
1029	101563	98.70
1030	101604	98.64
1031	101777	98.72
1032	101790	98.63
1033	101902	98.65
1034	101996	98.64
1035	102140	98.69
1036	102200	98.65
1037	105633	101.86
1038	105018	101.17
1039	102504	98.66
1040	102668	98.72
1041	102699	98.65
1042	105044	100.81
1043	102902	98.66
1044	103062	98.72
1045	105537	100.99
1046	103184	98.65
1047	103265	98.63
1048	103486	98.75
1049	103470	98.64
1050	103615	98.68
1051	103643	98.61
1052	103765	98.64
1053	103860	98.63
1054	104013	98.68
1055	104053	98.63
1056	104156	98.63
1057	106691	100.94
1058	105920	100.11
1059	104534	98.71
1060	104550	98.63
1061	104726	98.70
1062	104754	98.64
1063	104905	98.69
1064	104929	98.62
1065	105095	98.68
1066	105116	98.61
1067	105290	98.68
1068	105376	98.67
1069	105410	98.61
1070	105599	98.69
1071	105624	98.62
1072	105819	98.71
1073	105833	98.63
1074	105975	98.67
1075	106072	98.67
1076	108010	100.38
1077	106227	98.63
1078	106351	98.66
1079	106468	98.67
1080	106511	98.62
1081	106660	98.67
1082	106702	98.62
1083	106860	98.67
1084	106908	98.62
1085	107056	98.67
1086	107093	98.61
1087	107231	98.65
1088	107355	98.67
1089	107368	98.59
1090	113109	103.77
1091	107567	98.59
1092	107750	98.67
1093	108661	99.42
1094	107930	98.66
1095	110622	101.02
1096	108073	98.61
1097	108225	98.66
1098	108247	98.59
1099	108419	98.65
1100	110037	100.03
1101	108534	98.58
1102	108655	98.60
1103	111390	100.99
1104	108913	98.65
1105	108964	98.61
1106	115456	104.39
1107	109181	98.63
1108	110891	100.08
1109	112134	101.11
1110	109450	98.60
1111	109631	98.68
1112	110457	99.33
1113	112707	101.26
1114	109853	98.61
1115	109930	98.59
1116	111760	100.14
1117	110099	98.57
1118	110944	99.23
1119	110315	98.58
1120	112134	100.12
1121	110497	98.57
1122	110637	98.61
1123	110765	98.63
1124	110788	98.57
1125	110984	98.65
1126	110970	98.55
1127	111201	98.67
1128	111213	98.59
1129	111344	98.62
1130	113711	100.63
1131	113016	99.93
1132	116116	102.58
1133	113186	99.90
1134	113410	100.01
1135	113418	99.93
1136	113514	99.92
1137	113587	99.90
1138	113665	99.88
1139	113757	99.87
1140	113977	99.98
1141	114080	99.98
1142	114116	99.93
1143	114144	99.86
1144	114269	99.89
1145	114358	99.88
1146	114572	99.98
1147	114680	99.98
1148	118246	103.00
1149	114908	100.01
1150	117278	101.98
1151	116197	100.95
1152	115077	99.89
1153	115155	99.87
1154	115359	99.96
1155	115413	99.92
1156	116520	100.80
1157	115569	99.89
1158	115641	99.86
1159	115834	99.94
1160	115825	99.85
1161	116069	99.97
1162	119207	102.59
1163	116134	99.86
1164	116359	99.96
1165	121264	104.09
1166	116760	100.14
1167	116665	99.97
1168	116685	99.90
1169	116913	100.01
1170	116890	99.91
1171	117002	99.92
1172	117200	100.00
1173	117196	99.91
1174	117358	99.96
1175	117395	99.91
1176	117484	99.90
1177	117598	99.91
1178	117679	99.90
1179	117796	99.91
1180	118004	100.00
1181	119938	101.56
1182	137593	116.41
1183	125441	106.04
1184	118456	100.05
1185	116831	98.59
1186	116831	98.51
1187	116986	98.56
1188	117137	98.60
1189	117129	98.51
1190	117254	98.53
1191	117446	98.61
1192	117424	98.51
1193	117620	98.59
1194	117626	98.51
1195	117765	98.55
1196	118807	99.34
1197	118824	99.27
1198	121066	101.06
1199	121094	101.00
1200	121240	101.03
1201	121309	101.01
1202	121367	100.97
1203	121577	101.06
1204	121652	101.04
1205	121743	101.03
1206	123951	102.78
1207	121866	100.97
1208	121974	100.97
1209	122080	100.98
1210	122138	100.94
1211	122260	100.96
1212	126290	104.20
1213	121597	100.24
1214	121251	99.88
1215	122974	101.21
1216	119723	98.46
1217	119964	98.57
1218	119941	98.47
1219	120070	98.50
1220	120266	98.58
1221	120244	98.48
1222	120381	98.51
1223	120439	98.48
1224	120528	98.47
1225	120631	98.47
1226	120721	98.47
1227	120881	98.52
1228	121018	98.55
1229	121019	98.47
1230	121196	98.53
1231	123718	100.50
1232	121284	98.44
1233	121538	98.57
1234	121480	98.44
1235	121665	98.51
1236	121749	98.50
1237	121815	98.48
1238	122027	98.57
1239	122136	98.58
1240	122083	98.45
1241	122336	98.58
1242	122410	98.56
1243	123514	99.37
1244	122461	98.44
1245	122553	98.44
1246	122727	98.50
1247	124610	99.93
1248	122906	98.48
1249	122976	98.46
1250	123163	98.53
1251	123927	99.06
1252	123410	98.57
1253	124267	99.18
1254	123493	98.48
1255	135105	107.65
1256	126971	101.09
1257	123994	98.64
1258	128390	102.06
1259	143892	114.29
1260	147313	116.92
1261	152423	120.87
1262	159077	126.05
1263	162572	128.72
1264	162888	128.87
1265	165154	130.56
1266	166783	131.74
1267	170899	134.88
1268	170332	134.33
1269	157743	124.30
1270	149217	117.49
1271	145220	114.26
1272	141033	110.88
1273	126725	99.55
1274	125423	98.45
1275	129009	101.18
1276	125713	98.52
1277	125804	98.52
1278	125811	98.44
1279	125883	98.42
1280	125985	98.43
1281	126447	98.71
1282	126237	98.47
1283	126282	98.43
1284	126372	98.42
1285	126606	98.53
1286	126599	98.44
1287	131410	102.11
1288	126789	98.44
1289	129230	100.26
1290	129038	100.03
1291	127112	98.46
1292	127201	98.45
1293	127287	98.44
1294	127445	98.49
1295	127534	98.48
1296	127688	98.52
1297	127707	98.46
1298	127763	98.43
1299	128014	98.55
1300	129656	99.74
1301	128091	98.46
1302	128190	98.46
1303	128347	98.50
1304	128351	98.43
1305	135622	103.92
1306	140659	107.70
1307	128767	98.52
1308	131719	100.70
1309	128979	98.53
1310	129073	98.53
1311	129140	98.50
1312	130974	99.83
1313	129367	98.53
1314	129440	98.51
1315	129497	98.48
1316	129670	98.53
1317	129767	98.53
1318	129846	98.52
1319	131875	99.98
1320	130027	98.51
1321	131034	99.19
1322	130260	98.53
1323	130384	98.55
1324	130562	98.61
1325	130505	98.49
1326	130630	98.51
1327	130729	98.51
1328	130855	98.54
1329	130923	98.51
1330	131121	98.59
1331	131115	98.51
1332	131189	98.49
1333	132952	99.74
1334	131520	98.59
1335	131460	98.47
1336	133317	99.79
1337	131748	98.54
1338	131814	98.52
1339	131910	98.51
1340	132073	98.56
1341	132124	98.53
1342	133814	99.71
1343	132329	98.53
1344	132363	98.48
1345	132468	98.49
1346	133495	99.18
1347	132705	98.52
1348	132764	98.49
1349	132989	98.58
1350	133002	98.52
1351	134817	99.79
1352	137517	101.71
1353	133162	98.42
1354	133366	98.50
1355	134156	99.01
1356	133482	98.44
1357	133605	98.46
1358	133775	98.51
1359	133822	98.47
1360	135540	99.66
1361	133985	98.45
1362	134202	98.53
1363	134182	98.45
1364	134415	98.54
1365	134442	98.49
1366	135330	99.07
1367	134617	98.48
1368	134680	98.45
1369	134778	98.45
1370	134991	98.53
1371	134966	98.44
1372	135136	98.50
1373	135152	98.44
1374	135321	98.49
1375	135485	98.53
1376	135471	98.45
1377	135619	98.49
1378	143377	104.05
1379	135802	98.48
1380	137781	99.84
1381	136028	98.50
1382	136128	98.50
1383	136144	98.44
1384	136234	98.43
1385	136406	98.49
1386	136422	98.43
1387	136658	98.53
1388	136648	98.45
1389	136849	98.52
1390	137688	99.06
1391	137033	98.51
1392	137035	98.44
1393	137127	98.44
1394	137294	98.49
1395	137367	98.47
1396	137554	98.53
1397	137524	98.44
1398	137749	98.53
1399	141237	100.96
1400	139385	99.56
1401	138043	98.53
1402	138156	98.54
1403	138204	98.51
1404	143250	102.03
1405	139918	99.59
1406	143249	101.88
1407	142010	100.93
1408	150975	107.23
1409	149586	106.16
1410	197759	140.25
1411	189394	134.23
1412	157556	111.58
1413	141288	99.99
1414	139268	98.49
1415	140197	99.08
1416	141047	99.61
1417	143029	100.94
1418	143180	100.97
1419	143222	100.93
1420	143408	100.99
1421	143394	100.91
1422	143532	100.94
1423	143713	100.99
1424	143810	100.99
1425	143836	100.94
1426	144018	100.99
1427	145913	102.25
1428	144069	100.89
1429	146922	102.81
1430	141267	98.79
1431	140852	98.43
1432	140994	98.46
1433	141090	98.46
1434	141144	98.43
1435	142779	99.50
1436	141401	98.47
1437	141457	98.44
1438	141586	98.46
1439	141676	98.45
1440	141743	98.43
1441	141845	98.44
1442	141947	98.44
1443	142045	98.44
1444	142159	98.45
1445	142277	98.46
1446	142292	98.40
1447	142474	98.46
1448	142560	98.45
1449	143548	99.07
1450	142712	98.42
1451	142960	98.53
1452	142911	98.42
1453	143104	98.49
1454	143058	98.39
1455	143259	98.46
1456	143284	98.41
1457	143466	98.47
1458	143472	98.40
1459	143668	98.47
1460	143769	98.47
1461	143896	98.49
1462	143871	98.41
1463	148189	101.29
1464	144097	98.43
1465	144313	98.51
1466	144292	98.43
1467	144411	98.44
1468	144536	98.46
1469	144653	98.47
1470	144663	98.41
1471	150854	102.55
1472	144997	98.50
1473	144965	98.41
1474	145034	98.39
1475	145253	98.48
1476	145245	98.40
1477	147249	99.69
1478	145442	98.40
1479	145595	98.44
1480	145651	98.41
1481	146707	99.06
1482	151588	102.29
1483	146004	98.45
1484	146096	98.45
1485	146215	98.46
1486	146208	98.39
1487	146424	98.47
1488	146485	98.44
1489	146571	98.44
1490	148281	99.52
1491	147555	98.96
1492	146790	98.38
1493	147002	98.46
1494	146983	98.38
1495	147080	98.38
1496	149960	100.24
1497	147427	98.48
1498	147358	98.37
1499	147439	98.36
1500	148316	98.88
1501	147762	98.44
1502	147877	98.45
1503	148715	98.95
1504	152266	101.24
1505	148168	98.45
1506	153959	102.23
1507	148339	98.43
1508	153828	102.01
1509	148671	98.52
1510	148752	98.51
1511	148755	98.45
1512	148750	98.38
1513	148895	98.41
1514	148967	98.39
1515	149056	98.39
1516	149222	98.43
1517	152640	100.62
1518	149302	98.35
1519	149543	98.45
1520	149548	98.39
1521	149630	98.38
1522	149808	98.43
1523	149935	98.45
1524	149905	98.36
1525	150022	98.38
1526	150127	98.38
1527	150309	98.43
1528	150462	98.47
1529	150547	98.46
1530	157418	102.89
1531	150627	98.38
1532	150852	98.47
1533	150931	98.45
1534	151028	98.45
1535	151005	98.37
1536	151089	98.37
1537	151508	98.57
1538	153755	99.97
1539	151425	98.39
1540	151494	98.37
1541	153217	99.43
1542	151849	98.48
1543	151862	98.42
1544	151866	98.36
1545	152017	98.39
1546	152109	98.39
1547	152282	98.44
1548	152409	98.46
1549	152340	98.35
1550	152455	98.36
1551	152570	98.37
1552	152702	98.39
1553	152855	98.43
1554	152849	98.36
1555	153050	98.42
1556	153125	98.41
1557	153140	98.36
1558	153243	98.36
1559	155759	99.91
1560	156283	100.18
1561	154108	98.72
1562	153696	98.40
1563	153754	98.37
1564	153804	98.34
1565	153953	98.37
1566	154058	98.38
1567	154115	98.35
1568	158858	101.31
1569	154510	98.48
1570	154397	98.34
1571	154493	98.34
1572	154673	98.39
1573	154771	98.39
1574	154818	98.36
1575	154848	98.32
1576	155783	98.85
1577	162413	102.99
1578	155287	98.41
1579	155436	98.44
1580	155369	98.33
1581	156458	98.96
1582	155695	98.42
1583	155773	98.40
1584	155876	98.41
1585	155920	98.37
1586	156127	98.44
1587	156167	98.40
1588	156264	98.40
1589	156363	98.40
1590	156399	98.36
1591	156554	98.40
1592	156690	98.42
1593	156772	98.41
1594	166974	104.75
1595	156914	98.38
1596	156985	98.36
1597	157149	98.40
1598	157216	98.38
1599	157324	98.39
1600	158189	98.87
1601	157515	98.39
1602	157581	98.37
1603	157730	98.40
1604	171564	106.96
1605	157950	98.41
1606	160889	100.18
1607	159759	99.41
1608	162587	101.11
1609	158336	98.41
1610	159933	99.34
1611	158553	98.42
1612	158633	98.41
1613	158602	98.33
1614	158720	98.34
1615	158903	98.39
1616	159013	98.40
1617	159090	98.39
1618	162449	100.40
1619	159214	98.34
1620	159354	98.37
1621	162659	100.34
1622	161155	99.36
1623	159719	98.41
1624	159887	98.45
1625	159792	98.33
1626	161889	99.56
1627	160178	98.45
1628	160182	98.39
1629	165884	101.83
1630	160397	98.40
1631	160442	98.37
1632	160532	98.37
1633	160661	98.38
1634	160750	98.38
1635	160894	98.41
1636	160979	98.40
1637	161062	98.39
1638	161242	98.44
1639	161341	98.44
1640	161397	98.41
1641	161521	98.43
1642	161603	98.42
1643	164372	100.04
1644	161807	98.42
1645	161933	98.44
1646	162038	98.44
1647	162163	98.46
1648	163668	99.31
1649	163847	99.36
1650	162368	98.40
1651	169569	102.71
1652	162605	98.43
1653	164381	99.44
1654	162807	98.43
1655	166923	100.86
1656	165787	100.11
1657	163068	98.41
1658	163218	98.44
1659	164866	99.38
1660	163434	98.45
1661	163517	98.44
1662	163592	98.43
1663	163631	98.40
1664	163784	98.43
1665	163890	98.43
1666	163984	98.43
1667	166274	99.74
1668	164158	98.42
1669	164311	98.45
1670	164297	98.38
1671	164537	98.47
1672	164586	98.44
1673	164672	98.43
1674	164730	98.41
1675	164904	98.45
1676	164988	98.44
1677	165018	98.40
1678	165100	98.39
1679	167994	100.06
1680	166147	98.90
1681	165413	98.40
1682	165541	98.42
1683	165637	98.42
1684	165668	98.38
1685	165901	98.46
1686	165984	98.45
1687	166063	98.44
1688	171049	101.33
1689	166195	98.40
1690	166316	98.41
1691	168833	99.84
1692	166440	98.37
1693	166627	98.42
1694	166867	98.50
1695	166843	98.43
1696	168508	99.36
1697	166996	98.41
1698	167072	98.39
1699	167125	98.37
1700	168068	98.86
1701	167421	98.43
1702	167502	98.41
1703	172521	101.30
1704	173478	101.81
1705	171007	100.30
1706	175233	102.72
1707	167967	98.40
1708	169738	99.38
1709	168188	98.41
1710	168254	98.39
1711	171621	100.30
1712	171953	100.44
1713	168600	98.42
1714	170229	99.32
1715	170341	99.32
1716	168825	98.38
1717	169696	98.83
1718	169016	98.38
1719	169207	98.43
1720	169296	98.43
1721	169448	98.46
1722	170228	98.85
1723	169645	98.46
1724	171319	99.37
1725	172414	99.95
1726	172504	99.94
1727	169942	98.40
1728	170027	98.40
1729	170122	98.39
1730	170269	98.42
1731	170386	98.43
1732	173253	100.03
1733	170475	98.37
1734	170687	98.44
1735	170813	98.45
1736	170833	98.41
1737	174196	100.29
1738	176882	101.77
1739	171124	98.40
1740	173104	99.49
1741	171294	98.39
1742	171386	98.38
1743	171390	98.33
1744	171581	98.38
1745	171680	98.38
1746	171731	98.36
1747	171819	98.35
1748	171998	98.40
1749	172098	98.40
1750	172184	98.39
1751	172301	98.40
1752	172283	98.34
1753	172518	98.41
1754	172537	98.37
1755	172707	98.41
1756	172808	98.41
1757	172947	98.43
1758	173023	98.42
1759	173097	98.41
1760	178839	101.61
1761	173252	98.38
1762	176432	100.13
1763	173472	98.40
1764	173541	98.38
1765	173629	98.37
1766	173762	98.39
1767	176255	99.75
1768	173960	98.39
1769	174044	98.39
1770	174112	98.37
1771	174231	98.38
1772	174321	98.38
1773	174358	98.34
1774	174533	98.38
1775	174638	98.39
1776	174642	98.33
1777	174829	98.38
1778	174945	98.39
1779	175012	98.38
1780	175987	98.87
1781	175268	98.41
1782	175328	98.39
1783	178876	100.32
1784	175510	98.38
1785	175656	98.41
1786	175731	98.39
1787	176512	98.78
1788	175924	98.39
1789	176011	98.39
1790	176080	98.37
1791	176151	98.35
1792	177217	98.89
1793	176629	98.51
1794	177348	98.86
1795	177371	98.81
1796	176625	98.34
1797	176856	98.42
1798	176825	98.35
1799	176995	98.39
1800	179491	99.72
1801	177220	98.40
1802	177311	98.40
1803	181550	100.69
1804	179492	99.50
1805	181072	100.32
1806	183019	101.34
1807	177808	98.40
1808	182026	100.68
1809	179794	99.39
1810	178024	98.36
1811	178217	98.41
1812	179209	98.90
1813	178491	98.45
1814	178577	98.44
1815	179580	98.94
1816	179552	98.87
1817	178853	98.43
1818	178960	98.44
1819	179099	98.46
1820	179152	98.44
1821	180169	98.94
1822	179326	98.42
1823	179498	98.46
1824	179452	98.38
1825	185748	101.78
1826	179816	98.48
1827	181470	99.33
1828	179997	98.47
1829	180143	98.49
1830	180174	98.46
1831	180294	98.47
1832	180329	98.43
1833	180520	98.48
1834	180623	98.49
1835	181749	99.05
1836	180793	98.47
1837	180889	98.47
1838	182590	99.34
1839	181133	98.50
1840	181176	98.47
1841	181312	98.49
1842	181400	98.48
1843	181459	98.46
1844	183004	99.24
1845	181726	98.50
1846	183924	99.63
1847	181872	98.47
1848	181991	98.48
1849	184727	99.91
1850	182185	98.48
1851	182279	98.48
1852	182379	98.48
1853	184057	99.33
1854	186974	100.85
1855	183455	98.90
1856	182852	98.52
1857	186283	100.31
1858	296847	159.77
1859	208396	112.10
1860	185120	99.53
1861	183283	98.49
1862	183388	98.49
1863	183397	98.44
1864	183585	98.49
1865	183630	98.46
1866	183772	98.48
1867	183852	98.47
1868	184034	98.52
1869	184018	98.46
1870	185594	99.25
1871	185746	99.28
1872	184344	98.47
1873	184872	98.70
1874	186686	99.62
1875	185238	98.79
1876	184865	98.54
1877	185071	98.60
1878	185110	98.57
1879	185226	98.58
1880	185289	98.56
1881	185160	98.44
1882	185341	98.48
1883	185396	98.46
1884	185491	98.46
1885	185619	98.47
1886	185752	98.49
1887	185772	98.45
1888	185928	98.48
1889	186015	98.47
1890	186128	98.48
1891	188798	99.84
1892	186247	98.44
1893	186402	98.47
1894	186485	98.46
1895	186617	98.48
1896	186643	98.44
1897	189715	100.01
1898	186955	98.50
1899	186924	98.43
1900	187122	98.49
1901	187251	98.50
1902	188179	98.94
1903	193930	101.91
1904	193573	101.67
1905	188842	99.13
1906	187734	98.50
1907	190974	100.14
1908	191496	100.36
1909	191488	100.31
1910	190204	99.58
1911	188739	98.76
1912	189805	99.27
1913	188457	98.51
1914	188634	98.55
1915	189745	99.08
1916	188903	98.59
1917	189025	98.60
1918	189117	98.60
1919	189231	98.61
1920	189326	98.61
1921	189395	98.59
1922	190251	98.99
1923	191109	99.38
1924	189737	98.62
1925	189805	98.60
1926	189854	98.57
1927	189947	98.57
1928	190149	98.62
1929	203916	105.71
1930	190299	98.60
1931	190470	98.64
1932	190481	98.59
1933	192615	99.65
1934	192292	99.43
1935	190899	98.66
1936	190911	98.61
1937	192718	99.49
1938	191191	98.65
1939	191197	98.61
1940	191410	98.66
1941	191345	98.58
1942	193336	99.56
1943	194238	99.97
1944	191796	98.66
1945	191734	98.58
1946	191866	98.60
1947	192114	98.67
1948	193437	99.30
1949	194098	99.59
1950	195802	100.41
1951	194182	99.53
1952	194358	99.57
1953	194600	99.64
1954	199602	102.15
1955	192830	98.63
1956	192880	98.61
1957	192888	98.56
1958	193021	98.58
1959	193214	98.63
1960	193281	98.61
1961	193435	98.64
1962	193517	98.63
1963	196336	100.02
1964	193732	98.64
1965	193978	98.72
1966	194061	98.71
1967	194070	98.66
1968	194166	98.66
1969	194323	98.69
1970	194364	98.66
1971	194568	98.72
1972	194551	98.66
1973	196288	99.49
1974	199053	100.84
1975	195732	99.10
1976	194934	98.65
1977	195048	98.66
1978	195180	98.68
1979	195206	98.64
1980	195407	98.69
1981	195424	98.65
1982	195554	98.66
1983	195674	98.68
1984	195837	98.71
1985	195859	98.67
1986	195931	98.66
1987	196073	98.68
1988	196228	98.71
1989	196324	98.70
1990	196343	98.66
1991	196393	98.64
1992	196578	98.68
1993	196646	98.67
1994	200253	100.43
1995	196873	98.68
1996	204441	102.43
1997	197013	98.65
1998	197214	98.71
1999	197288	98.69
2000	197401	98.70
2001	197406	98.65
2002	197469	98.64
2003	209733	104.71
2004	199146	99.37
2005	199092	99.30
2006	199770	99.59
2007	200916	100.11
2008	198310	98.76
2009	198386	98.75
2010	199367	99.19
2011	198607	98.76
2012	198802	98.81
2013	200589	99.65
2014	200520	99.56
2015	200747	99.63
2016	199219	98.82
2017	199216	98.77
2018	199428	98.82
2019	199424	98.77
2020	199662	98.84
2021	199682	98.80
2022	202961	100.38
2023	201358	99.53
2024	199875	98.75
2025	200034	98.78
2026	200168	98.80
2027	200211	98.77
2028	200331	98.78
2029	200450	98.79
2030	200558	98.80
2031	200702	98.82
2032	200726	98.78
2033	204271	100.48
2034	201593	99.11
2035	203285	99.89
2036	201169	98.81
2037	204652	100.47
2038	201300	98.77
2039	201390	98.77
2040	201499	98.77
2041	201552	98.75
2042	201732	98.79
2043	203559	99.64
2044	201858	98.76
2045	201958	98.76
2046	202084	98.77
2047	202153	98.76
2048	203030	99.14
2049	202477	98.82
2050	202484	98.77
2051	213070	103.89
2052	209116	101.91
2053	213869	104.17
2054	202854	98.76
2055	204694	99.61
2056	203202	98.83
2057	203119	98.75
2058	203281	98.78
2059	203369	98.77
2060	203496	98.78
2061	203613	98.79
2062	204757	99.30
2063	203794	98.79
2064	203911	98.79
2065	203921	98.75
2066	203846	98.67
2067	204081	98.73
2068	204103	98.70
2069	204164	98.68
2070	206147	99.59
2071	206303	99.62
2072	205554	99.21
2073	204799	98.79
2074	204928	98.81
2075	205039	98.81
2076	205073	98.78
2077	205232	98.81
2078	205407	98.85
2079	205466	98.83
2080	205608	98.85
2081	205603	98.80
2082	205672	98.79
2083	205836	98.82
2084	205875	98.79
2085	206067	98.83
2086	206168	98.83
2087	206213	98.81
2088	206264	98.79
2089	208055	99.60
2090	209768	100.37
2091	209362	100.13
2092	211700	101.20
2093	206749	98.78
2094	206931	98.82
2095	206944	98.78
2096	207121	98.82
2097	207296	98.85
2098	207215	98.77
2099	207324	98.77
2100	207621	98.87
2101	208616	99.29
2102	209505	99.67
2103	219673	104.46
2104	213202	101.33
2105	213860	101.60
2106	212084	100.70
2107	210590	99.95
2108	210481	99.85
2109	214428	101.67
2110	212498	100.71
2111	210788	99.85
2112	211811	100.29
2113	210968	99.84
2114	211075	99.85
2115	211143	99.83
2116	211362	99.89
2117	213217	100.72
2118	211477	99.85
2119	211674	99.89
2120	211790	99.90
2121	214895	101.32
2122	211843	99.83
2123	212051	99.88
2124	212069	99.84
2125	212247	99.88
2126	220259	103.60
2127	212445	99.88
2128	212485	99.85
2129	216832	101.85
2130	217622	102.17
2131	212828	99.87
2132	212891	99.86
2133	213046	99.88
2134	213136	99.88
2135	213355	99.93
2136	216650	101.43
2137	213493	99.90
2138	220137	102.96
2139	213753	99.93
2140	213839	99.92
2141	213937	99.92
2142	214043	99.93
2143	214136	99.92
2144	214258	99.93
2145	214304	99.91
2146	214403	99.91
2147	218109	101.59
2148	216181	100.64
2149	214709	99.91
2150	214835	99.92
2151	214925	99.92
2152	214932	99.88
2153	215028	99.87
2154	215203	99.91
2155	215327	99.92
2156	216124	100.24
2157	215423	99.87
2158	215621	99.92
2159	215663	99.89
2160	215765	99.89
2161	215878	99.90
2162	224344	103.77
2163	216142	99.93
2164	216141	99.88
2165	217322	100.38
2166	216480	99.94
2167	216471	99.89
2168	216715	99.96
2169	216758	99.93
2170	216826	99.92
2171	262863	121.08
2172	229798	105.80
2173	247800	114.04
2174	230294	105.93
2175	228743	105.17
2176	229277	105.37
2177	229244	105.30
2178	228920	105.11
2179	229061	105.12
2180	229161	105.12
2181	229364	105.16
2182	226625	103.86
2183	223852	102.54
2184	223800	102.47
2185	223890	102.47
2186	224005	102.47
2187	224111	102.47
2188	224229	102.48
2189	224319	102.48
2190	227586	103.92
2191	222263	101.44
2192	221730	101.15
2193	219538	100.11
2194	217143	98.97
2195	217321	99.01
2196	217286	98.95
2197	217415	98.96
2198	217537	98.97
2199	217783	99.04
2200	218313	99.23
2201	218443	99.25
2202	218607	99.28
2203	234072	106.25
2204	218611	99.19
2205	223289	101.26
2206	220634	100.02
2207	222599	100.86
2208	220960	100.07
2209	221266	100.17
2210	220365	99.71
2211	219443	99.25
2212	219458	99.21
2213	219533	99.20
2214	221334	99.97
2215	219912	99.28
2216	222510	100.41
2217	220112	99.28
2218	223318	100.68
2219	220172	99.22
2220	220354	99.26
2221	220542	99.30
2222	220666	99.31
2223	220864	99.35
2224	220722	99.25
2225	222521	100.01
2226	221032	99.30
2227	223041	100.15
2228	221108	99.24
2229	223827	100.42
2230	221575	99.36
2231	221720	99.38
2232	221683	99.32
2233	221859	99.35
2234	222001	99.37
2235	222018	99.34
2236	225640	100.91
2237	222165	99.31
2238	222371	99.36
2239	222484	99.37
2240	222519	99.34
2241	222767	99.41
2242	222845	99.40
2243	227073	101.24
2244	222963	99.36
2245	226387	100.84
2246	225775	100.52
2247	223389	99.42
2248	223617	99.47
2249	224866	99.98
2250	223880	99.50
2251	224986	99.95
2252	223996	99.47
2253	224152	99.49
2254	224307	99.52
2255	224317	99.48
2256	228043	101.08
2257	226358	100.29
2258	226179	100.17
2259	224825	99.52
2260	224949	99.53
2261	225029	99.53
2262	225059	99.50
2263	229543	101.43
2264	225364	99.54
2265	225525	99.57
2266	225533	99.53
2267	225660	99.54
2268	229732	101.29
2269	226024	99.61
2270	226120	99.61
2271	226164	99.59
2272	227117	99.96
2273	226539	99.67
2274	229704	101.01
2275	226602	99.61
2276	226806	99.65
2277	228494	100.35
2278	226922	99.61
2279	227135	99.66
2280	228631	100.28
2281	227264	99.63
2282	227373	99.64
2283	227388	99.60
2284	230180	100.78
2285	227816	99.70
2286	227903	99.70
2287	228081	99.73
2288	228038	99.67
2289	229144	100.11
2290	228332	99.71
2291	228424	99.70
2292	228441	99.67
2293	228730	99.75
2294	228657	99.68
2295	228784	99.69
2296	229052	99.76
2297	229171	99.77
2298	229241	99.76
2299	229330	99.75
2300	229466	99.77
2301	230455	100.15
2302	237822	103.31
2303	229805	99.79
2304	237014	102.87
2305	233117	101.14
2306	234291	101.60
2307	232026	100.57
2308	230281	99.78
2309	230419	99.79
2310	230388	99.74
2311	231634	100.23
2312	230778	99.82
2313	230672	99.73
2314	230787	99.74
2315	233639	100.92
2316	231087	99.78
2317	233008	100.56
2318	231279	99.78
2319	231380	99.78
2320	231492	99.78
2321	231475	99.73
2322	231604	99.74
2323	233816	100.65
2324	231886	99.78
2325	236115	101.55
2326	232092	99.78
2327	232175	99.77
2328	232291	99.78
2329	232273	99.73
2330	232497	99.78
2331	232590	99.78
2332	236081	101.24
2333	233834	100.23
2334	232927	99.80
2335	232871	99.73
2336	236854	101.39
2337	233207	99.79
2338	233449	99.85
2339	233438	99.80
2340	235195	100.51
2341	234373	100.12
2342	233666	99.77
2343	233810	99.79
2344	237774	101.44
2345	236192	100.72
2346	236887	100.97
2347	234762	100.03
2348	234188	99.74
2349	234295	99.74
2350	234495	99.79
2351	234485	99.74
2352	240133	102.10
2353	234746	99.76
2354	234727	99.71
2355	234800	99.70
2356	235039	99.76
2357	236967	100.54
2358	235112	99.71
2359	235204	99.70
2360	235445	99.76
2361	249943	105.86
2362	236403	100.09
2363	236416	100.05
2364	236615	100.09
2365	236737	100.10
2366	238410	100.77
2367	237021	100.14
2368	237230	100.18
2369	237155	100.11
2370	237282	100.12
2371	237469	100.16
2372	239167	100.83
2373	241286	101.68
2374	237088	99.87
2375	236868	99.73
2376	237079	99.78
2377	237161	99.77
2378	238622	100.35
2379	237364	99.77
2380	237476	99.78
2381	239496	100.59
2382	239494	100.54
2383	237748	99.77
2384	237858	99.77
2385	241299	101.17
2386	240435	100.77
2387	239736	100.43
2388	238272	99.78
2389	238255	99.73
2390	238466	99.78
2391	240005	100.38
2392	238666	99.78
2393	239551	100.10
2394	238941	99.81
2395	238937	99.76
2396	239003	99.75
2397	239146	99.77
2398	240098	100.12
2399	240920	100.43
2400	239386	99.74
2401	239548	99.77
2402	244411	101.75
2403	239647	99.73
2404	245603	102.16
2405	240713	100.09
2406	240095	99.79
2407	241775	100.45
2408	240284	99.79
2409	240292	99.75
2410	240378	99.74
2411	240589	99.79
2412	240582	99.74
2413	240678	99.74
2414	240886	99.79
2415	246059	101.89
2416	241748	100.06
2417	241152	99.77
2418	243679	100.78
2419	241393	99.79
2420	241570	99.82
2421	241644	99.81
2422	241638	99.77
2423	241755	99.78
2424	244640	100.92
2425	241964	99.78
2426	242172	99.82
2427	243239	100.22
2428	242364	99.82
2429	242490	99.83
2430	243331	100.14
2431	242791	99.87
2432	244605	100.58
2433	253046	104.01
2434	243601	100.08
2435	243816	100.13
2436	243891	100.12
2437	244014	100.13
2438	244139	100.14
2439	244096	100.08
2440	248276	101.75
2441	244412	100.13
2442	248387	101.71
2443	244585	100.12
2444	244732	100.14
2445	244683	100.07
2446	244803	100.08
2447	246643	100.79
2448	245232	100.18
2449	245067	100.07
2450	245191	100.08
2451	245412	100.13
2452	245372	100.07
2453	245610	100.13
2454	245706	100.12
2455	245676	100.07
2456	245870	100.11
2457	245940	100.10
2458	246113	100.13
2459	247034	100.46
2460	246206	100.08
2461	246322	100.09
2462	246584	100.16
2463	246590	100.12
2464	251642	102.13
2465	246940	100.18
2466	247129	100.21
2467	247757	100.43
2468	247177	100.15
2469	247315	100.17
2470	247324	100.13
2471	247436	100.14
2472	249284	100.84
2473	247785	100.20
2474	247753	100.14
2475	247868	100.15
2476	247939	100.14
2477	247939	100.10
2478	248019	100.09
2479	248254	100.14
2480	249997	100.81
2481	248344	100.10
2482	248531	100.13
2483	251532	101.30
2484	248709	100.12
2485	248850	100.14
2486	252079	101.40
2487	248208	99.80
2488	249761	100.39
2489	248341	99.78
2490	248488	99.79
2491	248449	99.74
2492	248659	99.78
2493	253038	101.50
2494	248750	99.74
2495	250562	100.43
2496	250964	100.55
2497	249053	99.74
2498	250613	100.33
2499	249345	99.78
2500	249319	99.73
2501	249526	99.77
2502	254411	101.68
2503	252287	100.79
2504	256476	102.43
2505	252883	100.95
2506	249911	99.73
2507	251755	100.42
2508	250251	99.78
2509	250296	99.76
2510	250276	99.71
2511	251391	100.12
2512	250467	99.71
2513	250642	99.74
2514	250769	99.75
2515	250764	99.71
2516	250960	99.75
2517	251004	99.72
2518	251057	99.70
2519	253206	100.52
2520	252945	100.38
2521	251336	99.70
2522	251558	99.75
2523	251674	99.75
2524	251688	99.72
2525	251741	99.70
2526	251939	99.74
2527	254530	100.72
2528	252151	99.74
2529	252217	99.73
2530	252235	99.70
2531	252435	99.74
2532	252534	99.74
2533	252523	99.69
2534	252623	99.69
2535	254873	100.54
2536	252800	99.68
2537	252998	99.72
2538	254588	100.31
2539	254732	100.33
2540	253328	99.74
2541	255814	100.67
2542	262070	103.10
2543	256178	100.74
2544	253700	99.72
2545	253688	99.68
2546	253898	99.72
2547	253987	99.72
2548	254014	99.69
2549	255206	100.12
2550	254223	99.70
2551	256253	100.45
2552	254511	99.73
2553	254603	99.73
2554	254704	99.73
2555	254773	99.72
2556	254801	99.69
2557	257965	100.89
2558	254760	99.59
2559	258622	101.06
2560	255306	99.73
2561	255665	99.83
2562	255500	99.73
2563	255593	99.72
2564	255820	99.77
2565	255814	99.73
2566	258367	100.69
2567	255908	99.69
2568	256059	99.71
2569	256193	99.72
2570	262024	101.95
2571	256388	99.72
2572	256483	99.72
2573	258083	100.30
2574	256695	99.73
2575	259076	100.61
2576	256998	99.77
2577	256947	99.71
2578	257005	99.69
2579	257090	99.69
2580	263786	102.24
2581	257363	99.71
2582	257443	99.71
2583	257609	99.73
2584	257633	99.70
2585	257747	99.71
2586	257901	99.73
2587	257932	99.70
2588	258039	99.71
2589	261355	100.95
2590	258247	99.71
2591	258291	99.69
2592	258486	99.72
2593	258528	99.70
2594	258625	99.70
2595	258811	99.73
2596	258792	99.69
2597	258931	99.70
2598	259097	99.73
2599	260712	100.31
2600	259250	99.71
2601	261115	100.39
2602	265748	102.13
2603	263792	101.34
2604	261852	100.56
2605	264814	101.66
2606	259836	99.71
2607	259955	99.71
2608	263557	101.06
2609	260148	99.71
2610	277314	106.25
2611	260273	99.68
2612	262050	100.33
2613	262209	100.35
2614	260634	99.71
2615	260737	99.71
2616	260881	99.73
2617	263995	100.88
2618	261161	99.76
2619	266323	101.69
2620	261995	100.00
2621	264891	101.06
2622	261459	99.72
2623	261477	99.69
2624	262552	100.06
2625	261666	99.68
2626	261893	99.73
2627	261921	99.70
2628	264404	100.61
2629	262085	99.69
2630	262172	99.69
2631	262299	99.70
2632	271298	103.08
2633	262472	99.69
2634	262591	99.69
2635	265394	100.72
2636	262820	99.70
2637	262967	99.72
2638	263110	99.74
2639	266617	101.03
2640	263224	99.71
2641	263285	99.69
2642	263439	99.71
2643	267703	101.29
2644	265271	100.33
2645	263836	99.75
2646	263806	99.70
2647	263861	99.68
2648	264069	99.72
2649	267073	100.82
2650	268613	101.36
2651	264378	99.73
2652	264389	99.69
2653	264441	99.68
2654	264742	99.75
2655	264651	99.68
2656	264816	99.70
2657	264915	99.70
2658	266670	100.33
2659	265106	99.70
2660	265244	99.72
2661	265252	99.68
2662	265414	99.70
2663	265566	99.72
2664	265553	99.68
2665	267355	100.32
2666	265869	99.73
2667	265905	99.70
2668	266008	99.70
2669	266169	99.73
2670	269597	100.97
2671	266347	99.72
2672	266354	99.68
2673	269200	100.71
2674	266695	99.74
2675	266720	99.71
2676	268500	100.34
2677	266852	99.68
2678	267176	99.77
2679	267074	99.69
2680	268885	100.33
2681	267397	99.74
2682	267355	99.68
2683	267639	99.75
2684	278350	103.71
2685	268747	100.09
2686	267881	99.73
2687	269854	100.43
2688	268144	99.76
2689	268141	99.72
2690	274220	101.94
2691	268501	99.78
2692	268363	99.69
2693	268459	99.69
2694	268655	99.72
2695	269552	100.02
2696	268837	99.72
2697	268983	99.73
2698	273227	101.27
2699	269080	99.70
2700	269167	99.69
2701	269260	99.69
2702	281634	104.23
2703	271548	100.46
2704	270744	100.13
2705	269810	99.74
2706	269882	99.73
2707	269854	99.69
2708	271549	100.28
2709	270906	100.00
2710	270266	99.73
2711	270417	99.75
2712	270461	99.73
2713	270456	99.69
2714	270557	99.69
2715	270766	99.73
2716	270886	99.74
2717	271757	100.02
2718	271049	99.72
2719	271210	99.75
2720	271878	99.96
2721	271413	99.75
2722	271376	99.70
2723	273851	100.57
2724	272557	100.06
2725	275775	101.20
2726	275874	101.20
2727	271874	99.70
2728	271931	99.68
2729	272195	99.74
2730	272126	99.68
2731	272339	99.72
2732	273957	100.28
2733	275510	100.81
2734	272673	99.73
2735	274200	100.26
2736	272789	99.70
2737	272940	99.72
2738	276256	100.90
2739	274965	100.39
2740	273162	99.69
2741	273263	99.69
2742	273371	99.70
2743	273456	99.69
2744	273618	99.72
2745	273660	99.69
2746	280448	102.13
2747	273801	99.67
2748	274010	99.71
2749	274107	99.71
2750	274105	99.67
2751	274298	99.71
2752	274305	99.67
2753	275435	100.05
2754	274570	99.70
2755	274662	99.70
2756	274753	99.69
2757	274854	99.69
2758	275023	99.72
2759	275005	99.68
2760	275285	99.74
2761	277830	100.63
2762	275412	99.71
2763	275455	99.69
2764	275480	99.67
2765	275768	99.74
2766	275748	99.69
2767	275777	99.67
2768	281956	101.86
2769	276052	99.69
2770	276309	99.75
2771	276213	99.68
2772	276287	99.67
2773	276395	99.67
2774	286926	103.43
2775	279767	100.82
2776	278099	100.18
2777	278317	100.22
2778	278303	100.18
2779	278542	100.23
2780	278591	100.21
2781	278780	100.24
2782	278786	100.21
2783	279030	100.26
2784	278918	100.19
2785	279148	100.23
2786	279202	100.22
2787	285065	102.28
2788	279475	100.24
2789	285141	102.24
2790	278532	99.83
2791	281539	100.87
2792	278292	99.67
2793	279342	100.02
2794	283003	101.29
2795	278626	99.69
2796	280727	100.40
2797	278779	99.67
2798	278967	99.70
2799	281470	100.56
2800	279311	99.75
2801	279388	99.75
2802	285940	102.05
2803	289226	103.18
2804	281246	100.30
2805	279649	99.70
2806	279874	99.74
2807	281390	100.25
2808	280052	99.73
2809	279999	99.68
2810	286621	102.00
2811	280615	99.83
2812	280361	99.70
2813	280560	99.74
2814	280612	99.72
2815	280706	99.72
2816	281607	100.00
2817	280959	99.74
2818	281064	99.74
2819	283584	100.60
2820	282817	100.29
2821	282864	100.27
2822	283186	100.35
2823	283491	100.42
2824	283501	100.39
2825	283223	100.26
2826	283334	100.26
2827	283324	100.22
2828	283420	100.22
2829	283523	100.22
2830	286978	101.41
2831	288017	101.74
2832	284105	100.32
2833	283922	100.22
2834	285677	100.80
2835	284355	100.30
2836	290764	102.53
2837	286781	101.09
2838	286586	100.98
2839	283137	99.73
2840	283173	99.71
2841	283264	99.71
2842	283404	99.72
2843	283424	99.69
2844	283567	99.71
2845	285392	100.31
2846	283797	99.72
2847	285016	100.11
2848	283907	99.69
2849	284062	99.71
2850	284204	99.72
2851	284241	99.70
2852	286276	100.38
2853	284382	99.68
2854	286106	100.25
2855	284586	99.68
2856	287983	100.83
2857	284816	99.69
2858	284930	99.70
2859	285936	100.01
2860	285109	99.69
2861	285227	99.69
2862	285314	99.69
2863	288746	100.85
2864	285613	99.73
2865	285734	99.73
2866	285834	99.73
2867	287655	100.33
2868	287664	100.30
2869	286050	99.70
2870	288042	100.36
2871	291094	101.39
2872	286294	99.68
2873	286443	99.70
2874	286623	99.73
2875	286775	99.75
2876	286765	99.71
2877	286819	99.69
2878	286920	99.69
2879	287252	99.77
2880	291217	101.12
2881	287278	99.71
2882	287285	99.68
2883	287569	99.75
2884	289195	100.28
2885	287684	99.72
2886	287750	99.71
2887	290360	100.57
2888	291879	101.07
2889	288054	99.71
2890	288224	99.73
2891	288237	99.70
2892	288415	99.73
2893	289120	99.94
2894	288509	99.69
2895	288718	99.73
2896	290484	100.31
2897	288789	99.69
2898	294772	101.72
2899	288997	99.69
2900	290904	100.31
2901	289296	99.72
2902	298075	102.71
2903	305741	105.32
2904	291409	100.35
2905	292283	100.61
2906	290580	99.99
2907	291389	100.24
2908	290244	99.81
2909	289726	99.60
2910	289849	99.60
2911	290191	99.69
2912	290202	99.66
2913	290420	99.70
2914	293756	100.81
2915	295737	101.45
2916	290655	99.68
2917	290839	99.70
2918	290820	99.66
2919	291060	99.71
2920	292033	100.01
2921	291879	99.92
2922	291211	99.66
2923	293599	100.44
2924	291463	99.68
2925	291636	99.70
2926	291724	99.70
2927	291723	99.67
2928	296763	101.35
2929	292064	99.71
2930	292161	99.71
2931	292145	99.67
2932	292232	99.67
2933	292423	99.70
2934	294554	100.39
2935	295907	100.82
2936	294188	100.20
2937	292739	99.67
2938	294613	100.28
2939	292935	99.67
2940	293029	99.67
2941	293230	99.70
2942	293427	99.74
2943	295905	100.55
2944	293550	99.71
2945	293596	99.69
2946	293832	99.74
2947	293875	99.72
2948	298284	101.18
2949	293931	99.67
2950	297890	100.98
2951	294125	99.67
2952	294238	99.67
2953	294355	99.68
2954	294662	99.75
2955	298822	101.12
2956	294633	99.67
2957	294746	99.68
2958	300530	101.60
2959	294927	99.67
2960	295039	99.68
2961	298708	100.88
2962	295229	99.67
2963	295335	99.67
2964	295776	99.79
2965	295746	99.75
2966	295696	99.70
2967	295841	99.71
2968	299386	100.87
2969	296069	99.72
2970	297756	100.25
2971	297012	99.97
2972	296360	99.72
2973	296544	99.75
2974	296481	99.69
2975	300167	100.90
2976	296746	99.71
2977	296950	99.75
2978	296867	99.69
2979	297131	99.74
2980	297036	99.68
2981	302404	101.44
2982	297431	99.74
2983	297354	99.68
2984	297608	99.73
2985	297551	99.68
2986	298814	100.07
2987	297780	99.69
2988	298709	99.97
2989	298766	99.96
2990	298173	99.72
2991	298176	99.69
2992	298348	99.72
2993	298423	99.71
2994	298515	99.70
2995	298589	99.70
2996	298702	99.70
2997	299672	99.99
2998	298959	99.72
2999	299051	99.72
3000	299923	99.97
3001	299290	99.73
3002	306373	102.06
3003	307470	102.39
3004	301188	100.26
3005	301395	100.30
3006	299780	99.73
3007	301428	100.24
3008	303597	100.93
3009	299952	99.68
3010	300152	99.72
3011	300138	99.68
3012	300365	99.72
3013	300338	99.68
3014	300546	99.72
3015	301450	99.98
3016	300627	99.68
3017	300886	99.73
3018	300837	99.68
3019	301126	99.74
3020	301161	99.72
3021	306059	101.31
3022	301232	99.68
3023	301392	99.70
3024	301555	99.72
3025	301590	99.70
3026	301714	99.71
3027	301843	99.72
3028	301965	99.72
3029	305256	100.78
3030	302203	99.74
3031	302186	99.70
3032	302206	99.67
3033	302292	99.67
3034	305281	100.62
3035	303585	100.03
3036	303731	100.04
3037	302928	99.75
3038	302906	99.71
3039	303083	99.73
3040	307976	101.31
3041	308935	101.59
3042	303200	99.67
3043	303303	99.67
3044	303405	99.67
3045	303496	99.67
3046	303708	99.71
3047	304653	99.98
3048	303622	99.61
3049	303900	99.67
3050	304060	99.69
3051	304287	99.73
3052	304306	99.71
3053	306218	100.30
3054	307236	100.60
3055	304560	99.69
3056	304606	99.67
3057	304781	99.70
3058	305004	99.74
3059	304941	99.69
3060	306559	100.18
3061	305204	99.71
3062	305184	99.67
3063	305420	99.71
3064	305526	99.71
3065	305487	99.67
3066	305651	99.69
3067	313176	102.11
3068	334142	108.91
3069	305957	99.69
3070	305972	99.67
3071	306133	99.69
3072	311177	101.29
3073	311370	101.32
3074	310779	101.10
3075	314168	102.17
3076	314296	102.18
3077	314442	102.19
3078	314552	102.19
3079	314522	102.15
3080	312143	101.35
3081	307151	99.69
3082	307203	99.68
3083	308895	100.19
3084	307448	99.69
3085	307495	99.67
3086	311780	101.03
3087	309294	100.19
3088	307804	99.68
3089	307877	99.67
3090	307987	99.67
3091	308090	99.67
3092	309012	99.94
3093	311809	100.81
3094	308385	99.67
3095	308483	99.67
3096	314094	101.45
3097	308710	99.68
3098	310464	100.21
3099	314439	101.46
3100	309002	99.68
3101	309100	99.68
3102	321033	103.49
3103	311578	100.41
3104	309440	99.69
3105	312333	100.59
3106	309640	99.69
3107	311408	100.23
3108	311553	100.24
3109	309932	99.69
3110	310048	99.69
3111	310192	99.71
3112	320711	103.06
3113	310359	99.70
3114	310370	99.67
3115	312991	100.48
3116	310694	99.71
3117	310715	99.68
3118	312365	100.18
3119	311710	99.94
3120	311034	99.69
3121	311196	99.71
3122	311114	99.65
3123	311290	99.68
3124	313399	100.32
3125	311386	99.64
3126	311321	99.59
3127	313314	100.20
3128	311722	99.66
3129	311810	99.65
3130	322113	102.91
3131	313931	100.27
3132	313965	100.24
3133	316680	101.08
3134	312422	99.69
3135	312634	99.72
3136	312724	99.72
3137	312843	99.73
3138	312816	99.69
3139	312976	99.71
3140	313122	99.72
3141	315492	100.44
3142	313227	99.69
3143	316837	100.81
3144	313517	99.72
3145	313744	99.76
3146	313629	99.69
3147	313676	99.67
3148	313804	99.68
3149	317299	100.76
3150	317571	100.82
3151	314127	99.69
3152	314191	99.68
3153	315646	100.11
3154	318658	101.03
3155	314188	99.58
3156	319576	101.26
3157	314803	99.72
3158	314922	99.72
3159	314994	99.71
3160	314992	99.68
3161	317248	100.36
3162	315237	99.70
3163	315390	99.71
3164	317873	100.47
3165	315684	99.74
3166	315586	99.68
3167	316606	99.97
3168	315765	99.67
3169	320683	101.19
3170	315972	99.68
3171	316174	99.71
3172	316155	99.67
3173	321731	101.40
3174	316651	99.76
3175	325022	102.37
3176	316813	99.75
3177	321510	101.20
3178	316926	99.72
3179	317199	99.78
3180	317278	99.77
3181	318053	99.99
3182	317426	99.76
3183	317527	99.76
3184	317604	99.75
3185	317714	99.75
3186	317840	99.76
3187	319502	100.25
3188	317987	99.74
3189	318121	99.76
3190	318180	99.74
3191	327178	102.53
3192	321248	100.64
3193	320929	100.51
3194	324850	101.71
3195	321192	100.53
3196	321128	100.48
3197	321246	100.48
3198	321296	100.47
3199	321364	100.46
3200	326789	102.12
3201	321724	100.51
3202	335088	104.65
3203	323084	100.87
3204	321877	100.46
3205	321975	100.46
3206	327556	102.17
3207	322285	100.49
3208	322331	100.48
3209	322489	100.50
3210	322678	100.52
3211	322633	100.48
3212	326380	101.61
3213	322899	100.50
3214	322948	100.48
3215	326695	101.62
3216	323322	100.54
3217	323445	100.54
3218	326174	101.36
3219	323491	100.49
3220	323631	100.51
3221	323624	100.47
3222	323729	100.47
3223	323935	100.51
3224	324138	100.54
3225	324016	100.47
3226	324340	100.54
3227	324216	100.47
3228	324339	100.48
3229	324582	100.52
3230	327435	101.37
3231	326737	101.13
3232	324837	100.51
3233	324812	100.47
3234	325900	100.77
3235	325020	100.47
3236	325213	100.50
3237	331167	102.31
3238	325447	100.51
3239	325526	100.50
3240	327474	101.07
3241	326850	100.85
3242	329035	101.49
3243	325954	100.51
3244	326048	100.51
3245	326150	100.51
3246	326233	100.50
3247	330449	101.77
3248	326454	100.51
3249	328498	101.11
3250	326533	100.47
3251	326726	100.50
3252	330298	101.57
3253	327034	100.53
3254	327075	100.51
3255	328272	100.85
3256	327150	100.48
3257	327367	100.51
3258	327475	100.51
3259	327568	100.51
3260	327738	100.53
3261	330959	101.49
3262	328499	100.70
3263	327847	100.47
3264	328070	100.51
3265	328159	100.51
3266	328167	100.48
3267	334337	102.34
3268	328348	100.47
3269	328529	100.50
3270	328637	100.50
3271	328628	100.47
3272	328814	100.49
3273	330551	100.99
3274	330170	100.85
3275	329045	100.47
3276	331709	101.25
3277	329364	100.51
3278	331638	101.17
3279	329637	100.53
3280	334694	102.04
3281	329634	100.47
3282	334290	101.86
3283	332880	101.40
3284	329225	100.25
3285	327746	99.77
3286	327816	99.76
3287	327878	99.75
3288	328015	99.76
3289	328064	99.75
3290	330883	100.57
3291	338154	102.75
3292	328389	99.75
3293	328485	99.75
3294	328581	99.75
3295	328701	99.76
3296	330664	100.32
3297	330739	100.32
3298	328972	99.75
3299	330937	100.31
3300	332319	100.70
3301	329064	99.69
3302	344096	104.21
3303	339007	102.64
3304	335511	101.55
3305	332221	100.52
3306	332341	100.53
3307	332342	100.50
3308	332566	100.53
3309	334054	100.95
3310	332823	100.55
3311	332722	100.49
3312	332709	100.46
3313	332855	100.47
3314	334553	100.95
3315	333375	100.57
3316	334149	100.77
3317	334882	100.96
3318	333336	100.46
3319	333420	100.46
3320	335590	101.08
3321	333690	100.48
3322	333985	100.54
3323	333969	100.50
3324	334136	100.52
3325	334103	100.48
3326	384107	115.49
3327	386471	116.16
3328	331845	99.71
3329	332253	99.81
3330	333202	100.06
3331	333781	100.20
3332	333936	100.22
3333	332322	99.71
3334	332425	99.71
3335	332710	99.76
3336	332682	99.72
3337	332716	99.71
3338	338045	101.27
3339	332972	99.72
3340	333200	99.76
3341	333237	99.74
3342	333233	99.71
3343	333334	99.71
3344	356715	106.67
3345	333453	99.69
3346	333621	99.71
3347	333616	99.68
3348	333586	99.64
3349	333703	99.64
3350	334673	99.90
3351	333916	99.65
3352	334012	99.65
3353	334144	99.66
3354	339419	101.20
3355	334282	99.64
3356	334551	99.69
3357	334687	99.70
3358	334732	99.68
3359	334897	99.70
3360	337645	100.49
3361	338376	100.68
3362	335017	99.65
3363	335092	99.64
3364	335190	99.64
3365	336988	100.15
3366	335528	99.68
3367	336393	99.91
3368	337263	100.14
3369	335858	99.69
3370	335993	99.70
3371	335930	99.65
3372	335968	99.63
3373	339569	100.67
3374	336319	99.68
3375	336356	99.66
3376	336415	99.65
3377	336555	99.66
3378	337834	100.01
3379	338658	100.22
3380	336874	99.67
3381	336889	99.64
3382	337111	99.68
3383	337231	99.68
3384	337182	99.64
3385	351360	103.80
3386	337571	99.70
3387	337675	99.70
3388	337588	99.64
3389	337875	99.70
3390	483583	142.65
3391	431399	127.22
3392	338096	99.67
3393	338114	99.65
3394	338294	99.67
3395	341232	100.51
3396	348780	102.70
3397	347104	102.18
3398	347265	102.20
3399	347204	102.15
3400	347229	102.13
3401	344002	101.15
3402	351510	103.32
3403	341068	100.23
3404	342873	100.73
3405	339338	99.66
3406	339484	99.67
3407	339581	99.67
3408	339663	99.67
3409	339699	99.65
3410	343955	100.87
3411	339956	99.66
3412	340006	99.65
3413	340140	99.66
3414	343697	100.67
3415	340370	99.67
3416	343637	100.60
3417	340590	99.68
3418	340653	99.66
3419	340818	99.68
3420	340817	99.65
3421	340921	99.66
3422	340749	99.58
3423	342161	99.96
3424	350098	102.25
3425	344507	100.59
3426	341585	99.70
3427	341698	99.71
3428	341787	99.70
3429	341792	99.68
3430	347426	101.29
3431	345357	100.66
3432	342077	99.67
3433	343289	100.00
3434	342362	99.70
3435	342445	99.69
3436	342687	99.73
3437	344489	100.23
3438	342800	99.71
3439	342824	99.69
3440	342949	99.69
3441	343807	99.91
3442	343194	99.71
3443	348198	101.13
3444	343399	99.71
3445	343394	99.68
3446	343479	99.67
3447	345349	100.19
3448	345671	100.25
3449	345655	100.22
3450	343929	99.69
3451	344082	99.71
3452	357144	103.46
3453	344373	99.73
3454	344633	99.78
3455	344620	99.75
3456	344612	99.71
3457	344750	99.73
3458	345032	99.78
3459	347429	100.44
3460	346863	100.25
3461	345190	99.74
3462	345064	99.67
3463	346662	100.10
3464	345196	99.65
3465	345440	99.69
3466	348242	100.47
3467	347701	100.29
3468	345455	99.61
3469	349474	100.74
3470	346524	99.86
3471	345882	99.65
3472	347599	100.11
3473	347536	100.07
3474	346176	99.65
3475	346390	99.68
3476	346473	99.68
3477	347390	99.91
3478	346701	99.68
3479	346730	99.66
3480	349444	100.41
3481	346974	99.68
3482	347039	99.67
3483	348206	99.97
3484	347263	99.67
3485	349064	100.16
3486	347395	99.65
3487	347509	99.66
3488	352720	101.12
3489	347776	99.68
3490	347824	99.66
3491	347860	99.64
3492	348086	99.68
3493	348282	99.71
3494	350109	100.20
3495	348298	99.66
3496	348554	99.70
3497	348568	99.68
3498	348599	99.66
3499	348626	99.64
3500	352022	100.58
3501	355033	101.41
3502	352778	100.74
3503	355452	101.47
3504	351047	100.18
3505	349298	99.66
3506	353392	100.80
3507	354486	101.08
3508	349589	99.65
3509	349782	99.68
3510	349881	99.68
3511	353457	100.67
3512	349960	99.65
3513	350270	99.71
3514	350201	99.66
3515	350381	99.68
3516	354615	100.86
3517	352633	100.27
3518	350577	99.65
3519	350757	99.68
3520	350750	99.64
3521	350987	99.68
3522	359226	101.99
3523	351194	99.69
3524	351325	99.69
3525	351242	99.64
3526	351444	99.67
3527	351514	99.66
3528	355910	100.88
3529	360020	102.02
3530	351860	99.68
3531	351831	99.64
3532	352041	99.67
3533	352144	99.67
3534	356340	100.83
3535	353132	99.90
3536	352455	99.68
3537	352541	99.67
3538	352662	99.68
3539	353572	99.91
3540	353580	99.88
3541	352964	99.68
3542	352930	99.64
3543	354732	100.12
3544	353241	99.67
3545	355792	100.36
3546	353388	99.66
3547	353489	99.66
3548	353637	99.67
3549	353741	99.67
3550	353837	99.67
3551	353928	99.67
3552	353999	99.66
3553	354039	99.65
3554	354241	99.67
3555	354302	99.66
3556	359366	101.06
3557	361836	101.73
3558	354639	99.67
3559	354619	99.64
3560	354891	99.69
3561	354920	99.67
3562	361963	101.62
3563	358144	100.52
3564	358172	100.50
3565	358201	100.48
3566	358255	100.46
3567	359314	100.73
3568	358566	100.49
3569	358681	100.50
3570	358686	100.47
3571	361322	101.18
3572	359049	100.52
3573	364254	101.95
3574	359040	100.46
3575	359223	100.48
3576	359456	100.52
3577	361995	101.20
3578	362057	101.19
3579	359797	100.53
3580	359707	100.48
3581	359760	100.46
3582	360057	100.52
3583	360100	100.50
3584	363489	101.42
3585	360325	100.51
3586	360256	100.46
3587	360573	100.52
3588	360492	100.47
3589	367330	102.35
3590	360694	100.47
3591	360929	100.51
3592	360837	100.46
3593	361125	100.51
3594	362303	100.81
3595	364390	101.36
3596	362042	100.68
3597	358527	99.67
3598	358551	99.65
3599	358583	99.63
3600	362317	100.64
3601	362921	100.78
3602	375730	104.31
3603	362686	100.66
3604	359308	99.70
3605	361042	100.15
3606	360035	99.84
3607	359466	99.66
3608	359554	99.65
3609	359663	99.66
3610	360480	99.86
3611	359905	99.67
3612	361683	100.13
3613	359974	99.63
3614	360155	99.66
3615	360246	99.65
3616	361905	100.08
3617	365197	100.97
3618	360428	99.62
3619	360577	99.63
3620	360683	99.64
3621	360890	99.67
3622	363741	100.43
3623	360971	99.63
3624	361226	99.68
3625	361320	99.67
3626	361296	99.64
3627	361386	99.64
3628	368713	101.63
3629	361732	99.68
3630	367260	101.17
3631	370115	101.93
3632	427423	117.68
3633	456907	125.77
3634	484122	133.22
3635	473753	130.33
3636	414558	114.01
3637	364308	100.17
3638	365559	100.48
3639	362659	99.66
3640	362868	99.69
3641	365450	100.37
3642	362905	99.64
3643	371003	101.84
3644	363269	99.69
3645	363194	99.64
3646	363502	99.70
3647	389859	106.90
3648	363571	99.66
3649	364555	99.91
3650	363837	99.68
3651	363851	99.66
3652	364022	99.68
3653	364036	99.65
3654	367739	100.64
3655	365317	99.95
3656	364412	99.68
3657	364523	99.68
3658	364619	99.68
3659	367505	100.44
3660	364690	99.64
3661	364918	99.68
3662	366689	100.13
3663	365099	99.67
3664	365207	99.67
3665	368805	100.63
3666	365412	99.68
3667	365467	99.66
3668	367205	100.11
3669	365577	99.64
3670	366682	99.91
3671	365923	99.68
3672	366004	99.67
3673	366104	99.67
3674	366199	99.67
3675	366283	99.67
3676	368106	100.14
3677	366511	99.68
3678	366455	99.63
3679	366692	99.67
3680	366802	99.67
3681	366984	99.70
3682	367744	99.88
3683	367062	99.66
3684	367164	99.66
3685	495906	134.57
3686	374753	101.67
3687	373515	101.31
3688	370748	100.53
3689	370795	100.51
3690	370971	100.53
3691	374557	101.48
3692	371242	100.55
3693	371095	100.49
3694	375292	101.60
3695	380755	103.05
3696	375227	101.52
3697	371700	100.54
3698	371721	100.52
3699	371851	100.53
3700	373342	100.90
3701	378064	102.15
3702	376255	101.64
3703	374105	101.03
3704	372202	100.49
3705	372433	100.52
3706	374580	101.07
3707	373468	100.75
3708	372484	100.45
3709	372820	100.52
3710	372867	100.50
3711	372969	100.50
3712	379915	102.35
3713	373318	100.54
3714	380278	102.39
3715	375782	101.15
3716	372032	100.12
3717	370377	99.64
3718	373400	100.43
3719	370720	99.68
3720	371157	99.77
3721	371135	99.74
3722	371250	99.74
3723	389193	104.54
3724	372197	99.95
3725	397672	106.76
3726	380709	102.18
3727	380809	102.18
3728	381986	102.46
3729	381078	102.19
3730	377528	101.21
3731	371990	99.70
3732	372185	99.73
3733	373688	100.10
3734	372187	99.68
3735	372266	99.67
3736	372343	99.66
3737	372428	99.66
3738	372568	99.67
3739	376912	100.81
3740	376218	100.59
3741	377908	101.02
3742	372950	99.67
3743	373067	99.67
3744	376600	100.59
3745	373810	99.82
3746	376400	100.48
3747	376541	100.49
3748	376578	100.47
3749	382015	101.90
3750	382407	101.98
3751	376823	100.46
3752	377082	100.50
3753	377148	100.49
3754	381859	101.72
3755	374481	99.73
3756	374628	99.74
3757	374871	99.78
3758	374957	99.78
3759	374964	99.75
3760	374718	99.66
3761	374873	99.67
3762	375134	99.72
3763	375174	99.70
3764	375102	99.66
3765	381255	101.26
3766	378004	100.37
3767	376397	99.92
3768	375602	99.68
3769	375696	99.68
3770	379206	100.59
3771	375911	99.68
3772	379304	100.56
3773	379477	100.58
3774	376105	99.66
3775	376412	99.71
3776	382193	101.22
3777	382116	101.17
3778	376487	99.65
3779	376734	99.69
3780	378404	100.11
3781	381106	100.80
3782	376893	99.65
3783	377206	99.71
3784	377067	99.65
3785	383721	101.38
3786	377395	99.68
3787	377490	99.68
3788	377482	99.65
3789	377675	99.68
3790	377676	99.65
3791	380744	100.43
3792	377995	99.68
3793	378102	99.68
3794	378305	99.71
3795	378178	99.65
3796	378382	99.68
3797	386371	101.76
3798	378601	99.68
3799	378740	99.69
3800	378857	99.70
3801	384239	101.09
3802	392053	103.12
3803	380114	99.95
3804	380753	100.09
3805	379281	99.68
3806	379448	99.70
3807	384074	100.89
3808	379544	99.67
3809	379671	99.68
3810	379724	99.67
3811	379823	99.66
3812	379963	99.68
3813	380077	99.68
3814	380185	99.68
3815	384629	100.82
3816	380362	99.68
3817	383709	100.53
3818	382277	100.12
3819	380606	99.66
3820	380762	99.68
3821	380870	99.68
3822	383237	100.27
3823	383712	100.37
3824	381093	99.66
3825	381269	99.68
3826	381399	99.69
3827	384843	100.56
3828	383095	100.08
3829	381672	99.68
3830	381770	99.68
3831	381875	99.68
3832	381979	99.68
3833	385321	100.53
3834	382189	99.68
3835	382267	99.68
3836	383837	100.06
3837	382462	99.68
3838	385675	100.49
3839	382603	99.66
3840	384248	100.06
3841	382681	99.63
3842	382641	99.59
3843	386187	100.49
3844	384780	100.10
3845	383236	99.67
3846	383304	99.66
3847	385032	100.09
3848	385392	100.15
3849	385592	100.18
3850	383806	99.69
3851	383887	99.69
3852	383901	99.66
3853	384084	99.68
3854	384265	99.71
3855	384198	99.66
3856	384397	99.69
3857	384381	99.66
3858	384508	99.67
3859	389015	100.81
3860	384819	99.69
3861	384798	99.66
3862	384996	99.69
3863	385005	99.66
3864	387775	100.36
3865	386868	100.10
3866	392385	101.50
3867	388144	100.37
3868	385520	99.67
3869	385665	99.68
3870	385776	99.68
3871	385870	99.68
3872	389887	100.69
3873	387729	100.11
3874	386114	99.67
3875	386201	99.66
3876	386362	99.68
3877	515843	133.05
3878	399255	102.95
3879	393035	101.32
3880	389854	100.48
3881	389937	100.47
3882	390126	100.50
3883	390093	100.46
3884	392345	101.02
3885	390378	100.48
3886	393171	101.18
3887	390684	100.51
3888	392035	100.83
3889	390710	100.47
3890	390879	100.48
3891	390990	100.49
3892	393468	101.10
3893	391192	100.49
3894	397101	101.98
3895	391283	100.46
3896	391451	100.48
3897	391511	100.46
3898	391647	100.47
3899	391949	100.53
3900	392046	100.52
3901	397086	101.79
3902	400949	102.75
3903	392086	100.46
3904	392375	100.51
3905	392497	100.51
3906	392416	100.46
3907	392489	100.46
3908	392675	100.48
3909	396350	101.39
3910	392879	100.48
3911	395741	101.19
3912	393053	100.47
3913	393096	100.46
3914	400944	102.44
3915	419885	107.25
3916	390502	99.72
3917	392917	100.31
3918	390819	99.75
3919	394413	100.64
3920	391070	99.76
3921	391103	99.75
3922	397471	101.34
3923	391304	99.75
3924	392141	99.93
3925	391503	99.75
3926	391589	99.74
3927	393226	100.13
3928	391759	99.73
3929	393594	100.18
3930	392096	99.77
3931	391969	99.71
3932	396328	100.80
3933	391955	99.66
3934	392249	99.71
3935	397456	101.01
3936	392254	99.66
3937	392407	99.67
3938	392584	99.69
3939	394164	100.07
3940	392714	99.67
3941	392755	99.66
3942	392855	99.66
3943	393092	99.69
3944	393091	99.67
3945	393275	99.69
3946	393211	99.65
3947	393686	99.74
3948	396101	100.33
3949	393518	99.65
3950	398774	100.96
3951	397364	100.57
3952	393729	99.63
3953	393934	99.65
3954	394867	99.87
3955	395692	100.05
3956	394217	99.65
3957	394282	99.64
3958	394436	99.66
3959	394532	99.65
3960	394556	99.64
3961	394684	99.64
3962	394840	99.66
3963	394907	99.65
3964	395025	99.65
3965	396723	100.06
3966	395150	99.63
3967	395368	99.66
3968	397111	100.08
3969	395537	99.66
3970	399239	100.56
3971	398840	100.44
3972	395819	99.65
3973	395973	99.67
3974	396081	99.67
3975	397743	100.06
3976	397973	100.09
3977	396408	99.68
3978	396477	99.67
3979	396572	99.67
3980	400235	100.56
3981	396758	99.66
3982	396896	99.67
3983	396921	99.65
3984	399698	100.33
3985	403680	101.30
3986	397322	99.68
3987	397377	99.67
3988	397452	99.66
3989	397555	99.66
3990	398459	99.86
3991	397684	99.65
3992	397845	99.66
3993	397964	99.67
3994	398060	99.66
3995	410274	102.70
3996	401535	100.48
3997	401734	100.51
3998	401947	100.54
3999	402191	100.57
4000	402955	100.74
