N	Total Time	Average CPE
1	328	328.00
2	29	14.50
3	110	36.67
4	49	12.25
5	119	23.80
6	206	34.33
7	140	20.00
8	218	27.25
9	161	17.89
10	232	23.20
11	271	24.64
12	343	28.58
13	282	21.69
14	371	26.50
15	552	36.80
16	403	25.19
17	402	23.65
18	453	25.17
19	453	23.84
20	849	42.45
21	268	12.76
22	274	12.45
23	286	12.43
24	301	12.54
25	313	12.52
26	319	12.27
27	331	12.26
28	575	20.54
29	624	21.52
30	686	22.87
31	694	22.39
32	765	23.91
33	731	22.15
34	773	22.74
35	498	14.23
36	433	12.03
37	462	12.49
38	460	12.11
39	464	11.90
40	488	12.20
41	491	11.98
42	504	12.00
43	519	12.07
44	530	12.05
45	551	12.24
46	561	12.20
47	567	12.06
48	583	12.15
49	600	12.24
50	605	12.10
51	620	12.16
52	625	12.02
53	649	12.25
54	643	11.91
55	651	11.84
56	676	12.07
57	696	12.21
58	693	11.95
59	705	11.95
60	733	12.22
61	721	11.82
62	737	11.89
63	756	12.00
64	768	12.00
65	781	12.02
66	796	12.06
67	807	12.04
68	816	12.00
69	839	12.16
70	835	11.93
71	851	11.99
72	867	12.04
73	876	12.00
74	885	11.96
75	909	12.12
76	911	11.99
77	924	12.00
78	936	12.00
79	942	11.92
80	965	12.06
81	959	11.84
82	974	11.88
83	992	11.95
84	1008	12.00
85	1025	12.06
86	1029	11.97
87	1045	12.01
88	1050	11.93
89	1074	12.07
90	1080	12.00
91	1088	11.96
92	1115	12.12
93	1112	11.96
94	1130	12.02
95	1131	11.91
96	1141	11.89
97	1160	11.96
98	1168	11.92
99	1174	11.86
100	1197	11.97
101	1192	11.80
102	1214	11.90
103	1239	12.03
104	1246	11.98
105	1244	11.85
106	1271	11.99
107	1266	11.83
108	1288	11.93
109	1296	11.89
110	1309	11.90
111	1318	11.87
112	1335	11.92
113	1341	11.87
114	1356	11.89
115	1368	11.90
116	1374	11.84
117	1394	11.91
118	1401	11.87
119	1414	11.88
120	1424	11.87
121	1414	11.69
122	1454	11.92
123	1466	11.92
124	1474	11.89
125	1491	11.93
126	1487	11.80
127	1507	11.87
128	1527	11.93
129	1524	11.81
130	1557	11.98
131	1571	11.99
132	1555	11.78
133	1587	11.93
134	1593	11.89
135	1599	11.84
136	1621	11.92
137	1637	11.95
138	1631	11.82
139	1650	11.87
140	1647	11.76
141	1659	11.77
142	1686	11.87
143	1699	11.88
144	1718	11.93
145	1713	11.81
146	1731	11.86
147	2675	18.20
148	1786	12.07
149	1771	11.89
150	1792	11.95
151	1802	11.93
152	1801	11.85
153	1812	11.84
154	1828	11.87
155	1844	11.90
156	1848	11.85
157	1874	11.94
158	1874	11.86
159	1890	11.89
160	1881	11.76
161	1893	11.76
162	1925	11.88
163	1926	11.82
164	1948	11.88
165	1960	11.88
166	1975	11.90
167	1981	11.86
168	1990	11.85
169	2011	11.90
170	2020	11.88
171	2037	11.91
172	2045	11.89
173	2052	11.86
174	2068	11.89
175	2071	11.83
176	2054	11.67
177	2093	11.82
178	2106	11.83
179	2130	11.90
180	2126	11.81
181	2136	11.80
182	2157	11.85
183	2170	11.86
184	2184	11.87
185	2194	11.86
186	2201	11.83
187	2222	11.88
188	2232	11.87
189	2241	11.86
190	2257	11.88
191	2269	11.88
192	2277	11.86
193	2298	11.91
194	2303	11.87
195	2314	11.87
196	2326	11.87
197	2342	11.89
198	2356	11.90
199	2366	11.89
200	2370	11.85
201	2375	11.82
202	2401	11.89
203	2419	11.92
204	2422	11.87
205	2439	11.90
206	2455	11.92
207	2459	11.88
208	2478	11.91
209	2483	11.88
210	2508	11.94
211	2523	11.96
212	2534	11.95
213	2637	12.38
214	2659	12.43
215	2603	12.11
216	2600	12.04
217	2601	11.99
218	2595	11.90
219	2611	11.92
220	2603	11.83
221	2613	11.82
222	2645	11.91
223	2800	12.56
224	2698	12.04
225	2656	11.80
226	2698	11.94
227	2705	11.92
228	2713	11.90
229	2725	11.90
230	2742	11.92
231	2746	11.89
232	2765	11.92
233	2781	11.94
234	2783	11.89
235	2800	11.91
236	2812	11.92
237	2832	11.95
238	2843	11.95
239	2961	12.39
240	2821	11.75
241	2854	11.84
242	2885	11.92
243	2896	11.92
244	2904	11.90
245	2914	11.89
246	2932	11.92
247	2945	11.92
248	2951	11.90
249	2961	11.89
250	2936	11.74
251	2986	11.90
252	2999	11.90
253	3005	11.88
254	3027	11.92
255	3022	11.85
256	3048	11.91
257	3059	11.90
258	3064	11.88
259	3096	11.95
260	3091	11.89
261	3092	11.85
262	3120	11.91
263	3145	11.96
264	3135	11.88
265	3156	11.91
266	3165	11.90
267	3177	11.90
268	3186	11.89
269	3212	11.94
270	3208	11.88
271	3230	11.92
272	3242	11.92
273	3252	11.91
274	3267	11.92
275	3271	11.89
276	3291	11.92
277	3295	11.90
278	3302	11.88
279	3331	11.94
280	3312	11.83
281	3420	12.17
282	3351	11.88
283	3371	11.91
284	3390	11.94
285	3392	11.90
286	3492	12.21
287	3424	11.93
288	3447	11.97
289	3532	12.22
290	3524	12.15
291	3536	12.15
292	3536	12.11
293	3508	11.97
294	3494	11.88
295	3518	11.93
296	3520	11.89
297	3534	11.90
298	3545	11.90
299	3562	11.91
300	3547	11.82
301	3573	11.87
302	3588	11.88
303	3605	11.90
304	3614	11.89
305	3632	11.91
306	3638	11.89
307	3659	11.92
308	3655	11.87
309	3677	11.90
310	3688	11.90
311	3696	11.88
312	3714	11.90
313	3723	11.89
314	3737	11.90
315	3745	11.89
316	3758	11.89
317	3776	11.91
318	3785	11.90
319	3794	11.89
320	3777	11.80
321	3810	11.87
322	3825	11.88
323	3837	11.88
324	3851	11.89
325	3864	11.89
326	3883	11.91
327	3889	11.89
328	3907	11.91
329	3916	11.90
330	3932	11.92
331	4962	14.99
332	3945	11.88
333	3959	11.89
334	3974	11.90
335	4058	12.11
336	4012	11.94
337	4017	11.92
338	4040	11.95
339	4055	11.96
340	4042	11.89
341	4088	11.99
342	5122	14.98
343	4167	12.15
344	4216	12.26
345	4224	12.24
346	4379	12.66
347	4145	11.95
348	4158	11.95
349	4159	11.92
350	4190	11.97
351	4191	11.94
352	4202	11.94
353	4221	11.96
354	4232	11.95
355	4245	11.96
356	4584	12.88
357	4277	11.98
358	4304	12.02
359	4305	11.99
360	4267	11.85
361	4306	11.93
362	4327	11.95
363	4329	11.93
364	4395	12.07
365	4338	11.88
366	4360	11.91
367	4374	11.92
368	4377	11.89
369	4397	11.92
370	4405	11.91
371	4425	11.93
372	4421	11.88
373	4443	11.91
374	4455	11.91
375	4422	11.79
376	4488	11.94
377	4519	11.99
378	4503	11.91
379	4505	11.89
380	4466	11.75
381	4525	11.88
382	4538	11.88
383	4564	11.92
384	4650	12.11
385	4578	11.89
386	4599	11.91
387	4599	11.88
388	4608	11.88
389	4628	11.90
390	4634	11.88
391	4647	11.88
392	4662	11.89
393	4681	11.91
394	4761	12.08
395	4697	11.89
396	4711	11.90
397	4717	11.88
398	4734	11.89
399	4741	11.88
400	4716	11.79
401	4731	11.80
402	4770	11.87
403	4785	11.87
404	4799	11.88
405	4812	11.88
406	4824	11.88
407	4842	11.90
408	4859	11.91
409	4903	11.99
410	4876	11.89
411	4890	11.90
412	4894	11.88
413	4904	11.87
414	4925	11.90
415	4942	11.91
416	4943	11.88
417	4959	11.89
418	5168	12.36
419	4987	11.90
420	4950	11.79
421	5004	11.89
422	5018	11.89
423	5025	11.88
424	5043	11.89
425	5061	11.91
426	5065	11.89
427	5074	11.88
428	5103	11.92
429	5100	11.89
430	5107	11.88
431	5125	11.89
432	5131	11.88
433	5274	12.18
434	5163	11.90
435	5192	11.94
436	5185	11.89
437	5199	11.90
438	5210	11.89
439	5220	11.89
440	5184	11.78
441	5246	11.90
442	5255	11.89
443	5268	11.89
444	5277	11.89
445	5303	11.92
446	5299	11.88
447	5312	11.88
448	5328	11.89
449	5340	11.89
450	5351	11.89
451	5360	11.88
452	5367	11.87
453	5398	11.92
454	5396	11.89
455	5404	11.88
456	5426	11.90
457	5450	11.93
458	5446	11.89
459	5455	11.88
460	5432	11.81
461	5468	11.86
462	5493	11.89
463	5515	11.91
464	5521	11.90
465	5527	11.89
466	5626	12.07
467	5571	11.93
468	5567	11.90
469	5578	11.89
470	5586	11.89
471	5606	11.90
472	5616	11.90
473	5623	11.89
474	5637	11.89
475	5940	12.51
476	5660	11.89
477	5677	11.90
478	5685	11.89
479	5695	11.89
480	5662	11.80
481	5708	11.87
482	5726	11.88
483	5736	11.88
484	5750	11.88
485	5764	11.88
486	5768	11.87
487	5796	11.90
488	5796	11.88
489	5900	12.07
490	5904	12.05
491	5936	12.09
492	5926	12.04
493	5848	11.86
494	5883	11.91
495	5887	11.89
496	5899	11.89
497	5910	11.89
498	5927	11.90
499	5933	11.89
500	5903	11.81
501	5800	11.58
502	5824	11.60
503	5828	11.59
504	5841	11.59
505	5847	11.58
506	5869	11.60
507	5872	11.58
508	5894	11.60
509	5907	11.61
510	5908	11.58
511	5927	11.60
512	5939	11.60
513	5944	11.59
514	5969	11.61
515	5974	11.60
516	5970	11.57
517	5992	11.59
518	6005	11.59
519	6020	11.60
520	5976	11.49
521	6225	11.95
522	6057	11.60
523	6067	11.60
524	6066	11.58
525	6165	11.74
526	6093	11.58
527	6105	11.58
528	6116	11.58
529	6126	11.58
530	6150	11.60
531	8297	15.63
532	6171	11.60
533	7347	13.78
534	6197	11.60
535	6204	11.60
536	6222	11.61
537	6224	11.59
538	6241	11.60
539	6252	11.60
540	6218	11.51
541	6268	11.59
542	6283	11.59
543	6293	11.59
544	6301	11.58
545	6316	11.59
546	6340	11.61
547	6343	11.60
548	6356	11.60
549	6440	11.73
550	6384	11.61
551	6391	11.60
552	6395	11.59
553	6410	11.59
554	6425	11.60
555	6438	11.60
556	6455	11.61
557	8525	15.31
558	6540	11.72
559	6457	11.55
560	6432	11.49
561	6491	11.57
562	6495	11.56
563	6501	11.55
564	6530	11.58
565	6534	11.56
566	6547	11.57
567	6562	11.57
568	6566	11.56
569	6580	11.56
570	6588	11.56
571	6603	11.56
572	6613	11.56
573	6619	11.55
574	6636	11.56
575	6639	11.55
576	6631	11.51
577	6676	11.57
578	7758	13.42
579	6786	11.72
580	6678	11.51
581	6721	11.57
582	6726	11.56
583	6743	11.57
584	6752	11.56
585	6762	11.56
586	6773	11.56
587	6785	11.56
588	6799	11.56
589	6818	11.58
590	6819	11.56
591	6833	11.56
592	7474	12.62
593	6860	11.57
594	6878	11.58
595	6877	11.56
596	9466	15.88
597	6899	11.56
598	6920	11.57
599	6932	11.57
600	6908	11.51
601	6949	11.56
602	6967	11.57
603	11450	18.99
604	6983	11.56
605	7007	11.58
606	7006	11.56
607	7027	11.58
608	10451	17.19
609	7052	11.58
610	7056	11.57
611	7061	11.56
612	7081	11.57
613	7092	11.57
614	7108	11.58
615	7116	11.57
616	7122	11.56
617	7127	11.55
618	7156	11.58
619	7158	11.56
620	7126	11.49
621	7178	11.56
622	7192	11.56
623	7207	11.57
624	7224	11.58
625	7093	11.35
626	7205	11.51
627	7256	11.57
628	7262	11.56
629	7272	11.56
630	7284	11.56
631	7293	11.56
632	7314	11.57
633	7316	11.56
634	7332	11.56
635	7345	11.57
636	7352	11.56
637	7378	11.58
638	7376	11.56
639	7380	11.55
640	7363	11.50
641	7404	11.55
642	7431	11.57
643	7431	11.56
644	7443	11.56
645	7458	11.56
646	7462	11.55
647	7497	11.59
648	7490	11.56
649	7507	11.57
650	7511	11.56
651	7536	11.58
652	7543	11.57
653	7542	11.55
654	7566	11.57
655	7585	11.58
656	7586	11.56
657	7596	11.56
658	7604	11.56
659	9296	14.11
660	7593	11.50
661	7637	11.55
662	7662	11.57
663	7665	11.56
664	7679	11.56
665	7701	11.58
666	7700	11.56
667	7707	11.55
668	7749	11.60
669	11250	16.82
670	8734	13.04
671	7773	11.58
672	7766	11.56
673	7794	11.58
674	7783	11.55
675	7806	11.56
676	7825	11.58
677	7828	11.56
678	7861	11.59
679	7850	11.56
680	7823	11.50
681	7871	11.56
682	7880	11.55
683	7895	11.56
684	7909	11.56
685	7922	11.56
686	7941	11.58
687	7933	11.55
688	7955	11.56
689	7969	11.57
690	7974	11.56
691	7997	11.57
692	7994	11.55
693	8011	11.56
694	8093	11.66
695	8036	11.56
696	8043	11.56
697	8059	11.56
698	8056	11.54
699	8080	11.56
700	8062	11.52
701	8105	11.56
702	8116	11.56
703	8146	11.59
704	8140	11.56
705	8150	11.56
706	8164	11.56
707	8181	11.57
708	8186	11.56
709	8201	11.57
710	10600	14.93
711	9869	13.88
712	8241	11.57
713	10370	14.54
714	8282	11.60
715	10362	14.49
716	9503	13.27
717	14893	20.77
718	8311	11.58
719	8327	11.58
720	8306	11.54
721	8339	11.57
722	8354	11.57
723	8357	11.56
724	8412	11.62
725	8377	11.55
726	8434	11.62
727	8408	11.57
728	8418	11.56
729	8429	11.56
730	8533	11.69
731	8453	11.56
732	8469	11.57
733	8484	11.57
734	8482	11.56
735	8502	11.57
736	8515	11.57
737	8530	11.57
738	8535	11.57
739	8551	11.57
740	8524	11.52
741	8563	11.56
742	8580	11.56
743	8591	11.56
744	8603	11.56
745	8607	11.55
746	8631	11.57
747	8637	11.56
748	8665	11.58
749	8673	11.58
750	8650	11.53
751	9878	13.15
752	8718	11.59
753	8739	11.61
754	8730	11.58
755	8732	11.57
756	9920	13.12
757	8766	11.58
758	8783	11.59
759	8780	11.57
760	8741	11.50
761	8809	11.58
762	8812	11.56
763	8825	11.57
764	8845	11.58
765	8848	11.57
766	8865	11.57
767	8875	11.57
768	8885	11.57
769	8901	11.57
770	8916	11.58
771	8918	11.57
772	8923	11.56
773	8945	11.57
774	8957	11.57
775	8970	11.57
776	8984	11.58
777	8996	11.58
778	9004	11.57
779	12255	15.73
780	8972	11.50
781	9032	11.56
782	9052	11.58
783	11743	15.00
784	9076	11.58
785	9071	11.56
786	9094	11.57
787	9109	11.57
788	9110	11.56
789	10843	13.74
790	9132	11.56
791	9142	11.56
792	9159	11.56
793	9177	11.57
794	9180	11.56
795	9191	11.56
796	9208	11.57
797	9219	11.57
798	9232	11.57
799	9236	11.56
800	9201	11.50
801	9228	11.52
802	9273	11.56
803	9286	11.56
804	9297	11.56
805	9317	11.57
806	9321	11.56
807	9404	11.65
808	9345	11.57
809	9357	11.57
810	9366	11.56
811	9383	11.57
812	9398	11.57
813	9406	11.57
814	9418	11.57
815	9423	11.56
816	9440	11.57
817	9459	11.58
818	9459	11.56
819	9461	11.55
820	9439	11.51
821	9485	11.55
822	9506	11.56
823	9516	11.56
824	9531	11.57
825	9531	11.55
826	9561	11.58
827	9570	11.57
828	9576	11.57
829	9594	11.57
830	9599	11.57
831	9594	11.55
832	9626	11.57
833	9633	11.56
834	9652	11.57
835	9661	11.57
836	14114	16.88
837	9704	11.59
838	9717	11.60
839	9725	11.59
840	9702	11.55
841	9733	11.57
842	9758	11.59
843	9769	11.59
844	9782	11.59
845	9801	11.60
846	9798	11.58
847	9825	11.60
848	11740	13.84
849	9846	11.60
850	9855	11.59
851	9867	11.59
852	9873	11.59
853	9905	11.61
854	9891	11.58
855	9908	11.59
856	9934	11.61
857	9935	11.59
858	9943	11.59
859	9957	11.59
860	9926	11.54
861	9982	11.59
862	9998	11.60
863	10003	11.59
864	10010	11.59
865	10020	11.58
866	10044	11.60
867	10047	11.59
868	10061	11.59
869	10076	11.59
870	12333	14.18
871	10231	11.75
872	10123	11.61
873	10939	12.53
874	10945	12.52
875	10154	11.60
876	10160	11.60
877	10170	11.60
878	10168	11.58
879	10189	11.59
880	10152	11.54
881	10199	11.58
882	10224	11.59
883	10232	11.59
884	10245	11.59
885	10255	11.59
886	10264	11.58
887	10400	11.72
888	10289	11.59
889	10313	11.60
890	10302	11.58
891	10318	11.58
892	10343	11.60
893	10347	11.59
894	10366	11.60
895	10374	11.59
896	10392	11.60
897	10407	11.60
898	10412	11.59
899	10413	11.58
900	10384	11.54
901	10434	11.58
902	13598	15.08
903	10455	11.58
904	10485	11.60
905	10490	11.59
906	10510	11.60
907	10509	11.59
908	10538	11.61
909	10534	11.59
910	10558	11.60
911	10568	11.60
912	10556	11.57
913	10587	11.60
914	10588	11.58
915	10612	11.60
916	10620	11.59
917	10633	11.60
918	10645	11.60
919	10637	11.57
920	10616	11.54
921	10671	11.59
922	10686	11.59
923	10699	11.59
924	10708	11.59
925	10727	11.60
926	10733	11.59
927	10727	11.57
928	10754	11.59
929	10766	11.59
930	10785	11.60
931	10795	11.60
932	10807	11.60
933	10819	11.60
934	10835	11.60
935	10827	11.58
936	10856	11.60
937	10863	11.59
938	10867	11.59
939	10878	11.58
940	10853	11.55
941	10907	11.59
942	10912	11.58
943	10926	11.59
944	10944	11.59
945	10946	11.58
946	10961	11.59
947	14023	14.81
948	10984	11.59
949	12234	12.89
950	11003	11.58
951	11012	11.58
952	11152	11.71
953	11364	11.92
954	16544	17.34
955	12771	13.37
956	13012	13.61
957	13558	14.17
958	12516	13.06
959	13539	14.12
960	14099	14.69
961	16818	17.50
962	17929	18.64
963	15428	16.02
964	13271	13.77
965	11536	11.95
966	11490	11.89
967	11548	11.94
968	11550	11.93
969	11554	11.92
970	12178	12.55
971	12742	13.12
972	17830	18.34
973	17761	18.25
974	17770	18.24
975	13267	13.61
976	12140	12.44
977	11396	11.66
978	11383	11.64
979	17617	17.99
980	15282	15.59
981	11731	11.96
982	14337	14.60
983	16866	17.16
984	18872	19.18
985	18984	19.27
986	17314	17.56
987	12614	12.78
988	18109	18.33
989	17414	17.61
990	16481	16.65
991	12446	12.56
992	12132	12.23
993	13586	13.68
994	13583	13.66
995	12835	12.90
996	13958	14.01
997	13202	13.24
998	13209	13.24
999	13846	13.86
1000	20296	20.30
1001	20108	20.09
1002	17079	17.04
1003	14165	14.12
1004	21766	21.68
1005	15178	15.10
1006	13954	13.87
1007	14069	13.97
1008	13994	13.88
1009	14386	14.26
1010	13873	13.74
1011	13894	13.74
1012	13881	13.72
1013	15962	15.76
1014	14233	14.04
1015	14266	14.06
1016	14817	14.58
1017	14496	14.25
1018	15243	14.97
1019	14392	14.12
1020	14527	14.24
1021	14676	14.37
1022	16025	15.68
1023	14465	14.14
1024	14586	14.24
1025	16706	16.30
1026	14499	14.13
1027	14501	14.12
1028	14437	14.04
1029	16767	16.29
1030	16306	15.83
1031	14497	14.06
1032	14475	14.03
1033	14417	13.96
1034	14081	13.62
1035	14288	13.80
1036	15052	14.53
1037	15412	14.86
1038	15020	14.47
1039	14159	13.63
1040	14197	13.65
1041	14275	13.71
1042	14341	13.76
1043	14256	13.67
1044	14386	13.78
1045	15066	14.42
1046	13897	13.29
1047	14202	13.56
1048	13954	13.31
1049	14450	13.78
1050	13980	13.31
1051	13888	13.21
1052	13915	13.23
1053	13913	13.21
1054	13941	13.23
1055	14024	13.29
1056	14125	13.38
1057	15725	14.88
1058	13999	13.23
1059	14017	13.24
1060	14029	13.23
1061	14050	13.24
1062	14053	13.23
1063	14052	13.22
1064	14079	13.23
1065	14101	13.24
1066	14629	13.72
1067	13711	12.85
1068	13419	12.56
1069	13159	12.31
1070	14336	13.40
1071	12710	11.87
1072	12717	11.86
1073	12740	11.87
1074	12742	11.86
1075	12754	11.86
1076	12767	11.87
1077	12772	11.86
1078	12789	11.86
1079	12806	11.87
1080	12767	11.82
1081	12850	11.89
1082	12833	11.86
1083	12839	11.86
1084	12864	11.87
1085	12868	11.86
1086	12900	11.88
1087	12898	11.87
1088	12925	11.88
1089	12921	11.87
1090	12928	11.86
1091	12956	11.88
1092	12932	11.84
1093	12988	11.88
1094	12989	11.87
1095	12987	11.86
1096	13059	11.92
1097	13062	11.91
1098	13048	11.88
1099	13062	11.89
1100	13113	11.92
1101	13070	11.87
1102	13079	11.87
1103	13098	11.87
1104	13101	11.87
1105	13233	11.98
1106	13137	11.88
1107	13165	11.89
1108	13176	11.89
1109	13237	11.94
1110	13183	11.88
1111	13180	11.86
1112	13197	11.87
1113	13930	12.52
1114	13210	11.86
1115	13225	11.86
1116	13250	11.87
1117	13255	11.87
1118	13249	11.85
1119	13281	11.87
1120	13227	11.81
1121	13279	11.85
1122	13304	11.86
1123	13431	11.96
1124	13324	11.85
1125	13326	11.85
1126	13340	11.85
1127	13355	11.85
1128	13384	11.87
1129	13444	11.91
1130	13382	11.84
1131	13400	11.85
1132	13414	11.85
1133	13431	11.85
1134	13435	11.85
1135	13446	11.85
1136	13540	11.92
1137	13473	11.85
1138	13489	11.85
1139	13508	11.86
1140	13469	11.81
1141	13530	11.86
1142	13537	11.85
1143	13553	11.86
1144	13567	11.86
1145	13592	11.87
1146	13592	11.86
1147	13592	11.85
1148	13616	11.86
1149	13643	11.87
1150	13637	11.86
1151	13639	11.85
1152	13698	11.89
1153	13673	11.86
1154	13688	11.86
1155	13756	11.91
1156	13715	11.86
1157	13869	11.99
1158	13744	11.87
1159	14108	12.17
1160	13787	11.89
1161	13775	11.86
1162	13788	11.87
1163	13819	11.88
1164	13861	11.91
1165	13910	11.94
1166	13923	11.94
1167	13885	11.90
1168	13890	11.89
1169	13953	11.94
1170	14041	12.00
1171	13898	11.87
1172	13919	11.88
1173	13955	11.90
1174	14440	12.30
1175	13952	11.87
1176	13954	11.87
1177	13972	11.87
1178	13999	11.88
1179	14010	11.88
1180	13965	11.83
1181	14018	11.87
1182	14029	11.87
1183	14049	11.88
1184	14635	12.36
1185	14387	12.14
1186	14117	11.90
1187	14235	11.99
1188	14157	11.92
1189	14697	12.36
1190	14161	11.90
1191	14156	11.89
1192	14208	11.92
1193	14184	11.89
1194	14261	11.94
1195	15603	13.06
1196	14995	12.54
1197	14304	11.95
1198	14258	11.90
1199	14343	11.96
1200	14775	12.31
1201	15247	12.70
1202	14255	11.86
1203	14280	11.87
1204	14387	11.95
1205	14750	12.24
1206	14617	12.12
1207	32250	26.72
1208	15252	12.63
1209	15099	12.49
1210	19276	15.93
1211	15311	12.64
1212	15334	12.65
1213	15481	12.76
1214	16652	13.72
1215	16139	13.28
1216	18962	15.59
1217	16105	13.23
1218	16122	13.24
1219	16137	13.24
1220	16087	13.19
1221	16137	13.22
1222	16705	13.67
1223	15708	12.84
1224	15731	12.85
1225	15750	12.86
1226	15755	12.85
1227	15774	12.86
1228	15810	12.87
1229	15573	12.67
1230	15328	12.46
1231	15668	12.73
1232	14609	11.86
1233	14641	11.87
1234	14646	11.87
1235	14659	11.87
1236	14674	11.87
1237	14670	11.86
1238	14707	11.88
1239	14689	11.86
1240	14671	11.83
1241	14715	11.86
1242	14820	11.93
1243	14857	11.95
1244	15112	12.15
1245	14787	11.88
1246	15161	12.17
1247	16256	13.04
1248	14823	11.88
1249	14849	11.89
1250	14642	11.71
1251	14804	11.83
1252	14821	11.84
1253	14860	11.86
1254	15046	12.00
1255	15027	11.97
1256	15055	11.99
1257	15039	11.96
1258	17209	13.68
1259	15872	12.61
1260	17008	13.50
1261	15374	12.19
1262	22678	17.97
1263	15093	11.95
1264	17156	13.57
1265	15420	12.19
1266	25937	20.49
1267	29013	22.90
1268	16902	13.33
1269	16911	13.33
1270	16792	13.22
1271	16810	13.23
1272	16982	13.35
1273	16941	13.31
1274	16852	13.23
1275	17078	13.39
1276	16882	13.23
1277	16920	13.25
1278	16937	13.25
1279	16994	13.29
1280	17403	13.60
1281	17162	13.40
1282	17065	13.31
1283	17974	14.01
1284	18484	14.40
1285	16991	13.22
1286	16989	13.21
1287	17029	13.23
1288	17021	13.22
1289	17038	13.22
1290	17132	13.28
1291	17072	13.22
1292	17093	13.23
1293	17271	13.36
1294	17138	13.24
1295	17145	13.24
1296	17149	13.23
1297	17158	13.23
1298	17242	13.28
1299	17172	13.22
1300	17233	13.26
1301	17281	13.28
1302	17205	13.21
1303	16864	12.94
1304	16999	13.04
1305	16010	12.27
1306	16245	12.44
1307	15483	11.85
1308	15589	11.92
1309	15505	11.84
1310	15539	11.86
1311	15700	11.98
1312	15561	11.86
1313	15579	11.87
1314	15585	11.86
1315	16309	12.40
1316	15755	11.97
1317	15734	11.95
1318	15661	11.88
1319	15683	11.89
1320	15641	11.85
1321	15666	11.86
1322	15806	11.96
1323	15723	11.88
1324	15720	11.87
1325	15727	11.87
1326	15854	11.96
1327	15776	11.89
1328	15815	11.91
1329	15802	11.89
1330	15810	11.89
1331	15811	11.88
1332	15867	11.91
1333	15855	11.89
1334	16040	12.02
1335	16050	12.02
1336	16067	12.03
1337	16070	12.02
1338	16127	12.05
1339	16080	12.01
1340	16033	11.96
1341	16083	11.99
1342	16099	12.00
1343	16111	12.00
1344	16126	12.00
1345	16127	11.99
1346	15999	11.89
1347	16007	11.88
1348	16007	11.87
1349	16015	11.87
1350	16039	11.88
1351	16306	12.07
1352	17487	12.93
1353	16135	11.93
1354	16094	11.89
1355	16145	11.92
1356	16292	12.01
1357	17408	12.83
1358	16178	11.91
1359	16151	11.88
1360	16111	11.85
1361	16174	11.88
1362	16196	11.89
1363	16314	11.97
1364	16185	11.87
1365	16192	11.86
1366	16199	11.86
1367	16205	11.85
1368	16237	11.87
1369	16245	11.87
1370	17129	12.50
1371	16285	11.88
1372	16285	11.87
1373	16287	11.86
1374	16313	11.87
1375	16292	11.85
1376	16281	11.83
1377	16312	11.85
1378	16331	11.85
1379	16372	11.87
1380	16387	11.87
1381	16501	11.95
1382	16379	11.85
1383	16395	11.85
1384	16400	11.85
1385	16405	11.84
1386	16439	11.86
1387	16468	11.87
1388	16564	11.93
1389	16519	11.89
1390	16525	11.89
1391	16482	11.85
1392	18018	12.94
1393	16543	11.88
1394	16558	11.88
1395	16578	11.88
1396	16626	11.91
1397	16633	11.91
1398	16885	12.08
1399	16615	11.88
1400	16589	11.85
1401	16624	11.87
1402	16740	11.94
1403	16662	11.88
1404	16811	11.97
1405	16719	11.90
1406	16690	11.87
1407	16712	11.88
1408	16697	11.86
1409	16710	11.86
1410	16717	11.86
1411	16716	11.85
1412	16772	11.88
1413	16806	11.89
1414	16801	11.88
1415	16782	11.86
1416	16786	11.85
1417	16793	11.85
1418	16822	11.86
1419	16817	11.85
1420	16788	11.82
1421	16866	11.87
1422	16857	11.85
1423	17196	12.08
1424	16947	11.90
1425	16941	11.89
1426	16915	11.86
1427	16933	11.87
1428	16955	11.87
1429	16990	11.89
1430	17009	11.89
1431	16994	11.88
1432	16998	11.87
1433	16988	11.85
1434	16991	11.85
1435	17174	11.97
1436	17028	11.86
1437	17055	11.87
1438	17093	11.89
1439	17098	11.88
1440	17039	11.83
1441	17079	11.85
1442	17152	11.89
1443	17133	11.87
1444	17247	11.94
1445	17201	11.90
1446	17152	11.86
1447	17178	11.87
1448	17153	11.85
1449	17173	11.85
1450	17187	11.85
1451	17205	11.86
1452	17206	11.85
1453	18044	12.42
1454	17488	12.03
1455	17449	11.99
1456	17563	12.06
1457	19146	13.14
1458	19006	13.04
1459	20790	14.25
1460	18526	12.69
1461	19923	13.64
1462	17434	11.92
1463	17606	12.03
1464	17754	12.13
1465	17408	11.88
1466	18994	12.96
1467	17423	11.88
1468	17430	11.87
1469	17446	11.88
1470	17437	11.86
1471	17487	11.89
1472	17839	12.12
1473	17760	12.06
1474	17596	11.94
1475	17572	11.91
1476	17884	12.12
1477	17544	11.88
1478	17646	11.94
1479	17603	11.90
1480	20143	13.61
1481	17662	11.93
1482	17601	11.88
1483	17617	11.88
1484	17637	11.88
1485	17635	11.88
1486	17693	11.91
1487	17696	11.90
1488	17859	12.00
1489	18019	12.10
1490	17807	11.95
1491	17768	11.92
1492	17724	11.88
1493	17802	11.92
1494	17731	11.87
1495	17757	11.88
1496	17759	11.87
1497	17772	11.87
1498	17796	11.88
1499	17804	11.88
1500	17680	11.79
1501	17794	11.85
1502	17814	11.86
1503	17823	11.86
1504	17862	11.88
1505	18277	12.14
1506	17973	11.93
1507	17975	11.93
1508	17918	11.88
1509	17958	11.90
1510	17948	11.89
1511	17953	11.88
1512	17968	11.88
1513	17974	11.88
1514	17990	11.88
1515	18094	11.94
1516	18016	11.88
1517	18024	11.88
1518	18036	11.88
1519	18045	11.88
1520	18050	11.88
1521	18607	12.23
1522	18880	12.40
1523	18112	11.89
1524	18093	11.87
1525	18090	11.86
1526	18128	11.88
1527	18101	11.85
1528	18138	11.87
1529	18128	11.86
1530	18151	11.86
1531	18148	11.85
1532	18178	11.87
1533	18196	11.87
1534	18200	11.86
1535	18239	11.88
1536	19085	12.43
1537	18667	12.15
1538	18266	11.88
1539	18292	11.89
1540	18267	11.86
1541	18309	11.88
1542	18326	11.88
1543	18293	11.86
1544	18325	11.87
1545	18606	12.04
1546	18342	11.86
1547	18346	11.86
1548	18364	11.86
1549	18384	11.87
1550	18403	11.87
1551	18429	11.88
1552	18590	11.98
1553	18464	11.89
1554	18458	11.88
1555	18564	11.94
1556	18487	11.88
1557	18468	11.86
1558	18476	11.86
1559	18479	11.85
1560	18437	11.82
1561	18499	11.85
1562	18527	11.86
1563	18681	11.95
1564	18628	11.91
1565	18537	11.84
1566	18563	11.85
1567	18578	11.86
1568	18608	11.87
1569	18695	11.92
1570	18663	11.89
1571	18625	11.86
1572	18623	11.85
1573	18651	11.86
1574	18759	11.92
1575	18682	11.86
1576	18685	11.86
1577	18688	11.85
1578	18725	11.87
1579	18722	11.86
1580	18754	11.87
1581	18751	11.86
1582	18849	11.91
1583	18899	11.94
1584	28258	17.84
1585	19044	12.02
1586	18851	11.89
1587	18973	11.96
1588	19092	12.02
1589	19161	12.06
1590	19995	12.58
1591	19024	11.96
1592	19042	11.96
1593	18895	11.86
1594	18885	11.85
1595	18927	11.87
1596	18912	11.85
1597	18937	11.86
1598	18962	11.87
1599	18975	11.87
1600	19023	11.89
1601	19085	11.92
1602	19011	11.87
1603	19233	12.00
1604	19144	11.94
1605	19289	12.02
1606	19477	12.13
1607	19223	11.96
1608	19061	11.85
1609	19068	11.85
1610	19100	11.86
1611	20589	12.78
1612	19771	12.26
1613	19116	11.85
1614	19127	11.85
1615	19149	11.86
1616	19148	11.85
1617	19169	11.85
1618	19174	11.85
1619	19189	11.85
1620	19153	11.82
1621	19216	11.85
1622	19216	11.85
1623	19231	11.85
1624	19305	11.89
1625	19209	11.82
1626	19272	11.85
1627	19263	11.84
1628	19343	11.88
1629	19386	11.90
1630	19316	11.85
1631	19358	11.87
1632	19350	11.86
1633	19436	11.90
1634	19371	11.85
1635	19378	11.85
1636	19382	11.85
1637	19402	11.85
1638	20754	12.67
1639	19445	11.86
1640	19413	11.84
1641	22749	13.86
1642	19629	11.95
1643	19708	12.00
1644	35805	21.78
1645	19595	11.91
1646	19662	11.95
1647	19603	11.90
1648	19708	11.96
1649	19699	11.95
1650	19644	11.91
1651	19582	11.86
1652	19595	11.86
1653	19599	11.86
1654	19620	11.86
1655	19721	11.92
1656	19630	11.85
1657	19671	11.87
1658	19661	11.86
1659	20303	12.24
1660	19698	11.87
1661	19792	11.92
1662	19893	11.97
1663	19827	11.92
1664	19978	12.01
1665	20098	12.07
1666	20066	12.04
1667	19761	11.85
1668	19769	11.85
1669	19781	11.85
1670	20173	12.08
1671	21245	12.71
1672	19896	11.90
1673	20854	12.47
1674	19840	11.85
1675	19965	11.92
1676	19877	11.86
1677	19915	11.88
1678	22366	13.33
1679	19965	11.89
1680	19956	11.88
1681	19970	11.88
1682	20003	11.89
1683	20057	11.92
1684	20003	11.88
1685	20015	11.88
1686	20035	11.88
1687	20078	11.90
1688	20051	11.88
1689	20184	11.95
1690	20097	11.89
1691	20218	11.96
1692	20082	11.87
1693	20100	11.87
1694	20144	11.89
1695	20109	11.86
1696	20127	11.87
1697	20153	11.88
1698	20156	11.87
1699	20328	11.96
1700	20143	11.85
1701	20163	11.85
1702	20187	11.86
1703	20198	11.86
1704	20224	11.87
1705	20214	11.86
1706	20796	12.19
1707	20218	11.84
1708	20242	11.85
1709	20265	11.86
1710	20378	11.92
1711	20339	11.89
1712	20339	11.88
1713	20355	11.88
1714	20387	11.89
1715	20398	11.89
1716	20388	11.88
1717	20432	11.90
1718	20492	11.93
1719	20450	11.90
1720	20415	11.87
1721	20429	11.87
1722	20477	11.89
1723	20574	11.94
1724	20489	11.88
1725	20494	11.88
1726	20517	11.89
1727	20524	11.88
1728	20534	11.88
1729	20556	11.89
1730	20565	11.89
1731	20579	11.89
1732	20576	11.88
1733	20741	11.97
1734	20581	11.87
1735	20581	11.86
1736	20607	11.87
1737	20617	11.87
1738	20609	11.86
1739	20630	11.86
1740	20599	11.84
1741	20628	11.85
1742	20642	11.85
1743	20694	11.87
1744	20675	11.85
1745	20690	11.86
1746	20728	11.87
1747	20712	11.86
1748	20725	11.86
1749	20730	11.85
1750	20818	11.90
1751	20780	11.87
1752	20772	11.86
1753	20774	11.85
1754	20797	11.86
1755	20819	11.86
1756	20814	11.85
1757	20833	11.86
1758	20827	11.85
1759	20933	11.90
1760	21630	12.29
1761	20899	11.87
1762	20879	11.85
1763	21250	12.05
1764	21033	11.92
1765	22457	12.72
1766	21709	12.29
1767	21026	11.90
1768	21051	11.91
1769	21201	11.98
1770	21067	11.90
1771	21071	11.90
1772	21122	11.92
1773	21124	11.91
1774	21077	11.88
1775	21699	12.22
1776	21011	11.83
1777	21153	11.90
1778	21113	11.87
1779	21369	12.01
1780	21245	11.94
1781	21145	11.87
1782	21207	11.90
1783	21149	11.86
1784	21176	11.87
1785	21178	11.86
1786	21180	11.86
1787	21316	11.93
1788	21228	11.87
1789	21479	12.01
1790	21249	11.87
1791	21334	11.91
1792	21295	11.88
1793	21384	11.93
1794	21369	11.91
1795	21297	11.86
1796	21317	11.87
1797	21455	11.94
1798	21344	11.87
1799	21452	11.92
1800	21305	11.84
1801	21356	11.86
1802	21380	11.86
1803	21384	11.86
1804	21401	11.86
1805	21414	11.86
1806	21421	11.86
1807	21433	11.86
1808	21452	11.87
1809	21455	11.86
1810	21488	11.87
1811	21496	11.87
1812	21791	12.03
1813	21592	11.91
1814	22252	12.27
1815	21494	11.84
1816	21506	11.84
1817	21528	11.85
1818	21546	11.85
1819	21559	11.85
1820	21533	11.83
1821	21570	11.85
1822	21672	11.89
1823	21615	11.86
1824	21625	11.86
1825	21593	11.83
1826	21632	11.85
1827	21647	11.85
1828	21679	11.86
1829	21737	11.88
1830	21693	11.85
1831	21688	11.84
1832	21717	11.85
1833	21717	11.85
1834	21722	11.84
1835	21753	11.85
1836	21752	11.85
1837	21771	11.85
1838	21795	11.86
1839	21821	11.87
1840	23330	12.68
1841	22123	12.02
1842	21879	11.88
1843	21877	11.87
1844	21888	11.87
1845	21879	11.86
1846	21474	11.63
1847	21487	11.63
1848	21361	11.56
1849	21375	11.56
1850	21389	11.56
1851	21413	11.57
1852	21437	11.58
1853	21425	11.56
1854	21441	11.56
1855	21454	11.57
1856	21523	11.60
1857	21473	11.56
1858	21492	11.57
1859	21515	11.57
1860	21453	11.53
1861	21521	11.56
1862	21524	11.56
1863	21532	11.56
1864	21627	11.60
1865	21580	11.57
1866	22819	12.23
1867	21572	11.55
1868	21598	11.56
1869	21613	11.56
1870	21618	11.56
1871	21657	11.58
1872	21713	11.60
1873	21674	11.57
1874	21677	11.57
1875	21563	11.50
1876	21674	11.55
1877	21688	11.55
1878	21708	11.56
1879	21727	11.56
1880	24678	13.13
1881	21753	11.56
1882	21754	11.56
1883	21771	11.56
1884	21790	11.57
1885	21798	11.56
1886	21810	11.56
1887	21821	11.56
1888	22001	11.65
1889	22909	12.13
1890	27723	14.67
1891	26523	14.03
1892	21881	11.57
1893	21893	11.57
1894	21886	11.56
1895	23480	12.39
1896	22541	11.89
1897	24620	12.98
1898	21933	11.56
1899	22045	11.61
1900	21916	11.53
1901	21950	11.55
1902	21961	11.55
1903	21982	11.55
1904	21994	11.55
1905	22125	11.61
1906	22051	11.57
1907	22104	11.59
1908	23999	12.58
1909	22889	11.99
1910	22067	11.55
1911	22080	11.55
1912	22103	11.56
1913	23221	12.14
1914	22210	11.60
1915	22124	11.55
1916	23937	12.49
1917	22152	11.56
1918	22139	11.54
1919	22156	11.55
1920	22300	11.61
1921	22191	11.55
1922	22293	11.60
1923	22203	11.55
1924	22227	11.55
1925	22232	11.55
1926	22249	11.55
1927	22254	11.55
1928	22264	11.55
1929	22282	11.55
1930	22289	11.55
1931	22308	11.55
1932	23473	12.15
1933	23141	11.97
1934	22334	11.55
1935	22343	11.55
1936	22360	11.55
1937	22359	11.54
1938	22383	11.55
1939	22400	11.55
1940	22352	11.52
1941	22400	11.54
1942	23780	12.25
1943	25535	13.14
1944	25088	12.91
1945	25746	13.24
1946	22552	11.59
1947	22526	11.57
1948	22558	11.58
1949	22553	11.57
1950	22576	11.58
1951	22702	11.64
1952	22601	11.58
1953	22611	11.58
1954	22617	11.57
1955	22615	11.57
1956	22756	11.63
1957	27035	13.81
1958	25706	13.13
1959	23518	12.01
1960	23671	12.08
1961	22715	11.58
1962	22753	11.60
1963	22751	11.59
1964	22775	11.60
1965	22836	11.62
1966	23842	12.13
1967	25974	13.20
1968	22787	11.58
1969	22776	11.57
1970	22982	11.67
1971	22801	11.57
1972	22812	11.57
1973	22820	11.57
1974	22902	11.60
1975	22852	11.57
1976	22855	11.57
1977	22887	11.58
1978	22889	11.57
1979	22887	11.56
1980	24116	12.18
1981	22929	11.57
1982	22937	11.57
1983	22966	11.58
1984	22946	11.57
1985	22983	11.58
1986	22971	11.57
1987	22981	11.57
1988	23159	11.65
1989	23007	11.57
1990	22998	11.56
1991	25615	12.87
1992	23028	11.56
1993	23063	11.57
1994	23052	11.56
1995	23104	11.58
1996	23051	11.55
1997	23080	11.56
1998	23092	11.56
1999	23101	11.56
2000	22641	11.32
2001	23079	11.53
2002	23106	11.54
2003	23140	11.55
2004	23143	11.55
2005	23167	11.55
2006	23184	11.56
2007	23194	11.56
2008	23224	11.57
2009	23218	11.56
2010	23221	11.55
2011	23252	11.56
2012	23276	11.57
2013	23338	11.59
2014	23293	11.57
2015	24125	11.97
2016	23313	11.56
2017	23368	11.59
2018	23347	11.57
2019	23365	11.57
2020	23349	11.56
2021	23379	11.57
2022	23517	11.63
2023	26075	12.89
2024	25057	12.38
2025	29242	14.44
2026	23452	11.58
2027	23476	11.58
2028	23481	11.58
2029	23488	11.58
2030	23505	11.58
2031	23540	11.59
2032	25055	12.33
2033	23551	11.58
2034	23611	11.61
2035	23661	11.63
2036	23571	11.58
2037	24670	12.11
2038	25763	12.64
2039	23679	11.61
2040	23579	11.56
2041	25483	12.49
2042	23613	11.56
2043	23627	11.56
2044	23709	11.60
2045	23678	11.58
2046	23662	11.57
2047	23671	11.56
2048	23663	11.55
2049	23724	11.58
2050	23731	11.58
2051	23744	11.58
2052	23782	11.59
2053	23790	11.59
2054	23859	11.62
2055	23791	11.58
2056	23798	11.57
2057	23809	11.57
2058	24552	11.93
2059	24452	11.88
2060	23818	11.56
2061	23944	11.62
2062	23887	11.58
2063	23895	11.58
2064	23919	11.59
2065	23925	11.59
2066	23954	11.59
2067	23958	11.59
2068	23959	11.59
2069	23991	11.60
2070	23997	11.59
2071	24013	11.59
2072	24028	11.60
2073	24012	11.58
2074	24034	11.59
2075	24123	11.63
2076	24063	11.59
2077	24062	11.58
2078	24090	11.59
2079	24098	11.59
2080	24071	11.57
2081	24104	11.58
2082	24198	11.62
2083	24136	11.59
2084	26792	12.86
2085	24146	11.58
2086	24164	11.58
2087	24198	11.59
2088	24202	11.59
2089	24262	11.61
2090	24214	11.59
2091	24225	11.59
2092	27816	13.30
2093	24202	11.56
2094	24231	11.57
2095	24230	11.57
2096	24256	11.57
2097	24252	11.57
2098	24261	11.56
2099	24291	11.57
2100	24256	11.55
2101	24289	11.56
2102	24316	11.57
2103	24328	11.57
2104	24416	11.60
2105	24346	11.57
2106	26864	12.76
2107	24368	11.57
2108	24391	11.57
2109	24395	11.57
2110	24414	11.57
2111	24487	11.60
2112	24416	11.56
2113	24445	11.57
2114	24444	11.56
2115	24470	11.57
2116	24478	11.57
2117	24485	11.57
2118	30694	14.49
2119	31933	15.07
2120	24537	11.57
2121	24817	11.70
2122	33378	15.73
2123	24637	11.60
2124	26930	12.68
2125	24546	11.55
2126	27361	12.87
2127	24712	11.62
2128	25724	12.09
2129	25456	11.96
2130	24657	11.58
2131	24655	11.57
2132	31022	14.55
2133	24660	11.56
2134	24685	11.57
2135	24686	11.56
2136	24719	11.57
2137	24711	11.56
2138	24722	11.56
2139	24806	11.60
2140	24693	11.54
2141	24761	11.57
2142	24763	11.56
2143	24777	11.56
2144	24778	11.56
2145	24803	11.56
2146	24872	11.59
2147	26548	12.37
2148	27986	13.03
2149	31917	14.85
2150	30013	13.96
2151	24895	11.57
2152	24927	11.58
2153	24977	11.60
2154	25012	11.61
2155	24944	11.57
2156	24945	11.57
2157	24958	11.57
2158	24985	11.58
2159	25004	11.58
2160	26097	12.08
2161	25364	11.74
2162	25847	11.96
2163	25088	11.60
2164	25024	11.56
2165	25060	11.58
2166	25076	11.58
2167	25085	11.58
2168	25101	11.58
2169	25116	11.58
2170	25115	11.57
2171	25135	11.58
2172	25881	11.92
2173	25145	11.57
2174	25170	11.58
2175	25159	11.57
2176	25137	11.55
2177	25162	11.56
2178	25194	11.57
2179	25235	11.58
2180	25191	11.56
2181	25311	11.61
2182	25252	11.57
2183	25261	11.57
2184	25272	11.57
2185	25279	11.57
2186	25308	11.58
2187	25299	11.57
2188	25515	11.66
2189	25331	11.57
2190	25353	11.58
2191	25357	11.57
2192	25379	11.58
2193	25382	11.57
2194	27152	12.38
2195	25471	11.60
2196	25423	11.58
2197	25443	11.58
2198	25444	11.58
2199	25443	11.57
2200	25504	11.59
2201	25470	11.57
2202	25584	11.62
2203	25500	11.58
2204	25513	11.58
2205	25519	11.57
2206	25540	11.58
2207	31316	14.19
2208	27732	12.56
2209	26919	12.19
2210	25562	11.57
2211	25598	11.58
2212	25587	11.57
2213	25619	11.58
2214	25638	11.58
2215	25624	11.57
2216	27536	12.43
2217	27114	12.23
2218	25710	11.59
2219	27616	12.45
2220	25637	11.55
2221	25784	11.61
2222	26464	11.91
2223	25729	11.57
2224	25742	11.57
2225	25662	11.53
2226	25698	11.54
2227	25787	11.58
2228	31152	13.98
2229	28309	12.70
2230	25781	11.56
2231	25797	11.56
2232	25827	11.57
2233	27438	12.29
2234	25851	11.57
2235	25856	11.57
2236	25852	11.56
2237	28593	12.78
2238	25900	11.57
2239	25882	11.56
2240	25862	11.55
2241	25896	11.56
2242	25932	11.57
2243	25918	11.56
2244	25959	11.57
2245	25955	11.56
2246	25975	11.57
2247	25981	11.56
2248	25989	11.56
2249	26002	11.56
2250	25970	11.54
2251	26010	11.55
2252	26022	11.56
2253	26044	11.56
2254	26051	11.56
2255	26065	11.56
2256	26079	11.56
2257	26077	11.55
2258	26101	11.56
2259	28897	12.79
2260	26211	11.60
2261	26133	11.56
2262	26152	11.56
2263	26168	11.56
2264	26155	11.55
2265	26191	11.56
2266	26191	11.56
2267	26198	11.56
2268	26231	11.57
2269	26245	11.57
2270	26230	11.56
2271	26267	11.57
2272	26281	11.57
2273	26266	11.56
2274	26273	11.55
2275	26304	11.56
2276	26335	11.57
2277	26323	11.56
2278	26342	11.56
2279	26364	11.57
2280	27365	12.00
2281	26378	11.56
2282	26370	11.56
2283	26377	11.55
2284	26402	11.56
2285	26407	11.56
2286	26425	11.56
2287	26491	11.58
2288	26455	11.56
2289	26444	11.55
2290	26481	11.56
2291	26492	11.56
2292	26497	11.56
2293	26515	11.56
2294	26519	11.56
2295	26523	11.56
2296	26542	11.56
2297	28552	12.43
2298	26556	11.56
2299	26657	11.60
2300	26611	11.57
2301	27391	11.90
2302	26599	11.55
2303	26642	11.57
2304	26632	11.56
2305	26650	11.56
2306	26666	11.56
2307	26660	11.56
2308	30086	13.04
2309	28706	12.43
2310	29185	12.63
2311	26717	11.56
2312	31652	13.69
2313	31762	13.73
2314	26867	11.61
2315	28098	12.14
2316	26943	11.63
2317	28186	12.16
2318	26783	11.55
2319	26824	11.57
2320	26788	11.55
2321	28651	12.34
2322	26898	11.58
2323	26908	11.58
2324	26914	11.58
2325	29646	12.75
2326	27810	11.96
2327	26954	11.58
2328	26963	11.58
2329	26970	11.58
2330	26993	11.58
2331	26976	11.57
2332	28673	12.30
2333	27036	11.59
2334	27038	11.58
2335	27066	11.59
2336	27071	11.59
2337	29959	12.82
2338	32929	14.08
2339	33659	14.39
2340	27574	11.78
2341	27782	11.87
2342	27745	11.85
2343	27963	11.93
2344	27989	11.94
2345	29239	12.47
2346	29319	12.50
2347	28290	12.05
2348	42508	18.10
2349	28249	12.03
2350	37643	16.02
2351	27894	11.86
2352	27952	11.88
2353	27908	11.86
2354	27890	11.85
2355	27936	11.86
2356	28244	11.99
2357	28421	12.06
2358	28095	11.91
2359	28161	11.94
2360	29197	12.37
2361	31858	13.49
2362	30328	12.84
2363	28087	11.89
2364	28778	12.17
2365	28863	12.20
2366	31612	13.36
2367	31768	13.42
2368	47705	20.15
2369	31326	13.22
2370	31331	13.22
2371	31459	13.27
2372	31457	13.26
2373	31532	13.29
2374	31739	13.37
2375	33097	13.94
2376	32503	13.68
2377	32417	13.64
2378	31911	13.42
2379	32126	13.50
2380	31464	13.22
2381	31503	13.23
2382	31635	13.28
2383	31627	13.27
2384	34103	14.30
2385	34831	14.60
2386	31712	13.29
2387	33540	14.05
2388	32294	13.52
2389	32049	13.42
2390	31585	13.22
2391	31730	13.27
2392	36133	15.11
2393	37068	15.49
2394	34331	14.34
2395	37719	15.75
2396	35119	14.66
2397	33717	14.07
2398	34359	14.33
2399	34147	14.23
2400	35206	14.67
2401	33952	14.14
2402	36362	15.14
2403	38198	15.90
2404	45438	18.90
2405	41558	17.28
2406	35625	14.81
2407	38212	15.88
2408	35716	14.83
2409	35908	14.91
2410	38888	16.14
2411	38957	16.16
2412	35522	14.73
2413	35141	14.56
2414	35468	14.69
2415	42437	17.57
2416	38465	15.92
2417	48392	20.02
2418	49061	20.29
2419	38351	15.85
2420	36968	15.28
2421	38841	16.04
2422	37202	15.36
2423	38164	15.75
2424	37912	15.64
2425	46127	19.02
2426	37817	15.59
2427	45194	18.62
2428	59815	24.64
2429	41078	16.91
2430	38099	15.68
2431	37511	15.43
2432	36439	14.98
2433	61919	25.45
2434	36200	14.87
2435	35418	14.55
2436	36589	15.02
2437	37080	15.22
2438	36414	14.94
2439	35553	14.58
2440	34136	13.99
2441	33688	13.80
2442	33226	13.61
2443	33289	13.63
2444	33665	13.77
2445	33486	13.70
2446	33326	13.62
2447	33721	13.78
2448	32856	13.42
2449	32535	13.29
2450	32451	13.25
2451	32438	13.23
2452	32538	13.27
2453	32683	13.32
2454	32729	13.34
2455	32433	13.21
2456	31629	12.88
2457	30817	12.54
2458	29214	11.89
2459	29180	11.87
2460	29118	11.84
2461	29143	11.84
2462	29256	11.88
2463	29326	11.91
2464	29617	12.02
2465	29216	11.85
2466	29235	11.86
2467	29562	11.98
2468	29937	12.13
2469	29327	11.88
2470	29302	11.86
2471	29296	11.86
2472	29376	11.88
2473	30401	12.29
2474	29418	11.89
2475	29395	11.88
2476	29441	11.89
2477	29418	11.88
2478	29449	11.88
2479	29442	11.88
2480	30306	12.22
2481	29546	11.91
2482	29576	11.92
2483	33607	13.53
2484	29449	11.86
2485	29619	11.92
2486	29520	11.87
2487	29521	11.87
2488	29526	11.87
2489	29503	11.85
2490	29531	11.86
2491	29661	11.91
2492	29750	11.94
2493	29813	11.96
2494	29864	11.97
2495	29807	11.95
2496	29609	11.86
2497	29726	11.90
2498	29624	11.86
2499	29638	11.86
2500	29116	11.65
2501	29937	11.97
2502	30003	11.99
2503	29877	11.94
2504	29712	11.87
2505	29706	11.86
2506	31405	12.53
2507	29842	11.90
2508	30077	11.99
2509	30973	12.34
2510	30070	11.98
2511	30799	12.27
2512	29806	11.87
2513	30058	11.96
2514	30251	12.03
2515	30244	12.03
2516	30198	12.00
2517	29868	11.87
2518	29870	11.86
2519	30064	11.93
2520	30323	12.03
2521	30442	12.08
2522	29965	11.88
2523	29956	11.87
2524	30110	11.93
2525	30032	11.89
2526	30103	11.92
2527	29991	11.87
2528	30207	11.95
2529	30059	11.89
2530	30035	11.87
2531	30621	12.10
2532	30045	11.87
2533	30070	11.87
2534	30098	11.88
2535	30123	11.88
2536	30111	11.87
2537	30148	11.88
2538	30723	12.11
2539	30150	11.87
2540	30098	11.85
2541	30147	11.86
2542	30160	11.86
2543	30239	11.89
2544	30514	11.99
2545	30195	11.86
2546	30490	11.98
2547	30199	11.86
2548	30719	12.06
2549	31321	12.29
2550	30390	11.92
2551	30299	11.88
2552	30408	11.92
2553	30889	12.10
2554	29560	11.57
2555	30955	12.12
2556	29600	11.58
2557	29606	11.58
2558	30689	12.00
2559	29762	11.63
2560	30422	11.88
2561	29622	11.57
2562	29622	11.56
2563	29628	11.56
2564	29656	11.57
2565	32414	12.64
2566	29709	11.58
2567	29709	11.57
2568	29713	11.57
2569	31820	12.39
2570	29818	11.60
2571	29741	11.57
2572	29744	11.56
2573	29764	11.57
2574	29757	11.56
2575	29763	11.56
2576	29769	11.56
2577	29828	11.57
2578	29792	11.56
2579	29804	11.56
2580	29773	11.54
2581	29833	11.56
2582	29863	11.57
2583	30085	11.65
2584	29871	11.56
2585	29880	11.56
2586	29891	11.56
2587	29905	11.56
2588	30025	11.60
2589	29937	11.56
2590	29951	11.56
2591	29949	11.56
2592	29962	11.56
2593	29990	11.57
2594	30033	11.58
2595	30012	11.57
2596	30012	11.56
2597	34867	13.43
2598	37323	14.37
2599	30086	11.58
2600	31174	11.99
2601	31079	11.95
2602	30150	11.59
2603	30167	11.59
2604	30195	11.60
2605	30211	11.60
2606	32640	12.52
2607	30334	11.64
2608	30256	11.60
2609	30233	11.59
2610	30251	11.59
2611	30238	11.58
2612	30274	11.59
2613	30285	11.59
2614	30287	11.59
2615	30284	11.58
2616	30301	11.58
2617	30316	11.58
2618	34805	13.29
2619	30372	11.60
2620	35545	13.57
2621	30301	11.56
2622	30337	11.57
2623	31167	11.88
2624	31289	11.92
2625	30325	11.55
2626	30371	11.57
2627	32136	12.23
2628	30429	11.58
2629	30447	11.58
2630	30461	11.58
2631	30458	11.58
2632	30462	11.57
2633	30488	11.58
2634	30507	11.58
2635	30517	11.58
2636	32275	12.24
2637	30542	11.58
2638	30528	11.57
2639	30545	11.57
2640	30505	11.55
2641	30573	11.58
2642	30599	11.58
2643	30600	11.58
2644	30585	11.57
2645	30613	11.57
2646	30614	11.57
2647	30645	11.58
2648	30642	11.57
2649	30670	11.58
2650	30764	11.61
2651	35169	13.27
2652	34280	12.93
2653	33459	12.61
2654	34139	12.86
2655	36197	13.63
2656	31103	11.71
2657	30715	11.56
2658	37023	13.93
2659	30818	11.59
2660	31900	11.99
2661	32163	12.09
2662	31115	11.69
2663	31243	11.73
2664	31092	11.67
2665	31095	11.67
2666	30843	11.57
2667	30890	11.58
2668	30887	11.58
2669	31037	11.63
2670	30931	11.58
2671	30977	11.60
2672	30934	11.58
2673	30963	11.58
2674	36303	13.58
2675	34227	12.80
2676	30962	11.57
2677	35265	13.17
2678	43777	16.35
2679	32049	11.96
2680	32055	11.96
2681	31230	11.65
2682	31329	11.68
2683	31029	11.57
2684	31042	11.57
2685	31162	11.61
2686	32337	12.04
2687	33181	12.35
2688	33972	12.64
2689	31170	11.59
2690	31133	11.57
2691	31162	11.58
2692	31178	11.58
2693	31166	11.57
2694	31180	11.57
2695	31206	11.58
2696	31259	11.59
2697	31256	11.59
2698	31197	11.56
2699	31233	11.57
2700	31228	11.57
2701	31232	11.56
2702	32039	11.86
2703	31277	11.57
2704	31371	11.60
2705	31311	11.58
2706	32029	11.84
2707	31427	11.61
2708	31344	11.57
2709	33515	12.37
2710	31454	11.61
2711	31407	11.59
2712	31406	11.58
2713	31394	11.57
2714	31413	11.57
2715	31489	11.60
2716	31456	11.58
2717	31456	11.58
2718	33226	12.22
2719	31576	11.61
2720	31421	11.55
2721	31467	11.56
2722	32789	12.05
2723	34489	12.67
2724	36831	13.52
2725	33447	12.27
2726	34013	12.48
2727	35060	12.86
2728	31879	11.69
2729	31817	11.66
2730	34504	12.64
2731	34066	12.47
2732	31747	11.62
2733	33157	12.13
2734	31812	11.64
2735	31702	11.59
2736	31713	11.59
2737	31719	11.59
2738	31751	11.60
2739	32933	12.02
2740	32965	12.03
2741	33962	12.39
2742	33613	12.26
2743	31689	11.55
2744	31709	11.56
2745	31749	11.57
2746	31752	11.56
2747	31898	11.61
2748	31769	11.56
2749	31778	11.56
2750	31738	11.54
2751	31755	11.54
2752	31924	11.60
2753	31805	11.55
2754	31819	11.55
2755	31818	11.55
2756	31847	11.56
2757	34089	12.36
2758	31867	11.55
2759	31874	11.55
2760	31826	11.53
2761	31885	11.55
2762	31908	11.55
2763	31924	11.55
2764	31946	11.56
2765	31931	11.55
2766	31967	11.56
2767	31970	11.55
2768	31989	11.56
2769	32057	11.58
2770	31992	11.55
2771	32027	11.56
2772	32014	11.55
2773	32059	11.56
2774	33382	12.03
2775	32061	11.55
2776	33641	12.12
2777	34638	12.47
2778	32110	11.56
2779	32123	11.56
2780	32050	11.53
2781	32101	11.54
2782	32202	11.58
2783	32163	11.56
2784	32224	11.57
2785	32258	11.58
2786	33436	12.00
2787	33369	11.97
2788	32228	11.56
2789	32222	11.55
2790	32232	11.55
2791	32264	11.56
2792	32244	11.55
2793	32265	11.55
2794	32276	11.55
2795	32280	11.55
2796	32291	11.55
2797	32304	11.55
2798	32383	11.57
2799	36053	12.88
2800	32870	11.74
2801	32292	11.53
2802	32359	11.55
2803	32368	11.55
2804	32384	11.55
2805	32405	11.55
2806	32414	11.55
2807	32401	11.54
2808	34239	12.19
2809	32567	11.59
2810	32468	11.55
2811	32473	11.55
2812	32472	11.55
2813	32486	11.55
2814	32571	11.57
2815	32582	11.57
2816	32529	11.55
2817	32554	11.56
2818	32549	11.55
2819	38970	13.82
2820	43512	15.43
2821	32648	11.57
2822	32627	11.56
2823	32810	11.62
2824	32660	11.57
2825	36334	12.86
2826	32756	11.59
2827	32770	11.59
2828	36384	12.87
2829	34058	12.04
2830	32903	11.63
2831	32779	11.58
2832	32804	11.58
2833	32812	11.58
2834	32827	11.58
2835	32829	11.58
2836	32836	11.58
2837	32859	11.58
2838	32866	11.58
2839	32877	11.58
2840	33714	11.87
2841	33562	11.81
2842	32866	11.56
2843	32862	11.56
2844	32891	11.57
2845	32884	11.56
2846	32859	11.55
2847	32933	11.57
2848	32906	11.55
2849	32947	11.56
2850	33050	11.60
2851	32938	11.55
2852	32943	11.55
2853	33772	11.84
2854	32957	11.55
2855	33092	11.59
2856	33035	11.57
2857	36122	12.64
2858	33061	11.57
2859	33079	11.57
2860	33096	11.57
2861	33064	11.56
2862	33060	11.55
2863	33114	11.57
2864	33118	11.56
2865	34918	12.19
2866	33129	11.56
2867	33148	11.56
2868	33146	11.56
2869	33171	11.56
2870	33216	11.57
2871	33260	11.58
2872	33206	11.56
2873	33206	11.56
2874	35041	12.19
2875	33236	11.56
2876	33241	11.56
2877	33278	11.57
2878	33251	11.55
2879	33278	11.56
2880	33231	11.54
2881	33257	11.54
2882	33289	11.55
2883	33297	11.55
2884	33426	11.59
2885	33352	11.56
2886	33326	11.55
2887	33370	11.56
2888	33353	11.55
2889	33386	11.56
2890	36413	12.60
2891	34824	12.05
2892	33410	11.55
2893	33433	11.56
2894	33449	11.56
2895	33588	11.60
2896	33481	11.56
2897	33466	11.55
2898	33500	11.56
2899	33479	11.55
2900	33600	11.59
2901	33503	11.55
2902	33528	11.55
2903	33524	11.55
2904	33557	11.56
2905	33739	11.61
2906	33565	11.55
2907	33628	11.57
2908	33617	11.56
2909	33607	11.55
2910	33706	11.58
2911	38695	13.29
2912	33704	11.57
2913	37016	12.71
2914	40223	13.80
2915	43304	14.86
2916	48132	16.51
2917	35785	12.27
2918	39576	13.56
2919	46950	16.08
2920	43731	14.98
2921	37623	12.88
2922	48125	16.47
2923	44756	15.31
2924	36644	12.53
2925	36727	12.56
2926	37275	12.74
2927	38240	13.06
2928	67211	22.95
2929	45467	15.52
2930	41832	14.28
2931	40696	13.88
2932	41670	14.21
2933	44498	15.17
2934	41679	14.21
2935	42251	14.40
2936	41041	13.98
2937	44149	15.03
2938	46092	15.69
2939	44321	15.08
2940	42636	14.50
2941	41580	14.14
2942	41673	14.16
2943	40643	13.81
2944	40866	13.88
2945	39046	13.26
2946	39175	13.30
2947	40133	13.62
2948	40448	13.72
2949	39018	13.23
2950	39027	13.23
2951	39037	13.23
2952	39048	13.23
2953	38419	13.01
2954	36278	12.28
2955	35066	11.87
2956	35178	11.90
2957	35126	11.88
2958	35104	11.87
2959	35149	11.88
2960	35098	11.86
2961	35291	11.92
2962	35150	11.87
2963	35382	11.94
2964	35208	11.88
2965	35457	11.96
2966	35177	11.86
2967	35375	11.92
2968	35174	11.85
2969	35224	11.86
2970	35239	11.86
2971	35237	11.86
2972	35324	11.89
2973	35275	11.87
2974	35336	11.88
2975	35349	11.88
2976	35243	11.84
2977	35315	11.86
2978	35326	11.86
2979	35461	11.90
2980	35473	11.90
2981	35351	11.86
2982	35384	11.87
2983	35397	11.87
2984	35409	11.87
2985	35404	11.86
2986	35431	11.87
2987	35519	11.89
2988	35463	11.87
2989	35469	11.87
2990	35469	11.86
2991	35483	11.86
2992	35496	11.86
2993	35492	11.86
2994	35520	11.86
2995	35566	11.88
2996	35595	11.88
2997	36113	12.05
2998	35629	11.88
2999	35564	11.86
3000	35298	11.77
3001	35560	11.85
3002	35706	11.89
3003	35619	11.86
3004	35633	11.86
3005	35639	11.86
3006	35671	11.87
3007	35678	11.86
3008	35700	11.87
3009	35701	11.86
3010	35699	11.86
3011	35771	11.88
3012	35733	11.86
3013	35753	11.87
3014	35797	11.88
3015	35773	11.87
3016	37884	12.56
3017	34899	11.57
3018	34917	11.57
3019	34942	11.57
3020	37324	12.36
3021	36995	12.25
3022	34966	11.57
3023	34967	11.57
3024	34986	11.57
3025	34947	11.55
3026	35051	11.58
3027	34985	11.56
3028	35018	11.56
3029	35122	11.60
3030	35046	11.57
3031	35066	11.57
3032	35072	11.57
3033	35085	11.57
3034	35167	11.59
3035	35111	11.57
3036	35145	11.58
3037	35168	11.58
3038	35150	11.57
3039	35171	11.57
3040	35123	11.55
3041	37243	12.25
3042	46387	15.25
3043	37050	12.18
3044	43022	14.13
3045	46985	15.43
3046	49921	16.39
3047	47546	15.60
3048	84908	27.86
3049	39298	12.89
3050	48941	16.05
3051	38866	12.74
3052	39200	12.84
3053	41100	13.46
3054	41373	13.55
3055	46102	15.09
3056	40869	13.37
3057	45101	14.75
3058	44484	14.55
3059	41741	13.65
3060	42239	13.80
3061	57517	18.79
3062	40575	13.25
3063	40803	13.32
3064	41903	13.68
3065	43413	14.16
3066	42571	13.88
3067	42684	13.92
3068	42285	13.78
3069	42082	13.71
3070	41885	13.64
3071	50061	16.30
3072	44867	14.61
3073	42455	13.82
3074	40696	13.24
3075	40694	13.23
3076	41048	13.34
3077	43918	14.27
3078	42339	13.76
3079	42202	13.71
3080	55556	18.04
3081	40686	13.21
3082	40790	13.23
3083	43974	14.26
3084	42532	13.79
3085	40930	13.27
3086	40833	13.23
3087	40920	13.26
3088	40941	13.26
3089	38017	12.31
3090	37873	12.26
3091	36784	11.90
3092	36822	11.91
3093	36861	11.92
3094	36826	11.90
3095	36873	11.91
3096	36755	11.87
3097	36799	11.88
3098	37202	12.01
3099	37208	12.01
3100	37117	11.97
3101	36812	11.87
3102	36818	11.87
3103	36821	11.87
3104	36965	11.91
3105	36872	11.88
3106	37097	11.94
3107	38432	12.37
3108	38103	12.26
3109	37214	11.97
3110	36928	11.87
3111	37017	11.90
3112	37038	11.90
3113	37023	11.89
3114	37026	11.89
3115	37233	11.95
3116	37336	11.98
3117	37076	11.89
3118	37076	11.89
3119	37087	11.89
3120	37121	11.90
3121	37110	11.89
3122	37175	11.91
3123	37327	11.95
3124	37204	11.91
3125	37020	11.85
3126	37155	11.89
3127	37112	11.87
3128	37113	11.86
3129	37359	11.94
3130	37349	11.93
3131	37184	11.88
3132	37197	11.88
3133	37426	11.95
3134	37244	11.88
3135	37244	11.88
3136	37301	11.89
3137	37481	11.95
3138	37285	11.88
3139	37287	11.88
3140	37287	11.87
3141	37268	11.87
3142	37386	11.90
3143	37343	11.88
3144	37425	11.90
3145	37368	11.88
3146	37465	11.91
3147	37389	11.88
3148	37376	11.87
3149	37391	11.87
3150	37446	11.89
3151	37508	11.90
3152	37439	11.88
3153	37520	11.90
3154	37414	11.86
3155	37463	11.87
3156	37417	11.86
3157	37415	11.85
3158	37478	11.87
3159	37625	11.91
3160	37346	11.82
3161	37520	11.87
3162	37463	11.85
3163	37486	11.85
3164	37504	11.85
3165	37480	11.84
3166	37581	11.87
3167	37579	11.87
3168	37651	11.88
3169	37656	11.88
3170	37557	11.85
3171	37565	11.85
3172	37583	11.85
3173	37663	11.87
3174	37640	11.86
3175	37814	11.91
3176	37754	11.89
3177	37745	11.88
3178	37752	11.88
3179	37747	11.87
3180	37731	11.87
3181	37843	11.90
3182	38463	12.09
3183	37805	11.88
3184	38408	12.06
3185	42313	13.29
3186	37962	11.92
3187	38958	12.22
3188	38101	11.95
3189	40318	12.64
3190	40364	12.65
3191	41578	13.03
3192	43982	13.78
3193	44474	13.93
3194	42505	13.31
3195	42854	13.41
3196	42590	13.33
3197	43096	13.48
3198	43591	13.63
3199	42252	13.21
3200	39698	12.41
3201	38288	11.96
3202	38566	12.04
3203	40132	12.53
3204	38911	12.14
3205	38060	11.88
3206	38249	11.93
3207	38706	12.07
3208	38005	11.85
3209	38157	11.89
3210	38043	11.85
3211	38052	11.85
3212	38076	11.85
3213	38168	11.88
3214	38095	11.85
3215	38119	11.86
3216	38188	11.87
3217	41726	12.97
3218	38913	12.09
3219	38668	12.01
3220	38789	12.05
3221	39577	12.29
3222	38392	11.92
3223	39239	12.17
3224	38661	11.99
3225	38455	11.92
3226	38890	12.06
3227	38783	12.02
3228	38651	11.97
3229	38356	11.88
3230	38345	11.87
3231	38753	11.99
3232	38465	11.90
3233	38304	11.85
3234	37433	11.57
3235	37475	11.58
3236	37461	11.58
3237	37494	11.58
3238	37510	11.58
3239	37512	11.58
3240	37642	11.62
3241	37429	11.55
3242	37455	11.55
3243	37468	11.55
3244	37561	11.58
3245	37532	11.57
3246	37523	11.56
3247	37578	11.57
3248	37528	11.55
3249	37660	11.59
3250	37473	11.53
3251	37544	11.55
3252	37546	11.55
3253	37658	11.58
3254	37612	11.56
3255	37624	11.56
3256	37632	11.56
3257	37652	11.56
3258	37644	11.55
3259	37650	11.55
3260	37641	11.55
3261	37667	11.55
3262	37681	11.55
3263	37778	11.58
3264	37733	11.56
3265	37730	11.56
3266	37742	11.56
3267	37742	11.55
3268	37818	11.57
3269	37767	11.55
3270	37779	11.55
3271	37791	11.55
3272	37899	11.58
3273	37816	11.55
3274	37829	11.55
3275	37855	11.56
3276	37842	11.55
3277	37873	11.56
3278	37693	11.50
3279	36975	11.28
3280	38517	11.74
3281	36958	11.26
3282	36997	11.27
3283	37884	11.54
3284	37021	11.27
3285	37018	11.27
3286	37151	11.31
3287	37036	11.27
3288	37041	11.27
3289	37055	11.27
3290	37152	11.29
3291	37141	11.29
3292	37097	11.27
3293	37093	11.26
3294	37117	11.27
3295	37214	11.29
3296	37152	11.27
3297	38980	11.82
3298	37187	11.28
3299	37193	11.27
3300	37976	11.51
3301	37204	11.27
3302	37925	11.49
3303	37231	11.27
3304	37221	11.27
3305	37247	11.27
3306	37243	11.27
3307	37270	11.27
3308	37294	11.27
3309	37399	11.30
3310	37342	11.28
3311	37309	11.27
3312	37309	11.26
3313	37376	11.28
3314	37341	11.27
3315	37353	11.27
3316	40447	12.20
3317	37409	11.28
3318	37383	11.27
3319	37432	11.28
3320	37384	11.26
3321	40303	12.14
3322	38660	11.64
3323	38452	11.57
3324	37456	11.27
3325	37508	11.28
3326	37425	11.25
3327	37547	11.29
3328	38352	11.52
3329	39380	11.83
3330	37583	11.29
3331	37576	11.28
3332	37723	11.32
3333	37600	11.28
3334	37620	11.28
3335	37625	11.28
3336	37653	11.29
3337	37721	11.30
3338	37650	11.28
3339	37703	11.29
3340	41741	12.50
3341	37688	11.28
3342	37643	11.26
3343	37675	11.27
3344	37731	11.28
3345	37775	11.29
3346	37841	11.31
3347	37717	11.27
3348	37721	11.27
3349	37754	11.27
3350	37810	11.29
3351	37804	11.28
3352	37765	11.27
3353	38538	11.49
3354	37856	11.29
3355	37856	11.28
3356	37829	11.27
3357	37866	11.28
3358	37827	11.26
3359	37874	11.28
3360	37828	11.26
3361	37850	11.26
3362	37922	11.28
3363	37869	11.26
3364	37939	11.28
3365	40797	12.12
3366	37979	11.28
3367	37935	11.27
3368	37980	11.28
3369	37960	11.27
3370	38019	11.28
3371	37994	11.27
3372	38057	11.29
3373	38152	11.31
3374	38034	11.27
3375	38070	11.28
3376	37957	11.24
3377	40383	11.96
3378	40646	12.03
3379	38073	11.27
3380	38028	11.25
3381	38082	11.26
3382	38238	11.31
3383	38119	11.27
3384	38165	11.28
3385	38182	11.28
3386	38174	11.27
3387	39724	11.73
3388	38212	11.28
3389	38227	11.28
3390	39105	11.54
3391	39093	11.53
3392	38254	11.28
3393	38260	11.28
3394	38271	11.28
3395	41045	12.09
3396	38292	11.28
3397	38298	11.27
3398	41132	12.10
3399	42637	12.54
3400	38402	11.29
3401	38307	11.26
3402	38349	11.27
3403	38356	11.27
3404	38385	11.28
3405	38481	11.30
3406	38387	11.27
3407	42797	12.56
3408	38419	11.27
3409	38517	11.30
3410	38438	11.27
3411	38451	11.27
3412	38466	11.27
3413	38534	11.29
3414	38486	11.27
3415	39226	11.49
3416	39467	11.55
3417	39477	11.55
3418	42670	12.48
3419	41664	12.19
3420	39588	11.58
3421	39630	11.58
3422	39661	11.59
3423	39684	11.59
3424	39809	11.63
3425	39763	11.61
3426	41730	12.18
3427	41071	11.98
3428	42132	12.29
3429	39664	11.57
3430	39666	11.56
3431	39787	11.60
3432	39700	11.57
3433	40483	11.79
3434	39775	11.58
3435	39825	11.59
3436	39741	11.57
3437	39755	11.57
3438	39755	11.56
3439	39770	11.56
3440	39715	11.55
3441	39782	11.56
3442	39819	11.57
3443	39828	11.57
3444	39813	11.56
3445	39849	11.57
3446	39851	11.56
3447	39924	11.58
3448	39948	11.59
3449	39900	11.57
3450	39917	11.57
3451	39941	11.57
3452	39931	11.57
3453	39948	11.57
3454	39957	11.57
3455	39991	11.57
3456	39994	11.57
3457	40066	11.59
3458	39992	11.57
3459	39987	11.56
3460	40026	11.57
3461	40057	11.57
3462	40029	11.56
3463	40040	11.56
3464	40125	11.58
3465	40060	11.56
3466	40078	11.56
3467	40077	11.56
3468	40116	11.57
3469	40151	11.57
3470	40204	11.59
3471	40151	11.57
3472	40160	11.57
3473	40182	11.57
3474	40251	11.59
3475	40165	11.56
3476	40205	11.57
3477	40230	11.57
3478	40248	11.57
3479	40286	11.58
3480	40181	11.55
3481	40207	11.55
3482	40239	11.56
3483	40256	11.56
3484	40285	11.56
3485	40281	11.56
3486	40360	11.58
3487	40333	11.57
3488	40333	11.56
3489	40336	11.56
3490	40441	11.59
3491	40367	11.56
3492	40383	11.56
3493	40405	11.57
3494	40479	11.59
3495	40438	11.57
3496	40442	11.57
3497	40445	11.57
3498	40547	11.59
3499	40484	11.57
3500	40835	11.67
3501	43008	12.28
3502	42396	12.11
3503	48180	13.75
3504	41785	11.92
3505	39558	11.29
3506	39560	11.28
3507	39647	11.31
3508	39572	11.28
3509	39630	11.29
3510	39730	11.32
3511	39689	11.30
3512	39640	11.29
3513	39649	11.29
3514	44379	12.63
3515	48313	13.74
3516	49464	14.07
3517	47577	13.53
3518	61534	17.49
3519	47717	13.56
3520	54123	15.38
3521	43185	12.26
3522	39863	11.32
3523	42927	12.18
3524	44351	12.59
3525	39858	11.31
3526	39860	11.30
3527	39842	11.30
3528	40012	11.34
3529	39888	11.30
3530	39895	11.30
3531	39888	11.30
3532	39914	11.30
3533	39940	11.30
3534	41400	11.71
3535	39963	11.30
3536	44774	12.66
3537	45662	12.91
3538	39889	11.27
3539	39911	11.28
3540	47235	13.34
3541	43560	12.30
3542	42045	11.87
3543	42076	11.88
3544	42085	11.88
3545	42086	11.87
3546	42106	11.87
3547	42225	11.90
3548	42208	11.90
3549	42116	11.87
3550	42136	11.87
3551	42134	11.87
3552	42166	11.87
3553	42187	11.87
3554	42365	11.92
3555	42252	11.89
3556	42243	11.88
3557	42337	11.90
3558	42288	11.89
3559	42265	11.88
3560	42229	11.86
3561	42368	11.90
3562	42455	11.92
3563	42518	11.93
3564	42298	11.87
3565	42306	11.87
3566	42405	11.89
3567	42362	11.88
3568	42372	11.88
3569	42395	11.88
3570	42467	11.90
3571	42422	11.88
3572	42420	11.88
3573	42429	11.87
3574	42571	11.91
3575	42454	11.88
3576	42505	11.89
3577	42601	11.91
3578	42654	11.92
3579	42508	11.88
3580	42521	11.88
3581	42400	11.84
3582	41455	11.57
3583	41472	11.57
3584	41488	11.58
3585	41486	11.57
3586	41645	11.61
3587	41474	11.56
3588	41540	11.58
3589	41583	11.59
3590	41689	11.61
3591	41546	11.57
3592	42315	11.78
3593	41558	11.57
3594	41695	11.60
3595	41698	11.60
3596	42890	11.93
3597	46403	12.90
3598	42793	11.89
3599	41638	11.57
3600	41564	11.55
3601	48630	13.50
3602	73754	20.48
3603	69992	19.43
3604	51911	14.40
3605	44012	12.21
3606	45911	12.73
3607	44322	12.29
3608	56342	15.62
3609	51645	14.31
3610	49266	13.65
3611	45080	12.48
3612	46719	12.93
3613	61796	17.10
3614	62987	17.43
3615	47264	13.07
3616	45676	12.63
3617	49235	13.61
3618	43362	11.99
3619	44581	12.32
3620	42933	11.86
3621	42920	11.85
3622	43060	11.89
3623	43009	11.87
3624	43020	11.87
3625	42963	11.85
3626	43019	11.86
3627	42998	11.85
3628	43047	11.87
3629	43071	11.87
3630	43118	11.88
3631	43530	11.99
3632	43856	12.07
3633	47976	13.21
3634	43168	11.88
3635	43257	11.90
3636	43312	11.91
3637	43161	11.87
3638	43209	11.88
3639	43196	11.87
3640	43317	11.90
3641	43199	11.86
3642	43236	11.87
3643	43246	11.87
3644	43303	11.88
3645	43386	11.90
3646	43344	11.89
3647	43256	11.86
3648	43300	11.87
3649	43484	11.92
3650	43373	11.88
3651	43303	11.86
3652	43318	11.86
3653	43331	11.86
3654	43408	11.88
3655	43460	11.89
3656	43342	11.86
3657	43384	11.86
3658	43436	11.87
3659	42308	11.56
3660	42314	11.56
3661	42288	11.55
3662	42328	11.56
3663	42356	11.56
3664	42361	11.56
3665	42384	11.56
3666	42472	11.59
3667	42393	11.56
3668	42458	11.58
3669	42430	11.56
3670	42426	11.56
3671	42439	11.56
3672	42440	11.56
3673	42459	11.56
3674	42620	11.60
3675	42520	11.57
3676	42514	11.57
3677	42526	11.57
3678	42527	11.56
3679	42539	11.56
3680	42548	11.56
3681	42528	11.55
3682	42545	11.55
3683	42569	11.56
3684	42609	11.57
3685	42628	11.57
3686	42627	11.56
3687	43315	11.75
3688	42645	11.56
3689	42654	11.56
3690	42670	11.56
3691	42690	11.57
3692	42709	11.57
3693	42687	11.56
3694	42719	11.56
3695	42783	11.58
3696	43215	11.69
3697	42729	11.56
3698	42737	11.56
3699	42465	11.48
3700	41664	11.26
3701	41726	11.27
3702	41748	11.28
3703	41820	11.29
3704	41762	11.27
3705	41829	11.29
3706	41808	11.28
3707	42695	11.52
3708	41826	11.28
3709	41821	11.28
3710	41848	11.28
3711	41856	11.28
3712	41871	11.28
3713	41876	11.28
3714	45928	12.37
3715	41982	11.30
3716	41913	11.28
3717	44210	11.89
3718	42722	11.49
3719	41941	11.28
3720	45327	12.18
3721	41949	11.27
3722	41994	11.28
3723	41989	11.28
3724	44371	11.91
3725	42873	11.51
3726	42867	11.50
3727	42038	11.28
3728	42027	11.27
3729	42045	11.28
3730	42093	11.28
3731	42067	11.27
3732	42168	11.30
3733	42939	11.50
3734	42103	11.28
3735	42135	11.28
3736	42161	11.29
3737	42151	11.28
3738	42153	11.28
3739	42183	11.28
3740	42131	11.26
3741	42182	11.28
3742	42250	11.29
3743	42206	11.28
3744	42221	11.28
3745	42277	11.29
3746	42242	11.28
3747	42237	11.27
3748	42233	11.27
3749	42325	11.29
3750	42019	11.21
3751	42254	11.26
3752	42286	11.27
3753	42293	11.27
3754	42393	11.29
3755	42331	11.27
3756	42385	11.28
3757	42378	11.28
3758	42359	11.27
3759	42400	11.28
3760	42344	11.26
3761	42468	11.29
3762	43163	11.47
3763	42418	11.27
3764	42436	11.27
3765	42447	11.27
3766	42527	11.29
3767	43333	11.50
3768	42481	11.27
3769	42551	11.29
3770	42520	11.28
3771	42523	11.28
3772	42542	11.28
3773	42546	11.28
3774	42617	11.29
3775	42575	11.28
3776	42512	11.26
3777	42597	11.28
3778	42611	11.28
3779	42609	11.28
3780	42561	11.26
3781	42624	11.27
3782	42718	11.30
3783	42668	11.28
3784	42656	11.27
3785	42662	11.27
3786	42678	11.27
3787	42727	11.28
3788	43566	11.50
3789	42727	11.28
3790	42734	11.28
3791	42737	11.27
3792	42777	11.28
3793	42770	11.28
3794	42852	11.29
3795	42812	11.28
3796	42804	11.28
3797	42840	11.28
3798	42813	11.27
3799	42891	11.29
3800	44346	11.67
3801	42845	11.27
3802	42870	11.28
3803	42947	11.29
3804	43747	11.50
3805	43755	11.50
3806	45790	12.03
3807	42949	11.28
3808	42931	11.27
3809	46031	12.08
3810	42961	11.28
3811	42975	11.28
3812	42976	11.27
3813	45780	12.01
3814	43020	11.28
3815	43032	11.28
3816	43034	11.28
3817	43037	11.28
3818	51177	13.40
3819	43050	11.27
3820	43051	11.27
3821	43061	11.27
3822	46521	12.17
3823	43100	11.27
3824	43100	11.27
3825	44224	11.56
3826	43150	11.28
3827	43163	11.28
3828	43155	11.27
3829	43152	11.27
3830	43181	11.27
3831	43188	11.27
3832	43217	11.28
3833	43206	11.27
3834	48042	12.53
3835	43247	11.28
3836	43239	11.27
3837	44002	11.47
3838	47732	12.44
3839	43319	11.28
3840	43257	11.26
3841	43367	11.29
3842	43314	11.27
3843	43325	11.27
3844	43343	11.28
3845	44996	11.70
3846	43348	11.27
3847	43385	11.28
3848	43379	11.27
3849	56939	14.79
3850	44983	11.68
3851	43479	11.29
3852	43487	11.29
3853	44685	11.60
3854	43519	11.29
3855	43526	11.29
3856	43544	11.29
3857	43579	11.30
3858	43565	11.29
3859	43562	11.29
3860	43748	11.33
3861	44748	11.59
3862	44686	11.57
3863	44701	11.57
3864	44787	11.59
3865	44732	11.57
3866	44729	11.57
3867	44731	11.57
3868	44817	11.59
3869	44760	11.57
3870	44785	11.57
3871	45847	11.84
3872	44915	11.60
3873	44816	11.57
3874	44854	11.58
3875	44784	11.56
3876	44969	11.60
3877	46593	12.02
3878	44893	11.58
3879	44908	11.58
3880	44891	11.57
3881	44910	11.57
3882	44908	11.57
3883	44933	11.57
3884	44990	11.58
3885	44955	11.57
3886	44984	11.58
3887	45001	11.58
3888	45007	11.58
3889	45129	11.60
3890	45189	11.62
3891	45102	11.59
3892	45042	11.57
3893	45045	11.57
3894	45048	11.57
3895	45150	11.59
3896	45074	11.57
3897	45105	11.57
3898	45088	11.57
3899	45142	11.58
3900	45518	11.67
3901	44026	11.29
3902	44034	11.28
3903	44151	11.31
3904	44056	11.28
3905	44105	11.29
3906	44092	11.29
3907	45675	11.69
3908	44103	11.29
3909	44117	11.29
3910	44152	11.29
3911	44382	11.35
3912	44146	11.28
3913	49301	12.60
3914	44200	11.29
3915	44193	11.29
3916	45303	11.57
3917	49497	12.64
3918	44238	11.29
3919	44234	11.29
3920	44193	11.27
3921	48240	12.30
3922	44274	11.29
3923	46289	11.80
3924	44288	11.29
3925	44304	11.29
3926	44366	11.30
3927	44319	11.29
3928	46015	11.71
3929	45966	11.70
3930	44451	11.31
3931	44355	11.28
3932	44389	11.29
3933	44406	11.29
3934	44418	11.29
3935	44424	11.29
3936	44434	11.29
3937	44394	11.28
3938	44474	11.29
3939	44466	11.29
3940	44398	11.27
3941	44540	11.30
3942	44526	11.30
3943	44530	11.29
3944	44566	11.30
3945	44620	11.31
3946	44551	11.29
3947	44541	11.28
3948	44564	11.29
3949	44649	11.31
3950	46782	11.84
3951	44585	11.28
3952	44593	11.28
3953	44705	11.31
3954	44672	11.30
3955	44631	11.28
3956	47097	11.91
3957	44760	11.31
3958	44678	11.29
3959	44685	11.29
3960	46338	11.70
3961	44738	11.29
3962	44763	11.30
3963	44819	11.31
3964	44780	11.30
3965	44778	11.29
3966	44797	11.30
3967	47610	12.00
3968	44815	11.29
3969	44842	11.30
3970	44826	11.29
3971	44866	11.30
3972	44869	11.30
3973	44870	11.29
3974	44975	11.32
3975	44935	11.30
3976	44923	11.30
3977	44968	11.31
3978	45021	11.32
3979	44969	11.30
3980	44917	11.29
3981	45028	11.31
3982	44960	11.29
3983	44997	11.30
3984	44979	11.29
3985	45046	11.30
3986	45037	11.30
3987	47445	11.90
3988	44985	11.28
3989	44973	11.27
3990	44976	11.27
3991	45003	11.28
3992	45036	11.28
3993	45056	11.28
3994	45033	11.28
3995	44975	11.26
3996	45099	11.29
3997	53356	13.35
3998	45056	11.27
3999	45041	11.26
4000	45568	11.39
