N	Total Time	Average CPE
1	94	94.00
2	91	45.50
3	103	34.33
4	117	29.25
5	133	26.60
6	140	23.33
7	154	22.00
8	1003	125.38
9	187	20.78
10	199	19.90
11	212	19.27
12	230	19.17
13	246	18.92
14	281	20.07
15	1011	67.40
16	316	19.75
17	507	29.82
18	501	27.83
19	521	27.42
20	543	27.15
21	569	27.10
22	589	26.77
23	615	26.74
24	640	26.67
25	662	26.48
26	690	26.54
27	715	26.48
28	743	26.54
29	764	26.34
30	794	26.47
31	818	26.39
32	848	26.50
33	1087	32.94
34	1096	32.24
35	1128	32.23
36	1157	32.14
37	1186	32.05
38	1215	31.97
39	1243	31.87
40	1276	31.90
41	1305	31.83
42	1343	31.98
43	1373	31.93
44	1404	31.91
45	1434	31.87
46	1467	31.89
47	1503	31.98
48	1538	32.04
49	1574	32.12
50	1608	32.16
51	1645	32.25
52	1681	32.33
53	1718	32.42
54	1751	32.43
55	1789	32.53
56	1826	32.61
57	1862	32.67
58	1900	32.76
59	1940	32.88
60	1982	33.03
61	2022	33.15
62	2058	33.19
63	2102	33.37
64	2144	33.50
65	2402	36.95
66	2436	36.91
67	2477	36.97
68	2522	37.09
69	2564	37.16
70	2602	37.17
71	2644	37.24
72	2690	37.36
73	2737	37.49
74	2782	37.59
75	2827	37.69
76	2876	37.84
77	2919	37.91
78	2971	38.09
79	3019	38.22
80	3071	38.39
81	3121	38.53
82	3169	38.65
83	3228	38.89
84	3277	39.01
85	3322	39.08
86	3388	39.40
87	3425	39.37
88	3474	39.48
89	3530	39.66
90	3591	39.90
91	3687	40.52
92	3804	41.35
93	3850	41.40
94	3890	41.38
95	3935	41.42
96	3998	41.65
97	4085	42.11
98	4145	42.30
99	4204	42.46
100	4997	49.97
101	5840	57.82
102	4317	42.32
103	4378	42.50
104	4451	42.80
105	4506	42.91
106	4601	43.41
107	4631	43.28
108	4694	43.46
109	4750	43.58
110	4813	43.75
111	4876	43.93
112	4953	44.22
113	5007	44.31
114	5061	44.39
115	5148	44.77
116	5205	44.87
117	5267	45.02
118	5323	45.11
119	7194	60.45
120	9198	76.65
121	6327	52.29
122	5745	47.09
123	6554	53.28
124	7326	59.08
125	5790	46.32
126	5868	46.57
127	5949	46.84
128	5996	46.84
129	6348	49.21
130	7978	61.37
131	10329	78.85
132	6712	50.85
133	6643	49.95
134	6655	49.66
135	6733	49.87
136	6785	49.89
137	6871	50.15
138	6980	50.58
139	8385	60.32
140	10545	75.32
141	7323	51.94
142	7374	51.93
143	7475	52.27
144	7638	53.04
145	7645	52.72
146	7692	52.68
147	7778	52.91
148	7873	53.20
149	7942	53.30
150	8003	53.35
151	8088	53.56
152	8171	53.76
153	8227	53.77
154	8327	54.07
155	8397	54.17
156	8479	54.35
157	8681	55.29
158	8640	54.68
159	8726	54.88
160	8837	55.23
161	8913	55.36
162	9022	55.69
163	9121	55.96
164	9209	56.15
165	9278	56.23
166	9367	56.43
167	9448	56.57
168	9557	56.89
169	9648	57.09
170	9715	57.15
171	9800	57.31
172	9883	57.46
173	9972	57.64
174	10060	57.82
175	10148	57.99
176	10238	58.17
177	10365	58.56
178	10434	58.62
179	10532	58.84
180	10627	59.04
181	10733	59.30
182	10853	59.63
183	11001	60.11
184	14531	78.97
185	11150	60.27
186	11279	60.64
187	11369	60.80
188	11474	61.03
189	14946	79.08
190	15061	79.27
191	12584	65.88
192	13688	71.29
193	12066	62.52
194	12130	62.53
195	12373	63.45
196	12543	63.99
197	12487	63.39
198	16070	81.16
199	12686	63.75
200	15252	76.26
201	12937	64.36
202	13116	64.93
203	13108	64.57
204	13250	64.95
205	13377	65.25
206	13488	65.48
207	13598	65.69
208	13713	65.93
209	13841	66.22
210	13950	66.43
211	14061	66.64
212	14184	66.91
213	14301	67.14
214	14397	67.28
215	14506	67.47
216	14649	67.82
217	14754	67.99
218	14887	68.29
219	15008	68.53
220	15119	68.72
221	15293	69.20
222	15375	69.26
223	15494	69.48
224	15624	69.75
225	15734	69.93
226	15857	70.16
227	15940	70.22
228	16075	70.50
229	16250	70.96
230	16319	70.95
231	16416	71.06
232	16560	71.38
233	16680	71.59
234	16799	71.79
235	16903	71.93
236	17058	72.28
237	19264	81.28
238	19458	81.76
239	17443	72.98
240	17574	73.22
241	17950	74.48
242	17903	73.98
243	18032	74.21
244	18228	74.70
245	18267	74.56
246	18421	74.88
247	18532	75.03
248	18684	75.34
249	18773	75.39
250	18921	75.68
251	19097	76.08
252	19158	76.02
253	19292	76.25
254	19430	76.50
255	19567	76.73
256	19701	76.96
257	20150	78.40
258	20285	78.62
259	20398	78.76
260	20515	78.90
261	20667	79.18
262	20826	79.49
263	22559	85.78
264	21109	79.96
265	21200	80.00
266	21331	80.19
267	21464	80.39
268	21594	80.57
269	21699	80.67
270	21913	81.16
271	22017	81.24
272	22152	81.44
273	22301	81.69
274	22439	81.89
275	22536	81.95
276	26023	94.29
277	26741	96.54
278	25524	91.81
279	23344	83.67
280	23322	83.29
281	23467	83.51
282	23545	83.49
283	23770	83.99
284	23930	84.26
285	24064	84.44
286	24192	84.59
287	24412	85.06
288	24446	84.88
289	24572	85.02
290	24736	85.30
291	24902	85.57
292	34981	119.80
293	25168	85.90
294	25310	86.09
295	29913	101.40
296	29761	100.54
297	31375	105.64
298	25895	86.90
299	26067	87.18
300	29416	98.05
301	26401	87.71
302	26620	88.15
303	26825	88.53
304	28621	94.15
305	27157	89.04
306	27321	89.28
307	27482	89.52
308	27658	89.80
309	27776	89.89
310	27884	89.95
311	28129	90.45
312	28209	90.41
313	28390	90.70
314	28497	90.75
315	30218	95.93
316	28753	90.99
317	28849	91.01
318	29689	93.36
319	29980	93.98
320	30154	94.23
321	30276	94.32
322	30402	94.42
323	30606	94.76
324	30820	95.12
325	30976	95.31
326	31044	95.23
327	31198	95.41
328	31459	95.91
329	31599	96.05
330	31653	95.92
331	31816	96.12
332	31972	96.30
333	32175	96.62
334	32471	97.22
335	32489	96.98
336	32687	97.28
337	32852	97.48
338	32977	97.57
339	33240	98.05
340	33388	98.20
341	40041	117.42
342	37710	110.26
343	34095	99.40
344	34341	99.83
345	36121	104.70
346	34597	99.99
347	34671	99.92
348	34878	100.22
349	35163	100.75
350	35279	100.80
351	35360	100.74
352	35531	100.94
353	35805	101.43
354	35907	101.43
355	36032	101.50
356	38552	108.29
357	36495	102.23
358	38684	108.06
359	36800	102.51
360	43710	121.42
361	37198	103.04
362	37322	103.10
363	37571	103.50
364	37701	103.57
365	37840	103.67
366	38069	104.01
367	38209	104.11
368	38446	104.47
369	38671	104.80
370	38885	105.09
371	38958	105.01
372	39236	105.47
373	39447	105.76
374	39680	106.10
375	39729	105.94
376	39986	106.35
377	40235	106.72
378	40415	106.92
379	40590	107.10
380	40796	107.36
381	41055	107.76
382	41175	107.79
383	41323	107.89
384	41575	108.27
385	41691	108.29
386	41888	108.52
387	42088	108.75
388	42349	109.15
389	42601	109.51
390	42837	109.84
391	42922	109.77
392	43164	110.11
393	43449	110.56
394	43538	110.50
395	43698	110.63
396	43955	111.00
397	44172	111.26
398	44370	111.48
399	44542	111.63
400	44847	112.12
401	44972	112.15
402	45115	112.23
403	45378	112.60
404	45617	112.91
405	45776	113.03
406	45966	113.22
407	46160	113.42
408	46372	113.66
409	46636	114.02
410	46820	114.20
411	47039	114.45
412	47213	114.59
413	47389	114.74
414	47633	115.06
415	47795	115.17
416	48073	115.56
417	48370	116.00
418	48482	115.99
419	48635	116.07
420	48940	116.52
421	49095	116.62
422	48787	115.61
423	48265	114.10
424	48512	114.42
425	48705	114.60
426	48954	114.92
427	49057	114.89
428	49282	115.14
429	55340	129.00
430	49718	115.62
431	49889	115.75
432	50108	115.99
433	51950	119.98
434	54400	125.35
435	52566	120.84
436	54090	124.06
437	51164	117.08
438	51356	117.25
439	51612	117.57
440	51805	117.74
441	52031	117.98
442	52303	118.33
443	52396	118.28
444	56845	128.03
445	53073	119.27
446	53321	119.55
447	56740	126.94
448	56749	126.67
449	55058	122.62
450	54149	120.33
451	54370	120.55
452	54702	121.02
453	54814	121.00
454	55006	121.16
455	55203	121.33
456	55417	121.53
457	55657	121.79
458	55951	122.16
459	56147	122.32
460	56308	122.41
461	56539	122.64
462	56744	122.82
463	56963	123.03
464	57177	123.23
465	57534	123.73
466	57738	123.90
467	57881	123.94
468	58069	124.08
469	58341	124.39
470	58541	124.56
471	58730	124.69
472	58998	125.00
473	59316	125.40
474	59411	125.34
475	59635	125.55
476	59899	125.84
477	60100	126.00
478	60355	126.27
479	60579	126.47
480	60941	126.96
481	61056	126.94
482	61261	127.10
483	61483	127.29
484	62514	129.16
485	63531	130.99
486	62167	127.92
487	69453	142.61
488	62535	128.15
489	62778	128.38
490	66566	135.85
491	67551	137.58
492	63582	129.23
493	63910	129.63
494	64056	129.67
495	64249	129.80
496	64616	130.27
497	64724	130.23
498	65066	130.65
499	65231	130.72
500	70417	140.83
501	65746	131.23
502	65986	131.45
503	66196	131.60
504	66480	131.90
505	66675	132.03
506	67043	132.50
507	67180	132.50
508	67376	132.63
509	67716	133.04
510	67885	133.11
511	68160	133.39
512	74697	145.89
513	69299	135.09
514	69368	134.96
515	69563	135.07
516	69806	135.28
517	70040	135.47
518	70441	135.99
519	70539	135.91
520	76436	146.99
521	71880	137.97
522	71323	136.63
523	73226	140.01
524	77849	148.57
525	76724	146.14
526	72376	137.60
527	72613	137.79
528	72910	138.09
529	73255	138.48
530	73399	138.49
531	73583	138.57
532	74620	140.26
533	74080	138.99
534	78579	147.15
535	74652	139.54
536	74799	139.55
537	75095	139.84
538	75361	140.08
539	75635	140.32
540	75954	140.66
541	77702	143.63
542	76417	140.99
543	76660	141.18
544	76915	141.39
545	77175	141.61
546	77573	142.08
547	77682	142.01
548	77925	142.20
549	85405	155.56
550	82492	149.99
551	78416	142.32
552	78704	142.58
553	78943	142.75
554	79364	143.26
555	79456	143.16
556	79704	143.35
557	80013	143.65
558	80254	143.82
559	80619	144.22
560	80751	144.20
561	81043	144.46
562	81274	144.62
563	81534	144.82
564	81935	145.27
565	82129	145.36
566	82310	145.42
567	82603	145.68
568	82861	145.88
569	83263	146.33
570	83359	146.24
571	83618	146.44
572	83915	146.70
573	84172	146.90
574	84505	147.22
575	84714	147.33
576	84947	147.48
577	85217	147.69
578	85479	147.89
579	85883	148.33
580	86036	148.34
581	86273	148.49
582	86597	148.79
583	86868	149.00
584	87228	149.36
585	87356	149.33
586	87687	149.64
587	87918	149.78
588	89774	152.68
589	88646	150.50
590	88712	150.36
591	88941	150.49
592	89238	150.74
593	89661	151.20
594	90712	152.71
595	90183	151.57
596	90402	151.68
597	90677	151.89
598	91096	152.33
599	91288	152.40
600	97372	162.29
601	91810	152.76
602	92228	153.20
603	92420	153.27
604	92659	153.41
605	92944	153.63
606	93226	153.84
607	93678	154.33
608	93811	154.29
609	94100	154.52
610	99128	162.50
611	94667	154.94
612	94822	154.94
613	95117	155.17
614	95444	155.45
615	102087	166.00
616	97008	157.48
617	96276	156.04
618	96538	156.21
619	96783	156.35
620	97234	156.83
621	100946	162.55
622	103154	165.84
623	100213	160.86
624	98357	157.62
625	98525	157.64
626	98856	157.92
627	99139	158.12
628	99553	158.52
629	99709	158.52
630	103491	164.27
631	100388	159.09
632	100760	159.43
633	100985	159.53
634	101294	159.77
635	101579	159.97
636	101847	160.14
637	102184	160.41
638	102498	160.66
639	104495	163.53
640	102935	160.84
641	103335	161.21
642	103555	161.30
643	103801	161.43
644	109143	169.48
645	104654	162.25
646	104758	162.16
647	105014	162.31
648	105367	162.60
649	105822	163.05
650	105974	163.04
651	106263	163.23
652	106607	163.51
653	107049	163.93
654	107214	163.94
655	107534	164.17
656	107870	164.44
657	108144	164.60
658	108372	164.70
659	108691	164.93
660	109098	165.30
661	109299	165.35
662	109678	165.68
663	109860	165.70
664	110411	166.28
665	110535	166.22
666	110831	166.41
667	111122	166.60
668	116214	173.97
669	111689	166.95
670	112025	167.20
671	112335	167.41
672	112790	167.84
673	113054	167.99
674	113252	168.03
675	113704	168.45
676	113923	168.53
677	114194	168.68
678	114506	168.89
679	114841	169.13
680	115135	169.32
681	115423	169.49
682	115773	169.76
683	119735	175.31
684	116420	170.20
685	121437	177.28
686	121923	177.73
687	117354	170.82
688	117683	171.05
689	118018	171.29
690	118440	171.65
691	118609	171.65
692	118931	171.87
693	119404	172.30
694	119643	172.40
695	119945	172.58
696	120192	172.69
697	120641	173.09
698	120876	173.17
699	121166	173.34
700	126556	180.79
701	121708	173.62
702	122070	173.89
703	122341	174.03
704	122804	174.44
705	123068	174.56
706	123335	174.70
707	123738	175.02
708	123943	175.06
709	124245	175.24
710	124791	175.76
711	132506	186.37
712	125358	176.06
713	125693	176.29
714	126152	176.68
715	138662	193.93
716	131744	184.00
717	126967	177.08
718	134064	186.72
719	127633	177.51
720	127955	177.72
721	131918	182.97
722	130218	180.36
723	128904	178.29
724	129357	178.67
725	130426	179.90
726	129926	178.96
727	130261	179.18
728	132449	181.94
729	130913	179.58
730	131298	179.86
731	131703	180.17
732	131916	180.21
733	132267	180.45
734	132681	180.76
735	132917	180.84
736	133244	181.04
737	133738	181.46
738	133900	181.44
739	134223	181.63
740	134690	182.01
741	134924	182.08
742	135267	182.30
743	135715	182.66
744	135940	182.72
745	136268	182.91
746	160238	214.80
747	142295	190.49
748	157170	210.12
749	181882	242.83
750	142648	190.20
751	147421	196.30
752	141994	188.82
753	139164	184.81
754	139685	185.26
755	163002	215.90
756	140277	185.55
757	140637	185.78
758	144117	190.13
759	141218	186.06
760	141664	186.40
761	141860	186.41
762	142190	186.60
763	142551	186.83
764	142901	187.04
765	143225	187.22
766	143657	187.54
767	143879	187.59
768	144218	187.78
769	144682	188.14
770	145046	188.37
771	148534	192.65
772	145751	188.80
773	145880	188.72
774	146324	189.05
775	146807	189.43
776	152926	197.07
777	151070	194.43
778	155010	199.24
779	151736	194.78
780	152261	195.21
781	152339	195.06
782	154562	197.65
783	153301	195.79
784	153561	195.87
785	153920	196.08
786	154391	196.43
787	154684	196.55
788	155152	196.89
789	155465	197.04
790	155800	197.22
791	156222	197.50
792	160179	202.25
793	156875	197.82
794	157275	198.08
795	157500	198.11
796	157949	198.43
797	158316	198.64
798	158645	198.80
799	159175	199.22
800	159309	199.14
801	159713	199.39
802	160306	199.88
803	158972	197.97
804	160214	199.27
805	162084	201.35
806	157544	195.46
807	161743	200.43
808	158402	196.04
809	167042	206.48
810	159162	196.50
811	161128	198.68
812	173064	213.13
813	160223	197.08
814	160634	197.34
815	161175	197.76
816	164857	202.03
817	161670	197.88
818	162000	198.04
819	162331	198.21
820	164341	200.42
821	163074	198.63
822	165132	200.89
823	163834	199.07
824	164172	199.24
825	164593	199.51
826	164852	199.58
827	170164	205.76
828	165786	200.22
829	166149	200.42
830	168517	203.03
831	166882	200.82
832	167275	201.05
833	169654	203.67
834	168003	201.44
835	168444	201.73
836	168801	201.92
837	169080	202.01
838	169611	202.40
839	173529	206.83
840	170355	202.80
841	170550	202.79
842	170978	203.06
843	171460	203.39
844	171754	203.50
845	172195	203.78
846	172469	203.86
847	172812	204.03
848	173411	204.49
849	173584	204.46
850	174049	204.76
851	181515	213.30
852	174728	205.08
853	175107	205.28
854	176169	206.29
855	175770	205.58
856	176175	205.81
857	176494	205.94
858	182032	212.16
859	177200	206.29
860	177582	206.49
861	178165	206.93
862	178444	207.01
863	178961	207.37
864	179225	207.44
865	179676	207.72
866	179983	207.83
867	180363	208.03
868	180793	208.29
869	181146	208.45
870	181600	208.74
871	181932	208.88
872	182285	209.04
873	182784	209.37
874	183081	209.47
875	183613	209.84
876	185467	211.72
877	184314	210.16
878	184666	210.33
879	190792	217.06
880	185395	210.68
881	185827	210.93
882	191362	216.96
883	186515	211.23
884	186968	211.50
885	187330	211.67
886	187845	212.01
887	188106	212.07
888	188601	212.39
889	188913	212.50
890	189297	212.69
891	189781	213.00
892	190095	213.11
893	190596	213.43
894	190894	213.53
895	191422	213.88
896	191700	213.95
897	192179	214.25
898	192495	214.36
899	196066	218.09
900	197585	219.54
901	193767	215.06
902	194262	215.37
903	194526	215.42
904	197168	218.11
905	200412	221.45
906	195761	216.07
907	202519	223.28
908	200269	220.56
909	196960	216.68
910	202268	222.27
911	201876	221.60
912	198303	217.44
913	198591	217.51
914	202369	221.41
915	199403	217.93
916	199785	218.11
917	201865	220.14
918	203849	222.06
919	202864	220.74
920	201407	218.92
921	201912	219.23
922	202221	219.33
923	202713	219.62
924	203011	219.71
925	203599	220.11
926	212526	229.51
927	206296	222.54
928	204723	220.61
929	205250	220.94
930	205520	220.99
931	206042	221.31
932	206334	221.39
933	206814	221.67
934	210614	225.50
935	209454	224.01
936	208056	222.28
937	208529	222.55
938	208846	222.65
939	209323	222.92
940	209605	222.98
941	210097	223.27
942	210428	223.38
943	210941	223.69
944	211227	223.76
945	211781	224.11
946	212076	224.18
947	216158	228.26
948	212940	224.62
949	215104	226.66
950	213748	225.00
951	214308	225.35
952	214608	225.43
953	215128	225.74
954	215463	225.85
955	215995	226.17
956	216324	226.28
957	216875	226.62
958	217224	226.75
959	217748	227.06
960	219840	229.00
961	218580	227.45
962	222366	231.15
963	219428	227.86
964	219766	227.97
965	220318	228.31
966	220643	228.41
967	223669	231.30
968	221386	228.70
969	221931	229.03
970	222247	229.12
971	222850	229.51
972	223145	229.57
973	223652	229.86
974	223957	229.94
975	224465	230.22
976	224914	230.44
977	225297	230.60
978	225773	230.85
979	229428	234.35
980	226783	231.41
981	228719	233.15
982	232468	236.73
983	227936	231.88
984	228463	232.18
985	228871	232.36
986	229390	232.65
987	236346	239.46
988	230143	232.94
989	230608	233.17
990	230864	233.20
991	231414	233.52
992	231788	233.66
993	232307	233.94
994	232647	234.05
995	233181	234.35
996	233529	234.47
997	234079	234.78
998	234356	234.83
999	234910	235.15
1000	243782	243.78
1001	235840	235.60
1002	236384	235.91
1003	236698	235.99
1004	237280	236.33
1005	240303	239.11
1006	244604	243.15
1007	245732	244.02
1008	242910	240.98
1009	239331	237.20
1010	241482	239.09
1011	244424	241.76
1012	240693	237.84
1013	241243	238.15
1014	241604	238.27
1015	243768	240.17
1016	242449	238.63
1017	242855	238.80
1018	243383	239.08
1019	243737	239.19
1020	245222	240.41
1021	289653	283.70
1022	255388	249.89
1023	255959	250.20
1024	247548	241.75
1025	247290	241.26
1026	247521	241.25
1027	247931	241.41
1028	248513	241.74
1029	248819	241.81
1030	249405	242.14
1031	249780	242.27
1032	250276	242.52
1033	252617	244.55
1034	257346	248.88
1035	257873	249.15
1036	258243	249.27
1037	258965	249.73
1038	259399	249.90
1039	259771	250.02
1040	260348	250.33
1041	260685	250.42
1042	261303	250.77
1043	261738	250.95
1044	262075	251.03
1045	262696	251.38
1046	263032	251.46
1047	263441	251.62
1048	266189	254.00
1049	264494	252.14
1050	259952	247.57
1051	259066	246.49
1052	259412	246.59
1053	259996	246.91
1054	260347	247.01
1055	260920	247.32
1056	261382	247.52
1057	263344	249.14
1058	272926	257.96
1059	294555	278.14
1060	282735	266.73
1061	263751	248.59
1062	264134	248.71
1063	264675	248.99
1064	264977	249.04
1065	276138	259.28
1066	266235	249.75
1067	266520	249.78
1068	267083	250.08
1069	267587	250.32
1070	268073	250.54
1071	268345	250.56
1072	268826	250.77
1073	274549	255.87
1074	269864	251.27
1075	270211	251.36
1076	270795	251.67
1077	271181	251.79
1078	271693	252.03
1079	272290	252.35
1080	272777	252.57
1081	273118	252.65
1082	276915	255.93
1083	273912	252.92
1084	276148	254.75
1085	275088	253.54
1086	275563	253.74
1087	276037	253.94
1088	276438	254.08
1089	280071	257.18
1090	277445	254.54
1091	277783	254.61
1092	278328	254.88
1093	278836	255.11
1094	279297	255.30
1095	279758	255.49
1096	280119	255.58
1097	280650	255.83
1098	281083	256.00
1099	281654	256.28
1100	285503	259.55
1101	291049	264.35
1102	283038	256.84
1103	283645	257.16
1104	284149	257.38
1105	291069	263.41
1106	295894	267.54
1107	297048	268.34
1108	286243	258.34
1109	290873	262.28
1110	286920	258.49
1111	289252	260.35
1112	288018	259.01
1113	290311	260.84
1114	288899	259.33
1115	289430	259.58
1116	289745	259.63
1117	290389	259.97
1118	290905	260.20
1119	294802	263.45
1120	291835	260.57
1121	292346	260.79
1122	292875	261.03
1123	293386	261.25
1124	293753	261.35
1125	294386	261.68
1126	295668	262.58
1127	296970	263.50
1128	295809	262.24
1129	296331	262.47
1130	296899	262.74
1131	297286	262.85
1132	297515	262.82
1133	298134	263.14
1134	304143	268.20
1135	299256	263.66
1136	299611	263.74
1137	300359	264.17
1138	300615	264.16
1139	306240	268.87
1140	309886	271.83
1141	302199	264.85
1142	302519	264.90
1143	303074	265.16
1144	303615	265.40
1145	304112	265.60
1146	304596	265.79
1147	305117	266.01
1148	307214	267.61
1149	309292	269.18
1150	306588	266.60
1151	307248	266.94
1152	307645	267.05
1153	315170	273.35
1154	315868	273.72
1155	309338	267.83
1156	309703	267.91
1157	310401	268.28
1158	310773	268.37
1159	311324	268.61
1160	311661	268.67
1161	313981	270.44
1162	312882	269.26
1163	316779	272.38
1164	315296	270.87
1165	314378	269.85
1166	314728	269.92
1167	315374	270.24
1168	315952	270.51
1169	316404	270.66
1170	317022	270.96
1171	323171	275.98
1172	317742	271.11
1173	318489	271.52
1174	319050	271.76
1175	325332	276.88
1176	323145	274.78
1177	320387	272.21
1178	321096	272.58
1179	321304	272.52
1180	321857	272.76
1181	322536	273.10
1182	335655	283.97
1183	323513	273.47
1184	323969	273.62
1185	324640	273.96
1186	325227	274.22
1187	325524	274.24
1188	326152	274.54
1189	326642	274.72
1190	330751	277.94
1191	327831	275.26
1192	328118	275.27
1193	335170	280.95
1194	380142	318.38
1195	340034	284.55
1196	330287	276.16
1197	330583	276.18
1198	331648	276.83
1199	331928	276.84
1200	335481	279.57
1201	332726	277.04
1202	333271	277.26
1203	337516	280.56
1204	343190	285.04
1205	348298	289.04
1206	336938	279.38
1207	340666	282.24
1208	336194	278.31
1209	338511	279.99
1210	339128	280.27
1211	337689	278.85
1212	338270	279.10
1213	338822	279.33
1214	340912	280.82
1215	339886	279.74
1216	344659	283.44
1217	340901	280.12
1218	341454	280.34
1219	341957	280.52
1220	344460	282.34
1221	343086	280.99
1222	343725	281.28
1223	344202	281.44
1224	344778	281.68
1225	345322	281.90
1226	347407	283.37
1227	346356	282.28
1228	346917	282.51
1229	350810	285.44
1230	347834	282.79
1231	348382	283.01
1232	348817	283.13
1233	349357	283.34
1234	349946	283.59
1235	350466	283.78
1236	350973	283.96
1237	351452	284.12
1238	352085	284.40
1239	352607	284.59
1240	361581	291.60
1241	356333	287.13
1242	354421	285.36
1243	354883	285.51
1244	355478	285.75
1245	355987	285.93
1246	356560	286.16
1247	357128	286.39
1248	357630	286.56
1249	358028	286.65
1250	358670	286.94
1251	359244	287.17
1252	359794	287.38
1253	365464	291.67
1254	360914	287.81
1255	361294	287.88
1256	361950	288.18
1257	364023	289.60
1258	362961	288.52
1259	363512	288.73
1260	364070	288.94
1261	366201	290.41
1262	364999	289.22
1263	365637	289.50
1264	366155	289.68
1265	378284	299.04
1266	367440	290.24
1267	370443	292.38
1268	368515	290.63
1269	368952	290.74
1270	369613	291.03
1271	378848	298.07
1272	375901	295.52
1273	371125	291.54
1274	371737	291.79
1275	372330	292.02
1276	372879	292.22
1277	376803	295.07
1278	374043	292.68
1279	374596	292.88
1280	375151	293.09
1281	375850	293.40
1282	376256	293.49
1283	376844	293.72
1284	377380	293.91
1285	377822	294.02
1286	380086	295.56
1287	379040	294.51
1288	384590	298.59
1289	385307	298.92
1290	380663	295.09
1291	381215	295.29
1292	381867	295.56
1293	382386	295.74
1294	382799	295.83
1295	383487	296.13
1296	384064	296.35
1297	384627	296.55
1298	385168	296.74
1299	385728	296.94
1300	392979	302.29
1301	386885	297.38
1302	387378	297.53
1303	393589	302.06
1304	388439	297.88
1305	396395	303.75
1306	395773	303.04
1307	393915	301.39
1308	392477	300.06
1309	391391	299.00
1310	393730	300.56
1311	392506	299.39
1312	401334	305.89
1313	399206	304.04
1314	394217	300.01
1315	398465	303.02
1316	395321	300.40
1317	395819	300.55
1318	396413	300.77
1319	399012	302.51
1320	397617	301.23
1321	398207	301.44
1322	398663	301.56
1323	406190	307.02
1324	401382	303.16
1325	400341	302.14
1326	400910	302.35
1327	401510	302.57
1328	402024	302.73
1329	402633	302.96
1330	403176	303.14
1331	403754	303.35
1332	404218	303.47
1333	408402	306.38
1334	405493	303.97
1335	408467	305.97
1336	406788	304.48
1337	407358	304.68
1338	407943	304.89
1339	408515	305.09
1340	410664	306.47
1341	409574	305.42
1342	410143	305.62
1343	410787	305.87
1344	414519	308.42
1345	411929	306.27
1346	412638	306.57
1347	413145	306.71
1348	413760	306.94
1349	414321	307.13
1350	414879	307.32
1351	421059	311.66
1352	417822	309.04
1353	419871	310.33
1354	418710	309.24
1355	422983	312.16
1356	431328	318.09
1357	420562	309.92
1358	421247	310.20
1359	419962	309.02
1360	420566	309.24
1361	421212	309.49
1362	421823	309.71
1363	422391	309.90
1364	422945	310.08
1365	427058	312.86
1366	425785	311.70
1367	424658	310.65
1368	425304	310.89
1369	425843	311.06
1370	426423	311.26
1371	430463	313.98
1372	427610	311.67
1373	428204	311.87
1374	428799	312.08
1375	430984	313.44
1376	430028	312.52
1377	430566	312.68
1378	431183	312.90
1379	431753	313.09
1380	432355	313.30
1381	432985	313.53
1382	433574	313.73
1383	434075	313.86
1384	434705	314.09
1385	436896	315.45
1386	438579	316.44
1387	438156	315.90
1388	437336	315.08
1389	437933	315.29
1390	438484	315.46
1391	440592	316.74
1392	439526	315.75
1393	441704	317.09
1394	440878	316.27
1395	441468	316.46
1396	443838	317.94
1397	442537	316.78
1398	443109	316.96
1399	443745	317.19
1400	451113	322.22
1401	445071	317.68
1402	445700	317.90
1403	469599	334.71
1404	448462	319.42
1405	463992	330.24
1406	449787	319.91
1407	450497	320.18
1408	451890	320.94
1409	449954	319.34
1410	450523	319.52
1411	451095	319.70
1412	451727	319.92
1413	460574	325.95
1414	456387	322.76
1415	458621	324.11
1416	454131	320.71
1417	454793	320.95
1418	455356	321.13
1419	455946	321.32
1420	456609	321.56
1421	457206	321.75
1422	459375	323.05
1423	463410	325.66
1424	460910	323.67
1425	463487	325.25
1426	463227	324.84
1427	461124	323.14
1428	461818	323.40
1429	462340	323.54
1430	467024	326.59
1431	463616	323.98
1432	464096	324.09
1433	464604	324.22
1434	468930	327.01
1435	465945	324.70
1436	466738	325.03
1437	467309	325.20
1438	469396	326.42
1439	468345	325.47
1440	469243	325.86
1441	469813	326.03
1442	470375	326.20
1443	470899	326.33
1444	474946	328.91
1445	472174	326.76
1446	474273	327.99
1447	473551	327.26
1448	479301	331.01
1449	481699	332.44
1450	475475	327.91
1451	475949	328.01
1452	476385	328.09
1453	480624	330.78
1454	477919	328.69
1455	478580	328.92
1456	480584	330.07
1457	479924	329.39
1458	480554	329.60
1459	480901	329.61
1460	481436	329.75
1461	483971	331.26
1462	486417	332.71
1463	483506	330.49
1464	483794	330.46
1465	484330	330.60
1466	485062	330.87
1467	487618	332.39
1468	492495	335.49
1469	487352	331.76
1470	487705	331.77
1471	489685	332.89
1472	489046	332.23
1473	489661	332.42
1474	490794	332.97
1475	491240	333.04
1476	491733	333.15
1477	492249	333.28
1478	492789	333.42
1479	493454	333.64
1480	497856	336.39
1481	495139	334.33
1482	495216	334.15
1483	497339	335.36
1484	496669	334.68
1485	497360	334.92
1486	499472	336.12
1487	503496	338.60
1488	500831	336.58
1489	520257	349.40
1490	500514	335.92
1491	501210	336.16
1492	501756	336.30
1493	502391	336.50
1494	502917	336.62
1495	506442	338.76
1496	504340	337.13
1497	504988	337.33
1498	509267	339.96
1499	508091	338.95
1500	511707	341.14
1501	507551	338.14
1502	516985	344.20
1503	512395	340.91
1504	526585	350.12
1505	517379	343.77
1506	514358	341.54
1507	513293	340.61
1508	512145	339.62
1509	517082	342.67
1510	513456	340.04
1511	531529	351.77
1512	516198	341.40
1513	515077	340.43
1514	520172	343.57
1515	521921	344.50
1516	520907	343.61
1517	519366	342.36
1518	520063	342.60
1519	520759	342.83
1520	521444	343.06
1521	525357	345.40
1522	522477	343.28
1523	527039	346.05
1524	524146	343.93
1525	527704	346.04
1526	525221	344.18
1527	525817	344.35
1528	526682	344.69
1529	530642	347.05
1530	527919	345.05
1531	528461	345.17
1532	533627	348.32
1533	535510	349.32
1534	530643	345.92
1535	531368	346.17
1536	531958	346.33
1537	532836	346.67
1538	533119	346.63
1539	533914	346.92
1540	538143	349.44
1541	539770	350.27
1542	534523	346.64
1543	534978	346.71
1544	541343	350.61
1545	536410	347.19
1546	540618	349.69
1547	537639	347.54
1548	541570	349.85
1549	538841	347.86
1550	539447	348.03
1551	540079	348.21
1552	542285	349.41
1553	541654	348.78
1554	542567	349.14
1555	542975	349.18
1556	548911	352.77
1557	545985	350.66
1558	544992	349.80
1559	545495	349.90
1560	546453	350.29
1561	548668	351.48
1562	547731	350.66
1563	548367	350.84
1564	552721	353.40
1565	549894	351.37
1566	553732	353.60
1567	550902	351.56
1568	551505	351.73
1569	552000	351.82
1570	552957	352.20
1571	553525	352.34
1572	561912	357.45
1573	554875	352.75
1574	555739	353.07
1575	556417	353.28
1576	556940	353.39
1577	557622	353.60
1578	558398	353.86
1579	559189	354.14
1580	563189	356.45
1581	560210	354.34
1582	561164	354.72
1583	567179	358.29
1584	564030	356.08
1585	564637	356.24
1586	563811	355.49
1587	564502	355.70
1588	565306	355.99
1589	565861	356.11
1590	566298	356.16
1591	570873	358.81
1592	570000	358.04
1593	568284	356.74
1594	570893	358.15
1595	570121	357.44
1596	577113	361.60
1597	572788	358.66
1598	571775	357.81
1599	580388	362.97
1600	574687	359.18
1601	579756	362.12
1602	584567	364.90
1603	587206	366.32
1604	580174	361.70
1605	580097	361.43
1606	579269	360.69
1607	578214	359.81
1608	580474	360.99
1609	579578	360.21
1610	580145	360.34
1611	585425	363.39
1612	583229	361.80
1613	582329	361.02
1614	583016	361.22
1615	583812	361.49
1616	584341	361.60
1617	585201	361.91
1618	585639	361.95
1619	589891	364.36
1620	586907	362.29
1621	589447	363.63
1622	588467	362.80
1623	589133	362.99
1624	589565	363.03
1625	590194	363.20
1626	594846	365.83
1627	592139	363.95
1628	602413	370.03
1629	593192	364.14
1630	593808	364.30
1631	594802	364.69
1632	598478	366.71
1633	599314	367.00
1634	596692	365.17
1635	614796	376.02
1636	599766	366.61
1637	598913	365.86
1638	599542	366.02
1639	608523	371.28
1640	600850	366.37
1641	605061	368.71
1642	602271	366.79
1643	609973	371.26
1644	603896	367.33
1645	604871	367.70
1646	605162	367.66
1647	606025	367.96
1648	615586	373.54
1649	607376	368.33
1650	607944	368.45
1651	608660	368.66
1652	609384	368.88
1653	609969	369.01
1654	611049	369.44
1655	613981	370.99
1656	618896	373.73
1657	614413	370.80
1658	613519	370.04
1659	614223	370.24
1660	614887	370.41
1661	620564	373.61
1662	616655	371.03
1663	638276	383.81
1664	619556	372.33
1665	620274	372.54
1666	620777	372.62
1667	621620	372.90
1668	622398	373.14
1669	623055	373.31
1670	626640	375.23
1671	624496	373.73
1672	625316	373.99
1673	625815	374.07
1674	631937	377.50
1675	627198	374.45
1676	628011	374.71
1677	635577	379.00
1678	633676	377.64
1679	630183	375.33
1680	630943	375.56
1681	631915	375.92
1682	639533	380.22
1683	633357	376.33
1684	638776	379.32
1685	637710	378.46
1686	634459	376.31
1687	634032	375.83
1688	634751	376.04
1689	635738	376.40
1690	636680	376.73
1691	642202	379.78
1692	639715	378.08
1693	638609	377.21
1694	639409	377.46
1695	640131	377.66
1696	640940	377.91
1697	646600	381.03
1698	643782	379.14
1699	642942	378.42
1700	662394	389.64
1701	644448	378.86
1702	666859	391.81
1703	646879	379.85
1704	659146	386.82
1705	652681	382.80
1706	648216	379.96
1707	650620	381.15
1708	649538	380.29
1709	650504	380.63
1710	650890	380.64
1711	653499	381.94
1712	652293	381.01
1713	653327	381.39
1714	654054	381.60
1715	654614	381.70
1716	655839	382.19
1717	656036	382.08
1718	674707	392.73
1719	659333	383.56
1720	658097	382.61
1721	658960	382.89
1722	659639	383.07
1723	660406	383.29
1724	671841	389.70
1725	662000	383.77
1726	662703	383.95
1727	663509	384.20
1728	664236	384.40
1729	664803	384.50
1730	672290	388.61
1731	670042	387.08
1732	668824	386.16
1733	669470	386.31
1734	668569	385.56
1735	679249	391.50
1736	691769	398.48
1737	670806	386.19
1738	674937	388.34
1739	672160	386.52
1740	673137	386.86
1741	677432	389.11
1742	674226	387.04
1743	675056	387.30
1744	679108	389.40
1745	676851	387.88
1746	677425	387.99
1747	678350	388.29
1748	689703	394.57
1749	679674	388.61
1750	685201	391.54
1751	686253	391.92
1752	682151	389.36
1753	682878	389.55
1754	683466	389.66
1755	683999	389.74
1756	684727	389.94
1757	689048	392.17
1758	686627	390.57
1759	687136	390.64
1760	687757	390.77
1761	688804	391.14
1762	694517	394.16
1763	690189	391.49
1764	696149	394.64
1765	691735	391.92
1766	692562	392.16
1767	696359	394.09
1768	693820	392.43
1769	694728	392.72
1770	698787	394.79
1771	695937	392.96
1772	697006	393.34
1773	697613	393.46
1774	698155	393.55
1775	698998	393.80
1776	703431	396.08
1777	700865	394.41
1778	701671	394.64
1779	702197	394.71
1780	706164	396.72
1781	709928	398.61
1782	704431	395.30
1783	709883	398.14
1784	705625	395.53
1785	706647	395.88
1786	707417	396.09
1787	714375	399.76
1788	708825	396.43
1789	712548	398.29
1790	710660	397.02
1791	711454	397.24
1792	712034	397.34
1793	714252	398.36
1794	713696	397.82
1795	721184	401.77
1796	715145	398.19
1797	722950	402.31
1798	716622	398.57
1799	717401	398.78
1800	719704	399.84
1801	723856	401.92
1802	737739	409.40
1803	730775	405.31
1804	726565	402.75
1805	723731	400.96
1806	722763	400.20
1807	723664	400.48
1808	724386	400.66
1809	730628	403.89
1810	725735	400.96
1811	726532	401.18
1812	730528	403.16
1813	730794	403.09
1814	728793	401.76
1815	729717	402.05
1816	730398	402.20
1817	732941	403.38
1818	731794	402.53
1819	734622	403.86
1820	733477	403.01
1821	734272	403.22
1822	735293	403.56
1823	741042	406.50
1824	736815	403.96
1825	740757	405.89
1826	739820	405.16
1827	739049	404.52
1828	739543	404.56
1829	741895	405.63
1830	741378	405.12
1831	755269	412.49
1832	747233	407.88
1833	743821	405.79
1834	744529	405.96
1835	749030	408.19
1836	745519	406.06
1837	750571	408.59
1838	894664	486.76
1839	800341	435.20
1840	762679	414.50
1841	768928	417.67
1842	769325	417.66
1843	769993	417.79
1844	772828	419.10
1845	771785	418.31
1846	758116	410.68
1847	754509	408.51
1848	755418	408.78
1849	759557	410.79
1850	756703	409.03
1851	763895	412.69
1852	758805	409.72
1853	759029	409.62
1854	759837	409.84
1855	765515	412.68
1856	763292	411.26
1857	762557	410.64
1858	766304	412.43
1859	764105	411.03
1860	774978	416.65
1861	767142	412.22
1862	766219	411.50
1863	767104	411.76
1864	767754	411.89
1865	768655	412.15
1866	781718	418.93
1867	770068	412.46
1868	771195	412.85
1869	771755	412.92
1870	772887	413.31
1871	789981	422.22
1872	780591	416.98
1873	776951	414.82
1874	777865	415.08
1875	781732	416.92
1876	779322	415.42
1877	780401	415.77
1878	781025	415.88
1879	784952	417.75
1880	782545	416.25
1881	787926	418.89
1882	782375	415.71
1883	787985	418.47
1884	783781	416.02
1885	791682	419.99
1886	795073	421.57
1887	785830	416.44
1888	789262	418.04
1889	789736	418.07
1890	788358	417.12
1891	789615	417.56
1892	789996	417.55
1893	791053	417.88
1894	795516	420.02
1895	792479	418.19
1896	801157	422.55
1897	794263	418.69
1898	794945	418.83
1899	795776	419.05
1900	801901	422.05
1901	813789	428.08
1902	836775	439.94
1903	802610	421.76
1904	801455	420.93
1905	807213	423.73
1906	802759	421.17
1907	802410	420.77
1908	803088	420.91
1909	803908	421.11
1910	807595	422.82
1911	812372	425.10
1912	806400	421.76
1913	808720	422.75
1914	807858	422.08
1915	808811	422.36
1916	815339	425.54
1917	810374	422.73
1918	827470	431.42
1919	811734	423.00
1920	812912	423.39
1921	820504	427.12
1922	822821	428.11
1923	815413	424.03
1924	816051	424.14
1925	816691	424.26
1926	819252	425.36
1927	823875	427.54
1928	831363	431.20
1929	821584	425.91
1930	820657	425.21
1931	823167	426.29
1932	822506	425.73
1933	830287	429.53
1934	823984	426.05
1935	824955	426.33
1936	825453	426.37
1937	826747	426.82
1938	858063	442.76
1939	828298	427.18
1940	829057	427.35
1941	829835	427.53
1942	833641	429.27
1943	834937	429.72
1944	832487	428.23
1945	833233	428.40
1946	837147	430.19
1947	835116	428.92
1948	836051	429.18
1949	855711	439.05
1950	837170	429.32
1951	837863	429.45
1952	838834	429.73
1953	846577	433.48
1954	849448	434.72
1955	844798	432.12
1956	842170	430.56
1957	842966	430.74
1958	843820	430.96
1959	854195	436.04
1960	846893	432.09
1961	846324	431.58
1962	847086	431.75
1963	847912	431.95
1964	852510	434.07
1965	849433	432.28
1966	850512	432.61
1967	851352	432.82
1968	852273	433.07
1969	853011	433.22
1970	853537	433.27
1971	854863	433.72
1972	862337	437.29
1973	858228	434.99
1974	857460	434.38
1975	870923	440.97
1976	858866	434.65
1977	859723	434.86
1978	860541	435.06
1979	867045	438.12
1980	863903	436.31
1981	862900	435.59
1982	865771	436.82
1983	864502	435.96
1984	874739	440.90
1985	869829	438.20
1986	874985	440.58
1987	875475	440.60
1988	869342	437.29
1989	873714	439.27
1990	874175	439.28
1991	873174	438.56
1992	872378	437.94
1993	874712	438.89
1994	874391	438.51
1995	878477	440.34
1996	875259	438.51
1997	876434	438.88
1998	877572	439.23
1999	883106	441.77
2000	884016	442.01
2001	888826	444.19
2002	896298	447.70
2003	890437	444.55
2004	884164	441.20
2005	892807	445.29
2006	883988	440.67
2007	885014	440.96
2008	885677	441.07
2009	888417	442.22
2010	894808	445.18
2011	893882	444.50
2012	889311	442.00
2013	890228	442.24
2014	892440	443.12
2015	910160	451.69
2016	892260	442.59
2017	893211	442.84
2018	894357	443.19
2019	895218	443.40
2020	899524	445.31
2021	902242	446.43
2022	898135	444.18
2023	898635	444.21
2024	902122	445.71
2025	922022	455.32
2026	904530	446.46
2027	901912	444.95
2028	903265	445.40
2029	903514	445.30
2030	907952	447.27
2031	905378	445.78
2032	910325	447.99
2033	914121	449.64
2034	908044	446.43
2035	911912	448.11
2036	914856	449.34
2037	914263	448.83
2038	913126	448.05
2039	933397	457.77
2040	915171	448.61
2041	914114	447.88
2042	915370	448.27
2043	915790	448.26
2044	920050	450.12
2045	928506	454.04
2046	942799	460.80
2047	931932	455.27
2048	923527	450.94
2049	925745	451.80
2050	925929	451.67
2051	930078	453.48
2052	929331	452.89
2053	925593	450.85
2054	935722	455.56
2055	931539	453.30
2056	933400	453.99
2057	931136	452.67
2058	931397	452.57
2059	934920	454.07
2060	934050	453.42
2061	931557	451.99
2062	935809	453.84
2063	938632	454.98
2064	934405	452.72
2065	935192	452.88
2066	936271	453.18
2067	936909	453.27
2068	943063	456.03
2069	945610	457.04
2070	939503	453.87
2071	940338	454.05
2072	941346	454.32
2073	948301	457.45
2074	943088	454.72
2075	948385	457.05
2076	944940	455.17
2077	945841	455.39
2078	951709	457.99
2079	952333	458.07
2080	948208	455.87
2081	949129	456.09
2082	955157	458.77
2083	950926	456.52
2084	953504	457.54
2085	954113	457.61
2086	953384	457.04
2087	957946	459.01
2088	955301	457.52
2089	957858	458.52
2090	957140	457.96
2091	957979	458.14
2092	966153	461.83
2093	959547	458.46
2094	960432	458.66
2095	962893	459.61
2096	968996	462.31
2097	969851	462.49
2098	964136	459.55
2099	965122	459.80
2100	969351	461.60
2101	974889	464.01
2102	999694	475.59
2103	974701	463.48
2104	970225	461.13
2105	978584	464.89
2106	971154	461.14
2107	973975	462.26
2108	976219	463.10
2109	973761	461.72
2110	978287	463.64
2111	975821	462.26
2112	979914	463.97
2113	979073	463.36
2114	985509	466.18
2115	979261	463.01
2116	979955	463.12
2117	984901	465.23
2118	988148	466.55
2119	983044	463.92
2120	983836	464.07
2121	984746	464.28
2122	988693	465.93
2123	1001449	471.71
2124	1000750	471.16
2125	988704	465.27
2126	989295	465.33
2127	990407	465.64
2128	995516	467.82
2129	997242	468.41
2130	992859	466.13
2131	993880	466.39
2132	998168	468.18
2133	995932	466.92
2134	996659	467.04
2135	999321	468.07
2136	998403	467.42
2137	1007447	471.43
2138	1002217	468.76
2139	1000931	467.94
2140	1001801	468.13
2141	1012748	473.03
2142	1007426	470.32
2143	1004802	468.88
2144	1006030	469.23
2145	1006697	469.32
2146	1021125	475.83
2147	1009548	470.21
2148	1008713	469.61
2149	1009760	469.87
2150	1013076	471.20
2151	1011542	470.27
2152	1012844	470.65
2153	1013537	470.76
2154	1021073	474.04
2155	1022580	474.52
2156	1019374	472.81
2157	1020487	473.10
2158	1017969	471.72
2159	1032672	478.31
2160	1019846	472.15
2161	1025871	474.72
2162	1021691	472.57
2163	1026214	474.44
2164	1023621	473.02
2165	1024471	473.20
2166	1025597	473.50
2167	1034991	477.61
2168	1027116	473.76
2169	1028299	474.09
2170	1034399	476.68
2171	1029870	474.38
2172	1034176	476.14
2173	1033181	475.46
2174	1034207	475.72
2175	1033532	475.19
2176	1044317	479.93
2177	1035618	475.71
2178	1037889	476.53
2179	1037219	476.01
2180	1041686	477.84
2181	1039037	476.40
2182	1044299	478.60
2183	1045726	479.03
2184	1045609	478.76
2185	1048185	479.72
2186	1047139	479.02
2187	1044651	477.66
2188	1046991	478.52
2189	1051498	480.36
2190	1047175	478.16
2191	1049896	479.19
2192	1049056	478.58
2193	1055213	481.17
2194	1051251	479.15
2195	1057060	481.58
2196	1052885	479.46
2197	1057354	481.27
2198	1054938	479.95
2199	1083753	492.84
2200	1064536	483.88
2201	1092215	496.24
2202	1071280	486.50
2203	1123567	510.02
2204	1152758	523.03
2205	1091219	494.88
2206	1090057	494.13
2207	1092867	495.18
2208	1096324	496.52
2209	1093765	495.14
2210	1100657	498.03
2211	1094386	494.97
2212	1190817	538.34
2213	1259514	569.14
2214	1100987	497.28
2215	1100411	496.80
2216	1098136	495.55
2217	1101299	496.75
2218	1100212	496.04
2219	1103192	497.16
2220	1105740	498.08
2221	1106946	498.40
2222	1104059	496.88
2223	1107478	498.19
2224	1106119	497.36
2225	1129858	507.80
2226	1124177	505.02
2227	1265152	568.10
2228	1138761	511.11
2229	1139840	511.37
2230	1142910	512.52
2231	1135739	509.07
2232	1121234	502.34
2233	1118239	500.78
2234	1122726	502.56
2235	1116365	499.49
2236	1117387	499.73
2237	1120388	500.84
2238	1121187	500.98
2239	1106440	494.17
2240	1098621	490.46
2241	1100111	490.90
2242	1095723	488.73
2243	1096981	489.07
2244	1102726	491.41
2245	1102246	490.98
2246	1099783	489.66
2247	1102115	490.48
2248	1103197	490.75
2249	1103851	490.82
2250	1106887	491.95
2251	1104183	490.53
2252	1105179	490.75
2253	1114816	494.81
2254	1108849	491.95
2255	1107878	491.30
2256	1109077	491.61
2257	1111914	492.65
2258	1110886	491.98
2259	1111975	492.24
2260	1112808	492.39
2261	1116974	494.02
2262	1121208	495.67
2263	1120874	495.30
2264	1116516	493.16
2265	1120864	494.86
2266	1120532	494.50
2267	1119587	493.86
2268	1120580	494.08
2269	1128174	497.21
2270	1122196	494.36
2271	1123375	494.66
2272	1124267	494.84
2273	1128788	496.61
2274	1126158	495.23
2275	1126927	495.35
2276	1131199	497.01
2277	1145767	503.19
2278	1131570	496.74
2279	1130789	496.18
2280	1131743	496.38
2281	1140970	500.21
2282	1133874	496.88
2283	1134927	497.12
2284	1135781	497.28
2285	1143169	500.29
2286	1139286	498.38
2287	1138496	497.81
2288	1139456	498.01
2289	1143894	499.74
2290	1148509	501.53
2291	1144160	499.42
2292	1144871	499.51
2293	1145999	499.78
2294	1145501	499.35
2295	1149941	501.06
2296	1150893	501.26
2297	1148209	499.87
2298	1149252	500.11
2299	1150194	500.30
2300	1163866	506.03
2301	1178401	512.13
2302	1161290	504.47
2303	1155955	501.93
2304	1172380	508.85
2305	1156609	501.78
2306	1157773	502.07
2307	1158269	502.07
2308	1163284	504.02
2309	1160405	502.56
2310	1168025	505.64
2311	1164369	503.84
2312	1167606	505.02
2313	1165985	504.10
2314	1168927	505.15
2315	1166188	503.75
2316	1172229	506.14
2317	1168233	504.20
2318	1169911	504.71
2319	1186071	511.46
2320	1172428	505.36
2321	1171751	504.85
2322	1174637	505.87
2323	1180160	508.03
2324	1174638	505.44
2325	1175668	505.66
2326	1176632	505.86
2327	1182236	508.05
2328	1178513	506.23
2329	1181111	507.13
2330	1181888	507.25
2331	1184847	508.30
2332	1182362	507.02
2333	1183353	507.22
2334	1194751	511.89
2335	1189208	509.30
2336	1186260	507.82
2337	1193742	510.80
2338	1195145	511.18
2339	1189374	508.50
2340	1190353	508.70
2341	1198106	511.79
2342	1199332	512.10
2343	1193078	509.21
2344	1194122	509.44
2345	1194941	509.57
2346	1198067	510.68
2347	1197263	510.12
2348	1199927	511.04
2349	1202380	511.87
2350	1200192	510.72
2351	1233043	524.48
2352	1363681	579.80
2353	1572585	668.33
2354	1607879	683.04
2355	1331313	565.31
2356	1209110	513.20
2357	1207147	512.15
2358	1214947	515.24
2359	1211571	513.60
2360	1210964	513.12
2361	1211306	513.05
2362	1215763	514.72
2363	1223081	517.60
2364	1214414	513.71
2365	1215214	513.83
2366	1216291	514.07
2367	1220675	515.71
2368	1218384	514.52
2369	1219820	514.91
2370	1222236	515.71
2371	1221101	515.02
2372	1229981	518.54
2373	1227674	517.35
2374	1225943	516.40
2375	1225483	515.99
2376	1227704	516.71
2377	1228547	516.85
2378	1233511	518.72
2379	1229689	516.89
2380	1230444	516.99
2381	1236834	519.46
2382	1232207	517.30
2383	1233290	517.54
2384	1234107	517.66
2385	1242123	520.81
2386	1239586	519.52
2387	1237117	518.27
2388	1245113	521.40
2389	1242326	520.02
2390	1240520	519.05
2391	1241525	519.25
2392	1246206	520.99
2393	1245025	520.28
2394	1245873	520.41
2395	1245324	519.97
2396	1269390	529.80
2397	1246895	520.19
2398	1248731	520.74
2399	1252624	522.14
2400	1251613	521.51
2401	1274286	530.73
2402	1261175	525.05
2403	1258550	523.74
2404	1255911	522.43
2405	1255474	522.03
2406	1258275	522.97
2407	1262545	524.53
2408	1263650	524.77
2409	1259401	522.79
2410	1267224	525.82
2411	1266532	525.31
2412	1262671	523.50
2413	1267987	525.48
2414	1264428	523.79
2415	1265490	524.01
2416	1266471	524.20
2417	1272758	526.59
2418	1277921	528.50
2419	1272868	526.20
2420	1282452	529.94
2421	1271390	525.15
2422	1272284	525.30
2423	1273568	525.62
2424	1277994	527.23
2425	1275983	526.18
2426	1276500	526.17
2427	1282519	528.44
2428	1287699	530.35
2429	1283542	528.42
2430	1281101	527.20
2431	1285718	528.88
2432	1286761	529.10
2433	1283591	527.58
2434	1288288	529.29
2435	1288253	529.06
2436	1288649	529.00
2437	1291383	529.91
2438	1293849	530.70
2439	1290490	529.11
2440	1291021	529.11
2441	1302231	533.48
2442	1295857	530.65
2443	1293760	529.58
2444	1298633	531.36
2445	1316449	538.42
2446	1296893	530.21
2447	1298140	530.50
2448	1302871	532.22
2449	1299943	530.81
2450	1300973	531.01
2451	1305603	532.68
2452	1306736	532.93
2453	1308575	533.46
2454	1314404	535.62
2455	1311253	534.12
2456	1307802	532.49
2457	1311906	533.95
2458	1312928	534.14
2459	1310229	532.83
2460	1314302	534.27
2461	1312329	533.25
2462	1321823	536.89
2463	1314696	533.78
2464	1328266	539.07
2465	1414264	573.74
2466	1358543	550.91
2467	1351784	547.95
2468	1344125	544.62
2469	1320733	534.93
2470	1323887	535.99
2471	1333855	539.80
2472	1328620	537.47
2473	1326549	536.41
2474	1330824	537.92
2475	1330345	537.51
2476	1327864	536.29
2477	1332618	538.00
2478	1336566	539.37
2479	1331225	537.00
2480	1332293	537.21
2481	1337128	538.95
2482	1336253	538.38
2483	1340737	539.97
2484	1336518	538.05
2485	1341371	539.79
2486	1338656	538.48
2487	1348331	542.15
2488	1340904	538.95
2489	1344955	540.36
2490	1342710	539.24
2491	1348788	541.46
2492	1348584	541.17
2493	1346123	539.96
2494	1350105	541.34
2495	1350058	541.11
2496	1348865	540.41
2497	1353729	542.14
2498	1362140	545.29
2499	1366500	546.82
2500	1354621	541.85
2501	1388388	555.13
2502	1362015	544.37
2503	1356708	542.03
2504	1357383	542.09
2505	1364548	544.73
2506	1364288	544.41
2507	1371174	546.94
2508	1365080	544.29
2509	1362338	542.98
2510	1377107	548.65
2511	1368034	544.82
2512	1368969	544.97
2513	1375410	547.32
2514	1372846	546.08
2515	1375251	546.82
2516	1369658	544.38
2517	1674003	665.08
2518	1375085	546.10
2519	1373526	545.27
2520	1374035	545.25
2521	1381974	548.18
2522	1376334	545.73
2523	1377232	545.87
2524	1381522	547.35
2525	1379241	546.23
2526	1387634	549.34
2527	1383055	547.31
2528	1382197	546.76
2529	1391591	550.25
2530	1392409	550.36
2531	1388615	548.64
2532	1389493	548.77
2533	1400041	552.72
2534	1393903	550.08
2535	1393337	549.64
2536	1394556	549.90
2537	1403856	553.35
2538	1403828	553.12
2539	1397501	550.41
2540	1405673	553.41
2541	1400719	551.25
2542	1398050	549.98
2543	1410196	554.54
2544	1399730	550.21
2545	1400781	550.41
2546	1403722	551.34
2547	1402485	550.64
2548	1405669	551.68
2549	1414417	554.89
2550	1411514	553.53
2551	1408832	552.27
2552	1410469	552.69
2553	1408956	551.88
2554	1410047	552.09
2555	1411007	552.25
2556	1414762	553.51
2557	1419552	555.16
2558	1414273	552.88
2559	1441566	563.33
2560	1416924	553.49
2561	1418396	553.84
2562	1424531	556.02
2563	1423422	555.37
2564	1423023	555.00
2565	1425939	555.92
2566	1423182	554.63
2567	1424020	554.74
2568	1429759	556.76
2569	1431896	557.37
2570	1427936	555.62
2571	1436109	558.58
2572	1433130	557.20
2573	1430673	556.03
2574	1442995	560.60
2575	1433084	556.54
2576	1462246	567.64
2577	1441233	559.27
2578	1437865	557.74
2579	1439034	557.98
2580	1449036	561.64
2581	1443752	559.38
2582	1445025	559.65
2583	1441660	558.13
2584	1448691	560.64
2585	1444306	558.73
2586	1446562	559.38
2587	1467711	567.34
2588	1449310	560.01
2589	1448598	559.52
2590	1451363	560.37
2591	1497969	578.14
2592	1454495	561.15
2593	1460973	563.43
2594	1453710	560.41
2595	1463440	563.95
2596	1468871	565.82
2597	1458220	561.50
2598	1459376	561.73
2599	1475979	567.90
2600	1468536	564.82
2601	1490832	573.18
2602	1491736	573.30
2603	1466924	563.55
2604	1466130	563.03
2605	1468860	563.86
2606	1469770	563.99
2607	1472319	564.76
2608	1473014	564.81
2609	1469718	563.33
2610	1477543	566.11
2611	1480589	567.06
2612	1473257	564.03
2613	1473949	564.08
2614	1490985	570.38
2615	1483267	567.21
2616	1480631	565.99
2617	1487376	568.35
2618	1479409	565.09
2619	1480552	565.31
2620	1488738	568.22
2621	1484305	566.31
2622	1485251	566.46
2623	1489975	568.04
2624	1486328	566.44
2625	1487598	566.70
2626	1505595	573.34
2627	1489004	566.81
2628	1497059	569.66
2629	1499247	570.27
2630	1503871	571.81
2631	1499644	569.99
2632	1498313	569.27
2633	1496384	568.32
2634	1497300	568.45
2635	1520861	577.18
2636	1504462	570.74
2637	1502054	569.61
2638	1510650	572.65
2639	1509691	572.07
2640	1503836	569.63
2641	1511976	572.50
2642	1509568	571.37
2643	1507155	570.24
2644	1509846	571.05
2645	1522048	575.44
2646	1517237	573.41
2647	1515015	572.35
2648	1512818	571.31
2649	1515238	572.00
2650	1518401	572.98
2651	1518142	572.67
2652	1519105	572.81
2653	1528332	576.08
2654	1519258	572.44
2655	1522066	573.28
2656	1525723	574.44
2657	1529047	575.48
2658	1531895	576.33
2659	1528156	574.71
2660	1527400	574.21
2661	1530816	575.28
2662	1528449	574.17
2663	1532987	575.66
2664	1540723	578.35
2665	1531387	574.63
2666	1532437	574.81
2667	1543921	578.90
2668	1535255	575.43
2669	1542679	578.00
2670	1540475	576.96
2671	1537791	575.74
2672	1539021	575.98
2673	1543345	577.38
2674	1545939	578.14
2675	1541981	576.44
2676	1545978	577.72
2677	1559268	582.47
2678	1546433	577.46
2679	1549494	578.39
2680	1548920	577.96
2681	1553511	579.45
2682	1554306	579.53
2683	1561619	582.04
2684	1557148	580.16
2685	1560941	581.36
2686	1555250	579.02
2687	1563816	581.99
2688	1566037	582.60
2689	1560798	580.44
2690	1562415	580.82
2691	1560860	580.03
2692	1562183	580.31
2693	1567572	582.09
2694	1564551	580.75
2695	1570376	582.70
2696	1573869	583.78
2697	1571204	582.57
2698	1569337	581.67
2699	1579079	585.06
2700	1584221	586.75
2701	1606805	594.89
2702	1582964	585.85
2703	1574363	582.45
2704	1607457	594.47
2705	1577932	583.34
2706	1579040	583.53
2707	1587193	586.33
2708	1581367	583.96
2709	1580665	583.49
2710	1583890	584.46
2711	1584730	584.56
2712	1584063	584.09
2713	1593763	587.45
2714	1595101	587.73
2715	1589361	585.40
2716	1594379	587.03
2717	1593401	586.46
2718	1594618	586.69
2719	1592639	585.74
2720	1593384	585.80
2721	1601819	588.69
2722	1596031	586.34
2723	1604166	589.12
2724	1604583	589.05
2725	1602938	588.23
2726	1600389	587.08
2727	1604039	588.21
2728	1607696	589.33
2729	1609974	589.95
2730	1606225	588.36
2731	1605684	587.95
2732	1612755	590.32
2733	1631058	596.80
2734	1613860	590.29
2735	1620856	592.63
2736	1611960	589.17
2737	1612612	589.19
2738	1617134	590.63
2739	1615317	589.75
2740	1627957	594.14
2741	1624531	592.68
2742	1625097	592.67
2743	1628892	593.84
2744	1620871	590.70
2745	1623465	591.43
2746	1628828	593.16
2747	1624514	591.38
2748	1625803	591.63
2749	1633359	594.16
2750	1635282	594.65
2751	1631763	593.15
2752	1633740	593.66
2753	1631358	592.57
2754	1636337	594.17
2755	1633962	593.09
2756	1646650	597.48
2757	1640659	595.09
2758	1636770	593.46
2759	1643189	595.57
2760	1644517	595.84
2761	1640436	594.15
2762	1648287	596.77
2763	1646037	595.74
2764	1644098	594.83
2765	1648349	596.15
2766	1654028	597.99
2767	1648613	595.81
2768	1653929	597.52
2769	1654408	597.47
2770	1653930	597.09
2771	1651953	596.16
2772	1662439	599.73
2773	1658070	597.93
2774	1658752	597.96
2775	1656871	597.07
2776	1667739	600.77
2777	1658709	597.30
2778	1665340	599.47
2779	1664525	598.97
2780	1662221	597.92
2781	1673409	601.73
2782	1670967	600.64
2783	1669399	599.86
2784	1675852	601.96
2785	1675827	601.73
2786	1672752	600.41
2787	1677053	601.74
2788	1673845	600.37
2789	1674791	600.50
2790	1673698	599.89
2791	1675232	600.23
2792	1684759	603.42
2793	1681520	602.05
2794	1684220	602.80
2795	1686128	603.27
2796	1680940	601.19
2797	1685946	602.77
2798	1688602	603.50
2799	1684906	601.97
2800	1704223	608.65
2801	1714056	611.94
2802	1698300	606.10
2803	1691047	603.30
2804	1690451	602.87
2805	1700180	606.12
2806	1692960	603.34
2807	1696101	604.24
2808	1702486	606.30
2809	1700543	605.39
2810	1699430	604.78
2811	1698507	604.24
2812	1701229	604.99
2813	1714070	609.34
2814	1710573	607.88
2815	1706780	606.32
2816	1706575	606.03
2817	1705892	605.57
2818	1721890	611.03
2819	1707983	605.88
2820	1710828	606.68
2821	1718488	609.18
2822	1711703	606.56
2823	1716268	607.96
2824	1714249	607.03
2825	1715465	607.24
2826	1724891	610.36
2827	1717361	607.49
2828	1726812	610.61
2829	1721810	608.63
2830	1721442	608.28
2831	1730562	611.29
2832	1728600	610.38
2833	1726039	609.26
2834	1735532	612.40
2835	1726828	609.11
2836	1753253	618.21
2837	1729217	609.52
2838	1730975	609.93
2839	1739855	612.84
2840	1733451	610.37
2841	1782050	627.26
2842	1758343	618.70
2843	1742340	612.85
2844	1777120	624.87
2845	1782767	626.63
2846	1776342	624.15
2847	1741456	611.68
2848	1742503	611.83
2849	1748351	613.67
2850	1747504	613.16
2851	1749341	613.59
2852	1753592	614.86
2853	1755150	615.19
2854	1755981	615.27
2855	1750657	613.19
2856	1753694	614.04
2857	1758207	615.40
2858	1762097	616.55
2859	1755004	613.85
2860	1763601	616.64
2861	1757784	614.39
2862	1763924	616.33
2863	1763025	615.80
2864	1765152	616.32
2865	1765526	616.24
2866	1769280	617.33
2867	1770355	617.49
2868	1771411	617.65
2869	1769144	616.64
2870	1768625	616.25
2871	1775166	618.31
2872	1772958	617.33
2873	1776771	618.44
2874	1777111	618.34
2875	1774698	617.29
2876	1777976	618.21
2877	1784388	620.23
2878	1778299	617.89
2879	1784971	620.00
2880	1781258	618.49
2881	1783020	618.89
2882	1790460	621.26
2883	1787243	619.92
2884	1788166	620.03
2885	1790602	620.66
2886	1788773	619.81
2887	1793604	621.27
2888	1790259	619.90
2889	1795570	621.52
2890	1798482	622.31
2891	1794550	620.74
2892	1804899	624.10
2893	1802278	622.98
2894	1807601	624.60
2895	1810914	625.53
2896	1799128	621.25
2897	1805489	623.23
2898	1803362	622.28
2899	1821524	628.33
2900	1815644	626.08
2901	1829155	630.53
2902	1817196	626.19
2903	1807981	622.80
2904	1811045	623.64
2905	1809966	623.05
2906	1814844	624.52
2907	1828841	629.12
2908	1813866	623.75
2909	1821859	626.28
2910	1831309	629.32
2911	1821468	625.72
2912	1828420	627.89
2913	1824448	626.31
2914	1824636	626.16
2915	1822411	625.18
2916	1828713	627.13
2917	1833295	628.49
2918	1825963	625.76
2919	1837005	629.33
2920	1828702	626.27
2921	1842774	630.87
2922	1830686	626.52
2923	1831998	626.75
2924	1840609	629.48
2925	1846598	631.32
2926	1844128	630.26
2927	1836720	627.51
2928	1843466	629.60
2929	1839333	627.97
2930	1848266	630.81
2931	1852131	631.91
2932	1842994	628.58
2933	1858728	633.73
2934	1845478	629.00
2935	1863561	634.94
2936	1851387	630.58
2937	1849204	629.62
2938	1853529	630.88
2939	1851669	630.03
2940	1863133	633.72
2941	1854408	630.54
2942	1855436	630.67
2943	1870509	635.58
2944	1858663	631.34
2945	1863831	632.88
2946	1861300	631.81
2947	1862158	631.88
2948	1864138	632.34
2949	1871655	634.67
2950	1879376	637.08
2951	1867481	632.83
2952	1884975	638.54
2953	1871514	633.77
2954	1874191	634.46
2955	1879006	635.87
2956	1899766	642.68
2957	1878830	635.38
2958	1876179	634.27
2959	1876813	634.27
2960	1888977	638.17
2961	1880047	634.94
2962	1886350	636.85
2963	1888402	637.33
2964	1899962	641.01
2965	1887217	636.50
2966	1892939	638.21
2967	1889678	636.90
2968	1897531	639.33
2969	1891900	637.22
2970	1889690	636.26
2971	1896004	638.17
2972	1897464	638.45
2973	1893605	636.93
2974	1903442	640.03
2975	1902027	639.34
2976	1900451	638.59
2977	1903363	639.36
2978	1900318	638.12
2979	1901475	638.29
2980	1908143	640.32
2981	1907665	639.94
2982	1905049	638.85
2983	1909783	640.22
2984	1915404	641.89
2985	1915894	641.84
2986	1918047	642.35
2987	1914650	640.99
2988	1916205	641.30
2989	1915932	640.99
2990	1919902	642.11
2991	1921171	642.32
2992	1920839	641.99
2993	1918945	641.14
2994	1924571	642.81
2995	1939545	647.59
2996	1929118	643.90
2997	1927515	643.15
2998	1928208	643.16
2999	1927605	642.75
3000	1956717	652.24
3001	1952623	650.66
3002	1936684	645.13
3003	1931475	643.18
3004	1934761	644.06
3005	1933982	643.59
3006	1939967	645.36
3007	1944018	646.50
3008	1939495	644.78
3009	1951116	648.43
3010	1939870	644.48
3011	1949255	647.38
3012	1956191	649.47
3013	1946861	646.15
3014	1945229	645.40
3015	1948200	646.17
3016	1954692	648.11
3017	1953887	647.63
3018	1954119	647.49
3019	1953185	646.96
3020	1960356	649.12
3021	1954195	646.87
3022	1969203	651.62
3023	1960792	648.62
3024	1958797	647.75
3025	1970727	651.48
3026	1959758	647.64
3027	1964450	648.98
3028	1964888	648.91
3029	1968404	649.85
3030	1966427	648.99
3031	1980446	653.40
3032	1967513	648.92
3033	1968307	648.96
3034	1975646	651.17
3035	1974907	650.71
3036	2043406	673.06
3037	1973684	649.88
3038	1981545	652.25
3039	1985104	653.21
3040	1980936	651.62
3041	1980422	651.24
3042	1979603	650.76
3043	1984897	652.28
3044	1986163	652.48
3045	1987282	652.64
3046	1988356	652.78
3047	1999567	656.24
3048	1987416	652.04
3049	1991858	653.28
3050	1993299	653.54
3051	1992961	653.22
3052	2000203	655.37
3053	2167471	709.95
3054	2311346	756.83
3055	2012869	658.88
3056	2047759	670.08
3057	2045398	669.09
3058	2003498	655.17
3059	2001337	654.25
3060	2006190	655.62
3061	2011475	657.13
3062	2012847	657.36
3063	2007268	655.33
3064	2007683	655.25
3065	2013845	657.05
3066	2019034	658.52
3067	2018347	658.09
3068	2034667	663.19
3069	2019579	658.06
3070	2020682	658.20
3071	2020353	657.88
3072	2018092	656.93
3073	2023564	658.50
3074	2020541	657.30
3075	2028316	659.61
3076	2028280	659.39
3077	2035686	661.58
3078	2030903	659.81
3079	2026824	658.27
3080	2033341	660.18
3081	2049716	665.28
3082	2041789	662.49
3083	2033994	659.75
3084	2040413	661.61
3085	2036154	660.02
3086	2035945	659.74
3087	2044789	662.39
3088	2040849	660.90
3089	2056470	665.74
3090	2041661	660.73
3091	2053929	664.49
3092	2058832	665.86
3093	2054247	664.16
3094	2049141	662.30
3095	2053593	663.52
3096	2063177	666.40
3097	2054250	663.30
3098	2064342	666.35
3099	2056146	663.49
3100	2082344	671.72
3101	2066591	666.43
3102	2062329	664.84
3103	2061517	664.36
3104	2070854	667.16
3105	2063095	664.44
3106	2069253	666.21
3107	2065362	664.74
3108	2068235	665.46
3109	2072819	666.72
3110	2076888	667.81
3111	2077807	667.89
3112	2070346	665.28
3113	2078701	667.75
3114	2073488	665.86
3115	2077906	667.06
3116	2081652	668.05
3117	2084284	668.68
3118	2078729	666.69
3119	2086984	669.12
3120	2080772	666.91
3121	2095564	671.44
3122	2083444	667.34
3123	2095378	670.95
3124	2086004	667.73
3125	2092779	669.69
3126	2088017	667.95
3127	2091854	668.97
3128	2096126	670.12
3129	2092424	668.72
3130	2100990	671.24
3131	2099461	670.54
3132	2104608	671.97
3133	2097867	669.60
3134	2103931	671.32
3135	2100912	670.15
3136	2105178	671.29
3137	2103343	670.50
3138	2111789	672.97
3139	2108271	671.64
3140	2125653	676.96
3141	2112495	672.55
3142	2117873	674.05
3143	2115246	673.00
3144	2111349	671.55
3145	2118614	673.65
3146	2308983	733.94
3147	2810900	893.20
3148	2293489	728.55
3149	2117835	672.54
3150	2129672	676.09
3151	2120492	672.96
3152	2164207	686.61
3153	2125131	674.00
3154	2126678	674.28
3155	2134053	676.40
3156	2128359	674.38
3157	2135039	676.29
3158	2141965	678.27
3159	2136108	676.20
3160	2143601	678.35
3161	2139993	677.00
3162	2137750	676.08
3163	2141645	677.09
3164	2142610	677.18
3165	2152734	680.17
3166	2143629	677.08
3167	2151796	679.44
3168	2144071	676.79
3169	2149182	678.19
3170	2150476	678.38
3171	2155365	679.71
3172	2178489	686.79
3173	2154542	679.02
3174	2160310	680.63
3175	2162276	681.03
3176	2154386	678.33
3177	2159053	679.59
3178	2165208	681.31
3179	2159413	679.27
3180	2171506	682.86
3181	2162032	679.67
3182	2167676	681.23
3183	2164783	680.11
3184	2169725	681.45
3185	2169968	681.31
3186	2183920	685.47
3187	2168502	680.42
3188	2176079	682.58
3189	2171127	680.82
3190	2184892	684.92
3191	2173448	681.12
3192	2187533	685.32
3193	2175890	681.46
3194	2180556	682.70
3195	2178407	681.82
3196	2189792	685.17
3197	2181100	682.23
3198	2192386	685.55
3199	2187455	683.79
3200	2214119	691.91
3201	2193042	685.11
3202	2206905	689.23
3203	2198038	686.24
3204	2201234	687.03
3205	2198924	686.09
3206	2203895	687.43
3207	2195476	684.59
3208	2200380	685.90
3209	2199467	685.41
3210	2213303	689.50
3211	2202575	685.95
3212	2205552	686.66
3213	2202901	685.62
3214	2206472	686.52
3215	2208263	686.86
3216	2222113	690.96
3217	2208215	686.42
3218	2228432	692.49
3219	2210964	686.85
3220	2224181	690.74
3221	2214582	687.54
3222	2218661	688.60
3223	2218268	688.26
3224	2227907	691.04
3225	2229119	691.20
3226	2223491	689.24
3227	2225537	689.66
3228	2227193	689.96
3229	2224049	688.77
3230	2239894	693.47
3231	2226732	689.18
3232	2238101	692.48
3233	2229812	689.70
3234	2233486	690.63
3235	2232488	690.10
3236	2247281	694.46
3237	2235726	690.68
3238	2248272	694.34
3239	2239505	691.42
3240	2244513	692.75
3241	2248817	693.87
3242	2244026	692.17
3243	2254661	695.24
3244	2248540	693.14
3245	2253417	694.43
3246	2251809	693.72
3247	2252372	693.68
3248	2258691	695.41
3249	2261075	695.93
3250	2256327	694.25
3251	2253762	693.25
3252	2264550	696.36
3253	2258691	694.34
3254	2268337	697.09
3255	2260460	694.46
3256	2264766	695.57
3257	2266055	695.75
3258	2267873	696.09
3259	2267404	695.74
3260	2271239	696.70
3261	2267751	695.42
3262	2274123	697.16
3263	2270414	695.81
3264	2282859	699.41
3265	2279027	698.02
3266	2282133	698.75
3267	2275944	696.65
3268	2289560	700.60
3269	2278682	697.06
3270	2283341	698.27
3271	2298334	702.64
3272	2288631	699.46
3273	2284575	698.01
3274	2288284	698.93
3275	2287295	698.41
3276	2299255	701.85
3277	2288994	698.50
3278	2301219	702.02
3279	2293000	699.30
3280	2299603	701.10
3281	2294954	699.47
3282	2298667	700.39
3283	2305730	702.32
3284	2302418	701.10
3285	2300436	700.28
3286	2301729	700.47
3287	2316651	704.79
3288	2314238	703.84
3289	2310829	702.59
3290	2310293	702.22
3291	2318400	704.47
3292	2318333	704.23
3293	2457501	746.28
3294	2312721	702.10
3295	2325143	705.66
3296	2322282	704.58
3297	2324966	705.18
3298	2325798	705.21
3299	2327099	705.40
3300	2333892	707.24
3301	2349760	711.83
3302	2332356	706.35
3303	2344822	709.91
3304	2335163	706.77
3305	2332418	705.72
3306	2337163	706.95
3307	2338564	707.16
3308	2348878	710.06
3309	2336904	706.23
3310	2352230	710.64
3311	2336633	705.72
3312	2347901	708.91
3313	2346523	708.28
3314	2347600	708.39
3315	2352480	709.65
3316	2348880	708.35
3317	2351261	708.85
3318	2351171	708.61
3319	2353704	709.16
3320	2360928	711.12
3321	2353679	708.73
3322	2364273	711.70
3323	2352735	708.02
3324	2359475	709.83
3325	2367670	712.08
3326	2362018	710.17
3327	2491343	748.83
3328	2402806	722.00
3329	2419867	726.91
3330	2407877	723.09
3331	2370581	711.67
3332	2369936	711.27
3333	2370510	711.22
3334	2372592	711.64
3335	2374514	712.00
3336	2376302	712.32
3337	2383529	714.27
3338	2378530	712.56
3339	2385149	714.33
3340	2383218	713.54
3341	2382734	713.18
3342	2382286	712.83
3343	2382265	712.61
3344	2388609	714.30
3345	2391236	714.87
3346	2404167	718.52
3347	2387912	713.45
3348	2392306	714.55
3349	2388616	713.23
3350	2430437	725.50
3351	2392679	714.02
3352	2402482	716.73
3353	2394016	713.99
3354	2411263	718.92
3355	2408708	717.95
3356	2400145	715.18
3357	2408208	717.37
3358	2406715	716.71
3359	2412841	718.32
3360	2403881	715.44
3361	2421656	720.52
3362	2415609	718.50
3363	2440915	725.81
3364	2415758	718.12
3365	2540185	754.88
3366	2576792	765.54
3367	2561840	760.87
3368	2557160	759.25
3369	2553603	757.97
3370	2552272	757.35
3371	2550325	756.55
3372	2535191	751.84
3373	2509067	743.87
3374	2527137	749.00
3375	2564663	759.90
3376	2528989	749.11
3377	2552764	755.93
3378	2564130	759.07
3379	2560349	757.72
3380	2589459	766.11
3381	2580470	763.23
3382	2573821	761.04
3383	2563802	757.85
3384	2567566	758.74
3385	2577007	761.30
3386	2580364	762.07
3387	2567568	758.07
3388	2572533	759.31
3389	2495252	736.28
3390	2519109	743.10
3391	2536761	748.09
3392	2566180	756.54
3393	2557629	753.80
3394	2561161	754.61
3395	2552692	751.90
3396	2557693	753.15
3397	2543012	748.61
3398	2521112	741.94
3399	2491090	732.89
3400	2496158	734.16
3401	2561530	753.17
3402	2554994	751.03
3403	2557019	751.40
3404	2530105	743.27
3405	2541520	746.41
3406	2536463	744.70
3407	2547797	747.81
3408	2564361	752.45
3409	2572966	754.76
3410	2573501	754.69
3411	2539529	744.51
3412	2543796	745.54
3413	2543292	745.18
3414	2632944	771.22
3415	2617291	766.41
3416	2676362	783.48
3417	2625150	768.26
3418	2629665	769.36
3419	2627567	768.52
3420	2630655	769.20
3421	2628576	768.36
3422	2628400	768.09
3423	2625116	766.91
3424	2626253	767.01
3425	2632164	768.52
3426	2635805	769.35
3427	2629818	767.38
3428	2634959	768.66
3429	2916977	850.68
3430	2682571	782.09
3431	2749255	801.30
3432	3093427	901.35
3433	3004182	875.09
3434	2895365	843.15
3435	2823463	821.97
3436	2657056	773.30
3437	2685690	781.41
3438	2655655	772.44
3439	2786166	810.17
3440	2683470	780.08
3441	2689965	781.74
3442	2671934	776.27
3443	2688026	780.72
3444	2689458	780.91
3445	2656465	771.11
3446	2655281	770.54
3447	2592993	752.25
3448	2537184	735.84
3449	2560740	742.46
3450	2538645	735.84
3451	2541028	736.32
3452	2544982	737.25
3453	2550776	738.71
3454	2553970	739.42
3455	2538637	734.77
3456	2552158	738.47
3457	2543440	735.74
3458	2549565	737.29
3459	2552007	737.79
3460	2597022	750.58
3461	3049771	881.18
3462	2806889	810.77
3463	2713629	783.61
3464	2725019	786.67
3465	2699128	778.97
3466	2697434	778.26
3467	2695150	777.37
3468	2693288	776.61
3469	2693188	776.36
3470	2697063	777.25
3471	2707221	779.95
3472	2699926	777.63
3473	2711248	780.66
3474	2705515	778.79
3475	2733896	786.73
3476	3009377	865.76
3477	2797060	804.45
3478	3211603	923.41
3479	2767394	795.46
3480	2710150	778.78
3481	2694062	773.93
3482	2797627	803.45
3483	2718097	780.39
3484	2719295	780.51
3485	2749563	788.97
3486	2742475	786.71
3487	2756130	790.40
3488	2811545	806.06
3489	3306942	947.82
3490	3136876	898.82
3491	3027074	867.11
3492	2767360	792.49
3493	2792373	799.42
3494	2836676	811.87
3495	3179878	909.84
3496	3376760	965.89
3497	3376134	965.44
3498	2767864	791.27
3499	2747044	785.09
3500	2752751	786.50
3501	2749131	785.24
3502	2782487	794.54
3503	2781996	794.18
3504	2937919	838.45
3505	3083493	879.74
3506	2798331	798.15
3507	3149637	898.10
3508	3106636	885.59
3509	3129648	891.89
3510	3283503	935.47
3511	2832673	806.80
3512	2820738	803.17
3513	3042663	866.12
3514	3182953	905.79
3515	3231622	919.38
3516	3196033	909.00
3517	3091850	879.12
3518	3077869	874.89
3519	3076340	874.21
3520	3140587	892.21
3521	2940784	835.21
3522	2860448	812.17
3523	2774108	787.43
3524	2746115	779.26
3525	2736971	776.45
3526	2731346	774.63
3527	2769195	785.14
3528	2811206	796.83
3529	2844309	805.98
3530	3190640	903.86
3531	3311576	937.86
3532	3656236	1035.17
3533	3518296	995.84
3534	3251921	920.18
3535	3021723	854.80
3536	2901648	820.60
3537	3315537	937.39
3538	3055955	863.75
3539	2814729	795.35
3540	2879504	813.42
3541	3244681	916.32
3542	2894532	817.20
3543	2826585	797.79
3544	2844378	802.59
3545	2837523	800.43
3546	2843622	801.92
3547	2843261	801.60
3548	2830347	797.73
3549	2829945	797.39
3550	2838920	799.70
3551	2855470	804.13
3552	2830668	796.92
3553	2841195	799.66
3554	2839696	799.01
3555	2854609	802.98
3556	2847726	800.82
3557	2845511	799.97
3558	2856416	802.82
3559	2859555	803.47
3560	2868841	805.85
3561	2873924	807.06
3562	2913765	818.01
3563	2855109	801.32
3564	2859882	802.44
3565	2853615	800.45
3566	2848411	798.77
3567	2872359	805.26
3568	2859557	801.45
3569	2857619	800.68
3570	2849254	798.11
3571	2882218	807.12
3572	2850297	797.96
3573	2815343	787.95
3574	2835864	793.47
3575	2804920	784.59
3576	2832349	792.04
3577	2848892	796.45
3578	2871889	802.65
3579	2969172	829.61
3580	2893448	808.23
3581	2900316	809.92
3582	2886700	805.89
3583	2885920	805.45
3584	2913907	813.03
3585	3125633	871.86
3586	2894354	807.13
3587	2888310	805.22
3588	2888307	804.99
3589	2900497	808.16
3590	2909113	810.34
3591	3244634	903.55
3592	2953813	822.33
3593	3002625	835.69
3594	3050577	848.80
3595	2906369	808.45
3596	2918791	811.68
3597	3169648	881.19
3598	3005224	835.25
3599	3047036	846.63
3600	3292503	914.58
3601	3341279	927.88
3602	3329115	924.24
3603	3494915	970.00
3604	3403528	944.38
3605	3002008	832.73
3606	2924465	811.00
3607	2915900	808.40
3608	2971203	823.50
3609	3390707	939.51
3610	3086370	854.95
3611	2929917	811.39
3612	3219812	891.42
3613	3041385	841.79
3614	3164299	875.57
3615	3296882	912.00
3616	3115334	861.54
3617	2933941	811.15
3618	2922144	807.67
3619	2907141	803.30
3620	2883142	796.45
3621	2854082	788.20
3622	2829036	781.07
3623	2807921	775.03
3624	2865801	790.78
3625	2864581	790.23
3626	2871373	791.88
3627	2868558	790.89
3628	2881344	794.20
3629	2911163	802.19
3630	2888732	795.79
3631	2865562	789.19
3632	2807888	773.10
3633	2820832	776.45
3634	2813000	774.08
3635	2823232	776.68
3636	2816676	774.66
3637	2820092	775.39
3638	2817319	774.41
3639	2821154	775.26
3640	2820364	774.83
3641	2834338	778.45
3642	2863254	786.18
3643	2943480	807.98
3644	2879751	790.27
3645	2874417	788.59
3646	2829024	775.93
3647	2829562	775.86
3648	2908599	797.31
3649	2985670	818.22
3650	3032666	830.87
3651	3164088	866.64
3652	3807921	1042.69
3653	3048796	834.60
3654	2983621	816.54
3655	2966466	811.62
3656	2931515	801.84
3657	2962964	810.22
3658	2998439	819.69
3659	2990167	817.21
3660	2997572	819.01
3661	2998040	818.91
3662	3002881	820.01
3663	3013725	822.75
3664	3009971	821.50
3665	3067858	837.07
3666	3024761	825.08
3667	3020786	823.78
3668	3342606	911.29
3669	3118753	850.03
3670	3003496	818.39
3671	3286177	895.17
3672	3027510	824.49
3673	3015875	821.09
3674	3017064	821.19
3675	3293284	896.13
3676	3036846	826.13
3677	3094123	841.48
3678	3022175	821.69
3679	3093831	840.94
3680	3314860	900.78
3681	3296223	895.47
3682	3224976	875.88
3683	3250132	882.47
3684	3371512	915.18
3685	3145416	853.57
3686	3044824	826.05
3687	3043758	825.54
3688	3046288	826.00
3689	3042090	824.64
3690	3036099	822.79
3691	3241170	878.13
3692	3370163	912.83
3693	4030311	1091.34
3694	4032356	1091.60
3695	3226486	873.20
3696	3116050	843.09
3697	3434667	929.04
3698	3475090	939.72
3699	3227446	872.52
3700	3446087	931.37
3701	3101902	838.13
3702	3110447	840.21
3703	3565085	962.76
3704	3076586	830.61
3705	3229720	871.72
3706	3084501	832.30
3707	3099644	836.16
3708	3102157	836.61
3709	3088774	832.78
3710	3078122	829.68
3711	3076880	829.12
3712	3049423	821.50
3713	3019813	813.31
3714	3015892	812.03
3715	3020812	813.14
3716	3305300	889.48
3717	3081237	828.96
3718	3022376	812.90
3719	3003471	807.60
3720	3061906	823.09
3721	2974357	799.34
3722	3006749	807.83
3723	3013252	809.36
3724	2976353	799.24
3725	3052640	819.50
3726	3228022	866.35
3727	3577108	959.78
3728	3332304	893.86
3729	3242807	869.62
3730	3114027	834.86
3731	3121462	836.63
3732	3111091	833.63
3733	3130236	838.53
3734	3130309	838.33
3735	3127530	837.36
3736	3139421	840.32
3737	3215752	860.52
3738	3383818	905.25
3739	3142824	840.55
3740	3144557	840.79
3741	3137625	838.71
3742	3162447	845.12
3743	3136711	838.02
3744	3128736	835.67
3745	3100091	827.79
3746	3040616	811.70
3747	3062330	817.28
3748	3078687	821.42
3749	3064232	817.35
3750	3019895	805.31
3751	3124873	833.08
3752	3076639	820.00
3753	3036286	809.03
3754	3335596	888.54
3755	3259470	868.03
3756	3166603	843.08
3757	3168049	843.24
3758	3170341	843.62
3759	3171131	843.61
3760	3172328	843.70
3761	3174265	843.99
3762	3179994	845.29
3763	3197526	849.73
3764	3186094	846.46
3765	3161407	839.68
3766	3112919	826.58
3767	3040541	807.15
3768	3047107	808.68
3769	3050026	809.24
3770	3044885	807.66
3771	3049408	808.65
3772	3053916	809.63
3773	3070788	813.88
3774	3043191	806.36
3775	3057731	809.99
3776	3061966	810.90
3777	3071548	813.22
3778	3068080	812.09
3779	3074336	813.53
3780	3066181	811.16
3781	3093648	818.21
3782	3124049	826.03
3783	3100890	819.69
3784	3064779	809.93
3785	3088722	816.04
3786	3074522	812.08
3787	3076303	812.33
3788	3080950	813.34
3789	3195998	843.49
3790	3123989	824.27
3791	3082572	813.13
3792	3087194	814.13
3793	3084119	813.11
3794	3095951	816.01
3795	3110687	819.68
3796	3098408	816.23
3797	3102420	817.07
3798	3080491	811.08
3799	3079728	810.67
3800	3172212	834.79
3801	3121137	821.14
3802	3154671	829.74
3803	3144777	826.92
3804	3096921	814.12
3805	3087288	811.38
3806	3096376	813.55
3807	3110255	816.98
3808	3102737	814.79
3809	3119454	818.97
3810	3124505	820.08
3811	3106596	815.17
3812	3105617	814.69
3813	3113373	816.52
3814	3113814	816.42
3815	3117344	817.13
3816	3114827	816.25
3817	3119839	817.35
3818	3120836	817.40
3819	3114951	815.65
3820	3138573	821.62
3821	3122734	817.26
3822	3111717	814.16
3823	3131958	819.24
3824	3129723	818.44
3825	3130194	818.35
3826	3125288	816.86
3827	3139576	820.38
3828	3136381	819.33
3829	3150330	822.76
3830	3395729	886.61
3831	3344743	873.07
3832	3221223	840.61
3833	3161250	824.75
3834	3171948	827.32
3835	3275110	854.01
3836	3404878	887.61
3837	3318778	864.94
3838	3308762	862.11
3839	3490764	909.29
3840	3285564	855.62
3841	3274931	852.62
3842	3207007	834.72
3843	3162546	822.94
3844	3142254	817.44
3845	3215674	836.33
3846	3310643	860.80
3847	3339850	868.17
3848	3341802	868.45
3849	3306731	859.11
3850	3325358	863.73
3851	3339831	867.26
3852	3337936	866.55
3853	3317579	861.04
3854	3314847	860.11
3855	3255760	844.56
3856	3287085	852.46
3857	3317484	860.12
3858	3337823	865.17
3859	3359487	870.56
3860	3356429	869.54
3861	3348087	867.16
3862	3336327	863.89
3863	3333212	862.86
3864	3277279	848.16
3865	3252066	841.41
3866	3200933	827.97
3867	3241217	838.17
3868	3211056	830.16
3869	3829580	989.81
3870	3251520	840.19
3871	3273226	845.58
3872	3248551	838.99
3873	3246854	838.33
3874	3204044	827.06
3875	3201073	826.08
3876	3234031	834.37
3877	3224837	831.79
3878	3222061	830.86
3879	3287714	847.57
3880	3238544	834.68
3881	3223039	830.47
3882	3217757	828.89
3883	3227116	831.09
3884	3225671	830.50
3885	3218194	828.36
3886	3229360	831.02
3887	3227566	830.35
3888	3218625	827.84
3889	3227660	829.95
3890	3232266	830.92
3891	3259962	837.82
3892	3229532	829.79
3893	3230127	829.73
3894	3236482	831.15
3895	3272733	840.24
3896	3248075	833.69
3897	3231754	829.29
3898	3233880	829.63
3899	3236483	830.08
3900	3508556	899.63
3901	3310502	848.63
3902	3305498	847.13
3903	3272897	838.56
3904	3245805	831.40
3905	3241859	830.18
3906	3238792	829.18
3907	3256260	833.44
3908	3537790	905.27
3909	3387023	866.47
3910	3246638	830.34
3911	3247944	830.46
3912	3254836	832.01
3913	3266547	834.79
3914	3266585	834.59
3915	3262639	833.37
3916	3280294	837.66
3917	3265990	833.80
3918	3267535	833.98
3919	3260155	831.88
3920	3273861	835.17
3921	3298162	841.15
3922	3335430	850.44
3923	3347625	853.33
3924	3304853	842.22
3925	3287894	837.68
3926	3275970	834.43
3927	3294177	838.85
3928	3281686	835.46
3929	3313948	843.46
3930	3299129	839.47
3931	3285653	835.83
3932	3296130	838.28
3933	3347626	851.16
3934	3487357	886.47
3935	3514394	893.11
3936	3481834	884.61
3937	3564961	905.50
3938	3493341	887.09
3939	3484700	884.67
3940	3498710	888.00
3941	3460666	878.12
3942	3436153	871.68
3943	3405937	863.79
3944	3417910	866.61
3945	3500380	887.30
3946	3568481	904.33
3947	3497457	886.11
3948	3559416	901.57
3949	3532406	894.51
3950	3476336	880.09
3951	3483556	881.69
3952	3479567	880.46
3953	3460078	875.30
3954	3340630	844.87
3955	3340940	844.74
3956	3525109	891.08
3957	3554987	898.40
3958	3495743	883.21
3959	3486590	880.67
3960	3416203	862.68
3961	3388335	855.42
3962	3334993	841.74
3963	3350422	845.43
3964	3348265	844.67
3965	3342865	843.09
3966	3371606	850.13
3967	3353331	845.31
3968	3360217	846.83
3969	3350178	844.09
3970	3350491	843.95
3971	3354719	844.80
3972	3358942	845.66
3973	3361284	846.03
3974	3382631	851.19
3975	3351444	843.13
3976	3356098	844.09
3977	3355967	843.84
3978	3363116	845.43
3979	3508385	881.73
3980	3436908	863.54
3981	3435165	862.89
3982	3385024	850.08
3983	3377385	847.95
3984	3375913	847.37
3985	3367101	844.94
3986	3380657	848.13
3987	3382741	848.44
3988	3444426	863.70
3989	3489116	874.68
3990	3571510	895.12
3991	3609451	904.40
3992	3552967	890.02
3993	3555320	890.39
3994	3555426	890.19
3995	3576006	895.12
3996	3568229	892.95
3997	3759365	940.55
3998	3643770	911.40
3999	3587861	897.19
4000	3573749	893.44
