N	Total Time	Average CPE
1	358	358.00
2	88	44.00
3	97	32.33
4	111	27.75
5	123	24.60
6	138	23.00
7	156	22.29
8	173	21.62
9	181	20.11
10	199	19.90
11	214	19.45
12	234	19.50
13	248	19.08
14	289	20.64
15	1014	67.60
16	306	19.12
17	567	33.35
18	565	31.39
19	590	31.05
20	610	30.50
21	638	30.38
22	668	30.36
23	695	30.22
24	726	30.25
25	746	29.84
26	761	29.27
27	796	29.48
28	833	29.75
29	868	29.93
30	893	29.77
31	919	29.65
32	947	29.59
33	1129	34.21
34	1130	33.24
35	1150	32.86
36	1177	32.69
37	1207	32.62
38	1233	32.45
39	1269	32.54
40	1306	32.65
41	1344	32.78
42	1382	32.90
43	1414	32.88
44	1452	33.00
45	1489	33.09
46	1548	33.65
47	1593	33.89
48	1621	33.77
49	1648	33.63
50	1676	33.52
51	1701	33.35
52	1729	33.25
53	1748	32.98
54	1752	32.44
55	1774	32.25
56	1812	32.36
57	1847	32.40
58	1886	32.52
59	1922	32.58
60	1961	32.68
61	2106	34.52
62	2077	33.50
63	2106	33.43
64	2135	33.36
65	2267	34.88
66	2271	34.41
67	2297	34.28
68	2326	34.21
69	2359	34.19
70	2387	34.10
71	2421	34.10
72	2590	35.97
73	3396	46.52
74	7144	96.54
75	2582	34.43
76	2651	34.88
77	2708	35.17
78	2737	35.09
79	2766	35.01
80	2795	34.94
81	2825	34.88
82	2853	34.79
83	2884	34.75
84	2910	34.64
85	2934	34.52
86	2934	34.12
87	2959	34.01
88	3002	34.11
89	3043	34.19
90	3083	34.26
91	3121	34.30
92	3200	34.78
93	3253	34.98
94	3282	34.91
95	3313	34.87
96	3343	34.82
97	3372	34.76
98	3404	34.73
99	3432	34.67
100	5032	50.32
101	5055	50.05
102	3489	34.21
103	3516	34.14
104	3559	34.22
105	3597	34.26
106	3638	34.32
107	3723	34.79
108	3780	35.00
109	3815	35.00
110	3846	34.96
111	3878	34.94
112	3907	34.88
113	3941	34.88
114	3970	34.82
115	4002	34.80
116	4033	34.77
117	4057	34.68
118	4060	34.41
119	4096	34.42
120	4138	34.48
121	4181	34.55
122	4223	34.61
123	4287	34.85
124	4360	35.16
125	4391	35.13
126	7368	58.48
127	5435	42.80
128	4498	35.14
129	4871	37.76
130	4715	36.27
131	4751	36.27
132	4794	36.32
133	4836	36.36
134	4879	36.41
135	4982	36.90
136	5014	36.87
137	5028	36.70
138	5030	36.45
139	5063	36.42
140	5095	36.39
141	5128	36.37
142	5191	36.56
143	5245	36.68
144	5275	36.63
145	5320	36.69
146	5363	36.73
147	5404	36.76
148	5446	36.80
149	5489	36.84
150	5532	36.88
151	5628	37.27
152	5610	36.91
153	5625	36.76
154	5630	36.56
155	5662	36.53
156	5692	36.49
157	5727	36.48
158	5780	36.58
159	5848	36.78
160	5881	36.76
161	5992	37.22
162	5972	36.86
163	6014	36.90
164	6057	36.93
165	6100	36.97
166	6143	37.01
167	6188	37.05
168	6223	37.04
169	6240	36.92
170	6244	36.73
171	6278	36.71
172	6311	36.69
173	6348	36.69
174	6399	36.78
175	6470	36.97
176	6506	36.97
177	6550	37.01
178	6597	37.06
179	6642	37.11
180	6689	37.16
181	6733	37.20
182	6777	37.24
183	6820	37.27
184	6858	37.27
185	6876	37.17
186	6881	36.99
187	6917	36.99
188	6951	36.97
189	7044	37.27
190	7053	37.12
191	7116	37.26
192	7153	37.26
193	7199	37.30
194	7247	37.36
195	7293	37.40
196	7340	37.45
197	7386	37.49
198	7430	37.53
199	7480	37.59
200	9815	49.08
201	7517	37.40
202	7430	36.78
203	7468	36.79
204	7557	37.04
205	7560	36.88
206	7635	37.06
207	7671	37.06
208	7711	37.07
209	7828	37.45
210	7807	37.18
211	7853	37.22
212	7903	37.28
213	7951	37.33
214	8000	37.38
215	8048	37.43
216	8086	37.44
217	8110	37.37
218	8113	37.22
219	8150	37.21
220	8201	37.28
221	8282	37.48
222	8322	37.49
223	8361	37.49
224	8402	37.51
225	8450	37.56
226	8499	37.61
227	8547	37.65
228	8597	37.71
229	8646	37.76
230	8698	37.82
231	8745	37.86
232	8785	37.87
233	8808	37.80
234	8875	37.93
235	8857	37.69
236	8895	37.69
237	8946	37.75
238	9025	37.92
239	10737	44.92
240	12450	51.88
241	9469	39.29
242	9229	38.14
243	9295	38.25
244	9310	38.16
245	9367	38.23
246	12004	48.80
247	9462	38.31
248	9506	38.33
249	9529	38.27
250	9544	38.18
251	9587	38.20
252	9624	38.19
253	9722	38.43
254	9752	38.39
255	9801	38.44
256	9850	38.48
257	10269	39.96
258	10291	39.89
259	10331	39.89
260	10377	39.91
261	10446	40.02
262	10500	40.08
263	10544	40.09
264	10584	40.09
265	10608	40.03
266	10627	39.95
267	10669	39.96
268	10710	39.96
269	10770	40.04
270	10907	40.40
271	10878	40.14
272	11055	40.64
273	10970	40.18
274	11022	40.23
275	11069	40.25
276	11120	40.29
277	11176	40.35
278	11226	40.38
279	11280	40.43
280	11366	40.59
281	11354	40.41
282	11363	40.29
283	11409	40.31
284	11482	40.43
285	11549	40.52
286	11588	40.52
287	11718	40.83
288	15487	53.77
289	18351	63.50
290	11790	40.66
291	11879	40.82
292	11989	41.06
293	12220	41.71
294	12153	41.34
295	12118	41.08
296	12183	41.16
297	12166	40.96
298	12176	40.86
299	12218	40.86
300	16036	53.45
301	12346	41.02
302	12399	41.06
303	12475	41.17
304	12501	41.12
305	12543	41.12
306	12630	41.27
307	12721	41.44
308	12775	41.48
309	15007	48.57
310	12795	41.27
311	13042	41.94
312	13022	41.74
313	17903	57.20
314	12912	41.12
315	12928	41.04
316	13007	41.16
317	13063	41.21
318	13105	41.21
319	13152	41.23
320	13199	41.25
321	13252	41.28
322	13308	41.33
323	13363	41.37
324	13417	41.41
325	13475	41.46
326	13528	41.50
327	13584	41.54
328	13652	41.62
329	13658	41.51
330	13707	41.54
331	13753	41.55
332	13796	41.55
333	13868	41.65
334	13916	41.66
335	13959	41.67
336	14009	41.69
337	14052	41.70
338	15478	45.79
339	16268	47.99
340	14229	41.85
341	14287	41.90
342	14336	41.92
343	14397	41.97
344	14455	42.02
345	14475	41.96
346	14516	41.95
347	14560	41.96
348	14612	41.99
349	14689	42.09
350	14721	42.06
351	14766	42.07
352	14816	42.09
353	14932	42.30
354	14935	42.19
355	14992	42.23
356	15049	42.27
357	15108	42.32
358	15167	42.37
359	15217	42.39
360	15268	42.41
361	15298	42.38
362	15321	42.32
363	15463	42.60
364	15453	42.45
365	15503	42.47
366	15564	42.52
367	15624	42.57
368	15671	42.58
369	15810	42.85
370	15772	42.63
371	15798	42.58
372	15864	42.65
373	17599	47.18
374	15988	42.75
375	16054	42.81
376	16154	42.96
377	16130	42.79
378	16164	42.76
379	16226	42.81
380	16268	42.81
381	16348	42.91
382	16399	42.93
383	16444	42.93
384	16552	43.10
385	16554	43.00
386	20752	53.76
387	16778	43.35
388	16767	43.21
389	18401	47.30
390	25212	64.65
391	16912	43.25
392	16957	43.26
393	16989	43.23
394	17041	43.25
395	17075	43.23
396	17125	43.24
397	17211	43.35
398	17347	43.59
399	17317	43.40
400	19835	49.59
401	17424	43.45
402	17478	43.48
403	17543	43.53
404	17605	43.58
405	17659	43.60
406	17720	43.65
407	17777	43.68
408	17837	43.72
409	17934	43.85
410	27454	66.96
411	17953	43.68
412	18044	43.80
413	22493	54.46
414	18180	43.91
415	22478	54.16
416	18244	43.86
417	19282	46.24
418	18397	44.01
419	18513	44.18
420	18474	43.99
421	18520	43.99
422	18578	44.02
423	18647	44.08
424	18759	44.24
425	18724	44.06
426	18773	44.07
427	19501	45.67
428	18891	44.14
429	18930	44.13
430	22495	52.31
431	19044	44.19
432	19101	44.22
433	19177	44.29
434	20185	46.51
435	19284	44.33
436	19352	44.39
437	24071	55.08
438	19486	44.49
439	19548	44.53
440	20533	46.67
441	22924	51.98
442	21310	48.21
443	19750	44.58
444	24026	54.11
445	19871	44.65
446	19927	44.68
447	19974	44.68
448	20035	44.72
449	20094	44.75
450	20154	44.79
451	20296	45.00
452	20277	44.86
453	20345	44.91
454	20471	45.09
455	20472	44.99
456	20524	45.01
457	20554	44.98
458	20609	45.00
459	20663	45.02
460	20784	45.18
461	20795	45.11
462	22544	48.80
463	21644	46.75
464	24262	52.29
465	23329	50.17
466	21177	45.44
467	21152	45.29
468	21215	45.33
469	27074	57.73
470	21354	45.43
471	21504	45.66
472	24495	51.90
473	25373	53.64
474	21572	45.51
475	21646	45.57
476	21700	45.59
477	21809	45.72
478	21803	45.61
479	21851	45.62
480	21916	45.66
481	21999	45.74
482	22153	45.96
483	22116	45.79
484	22182	45.83
485	22243	45.86
486	23351	48.05
487	22938	47.10
488	22364	45.83
489	17552	35.89
490	17634	35.99
491	17688	36.02
492	17735	36.05
493	17789	36.08
494	17845	36.12
495	17895	36.15
496	17944	36.18
497	18001	36.22
498	18036	36.22
499	18100	36.27
500	18186	36.37
501	18202	36.33
502	18241	36.34
503	18291	36.36
504	18342	36.39
505	18418	36.47
506	18488	36.54
507	18540	36.57
508	18735	36.88
509	18618	36.58
510	18680	36.63
511	18730	36.65
512	18770	36.66
513	18016	35.12
514	17894	34.81
515	17951	34.86
516	18022	34.93
517	18075	34.96
518	18122	34.98
519	18181	35.03
520	18205	35.01
521	18316	35.16
522	18395	35.24
523	18476	35.33
524	18517	35.34
525	18557	35.35
526	18630	35.42
527	18730	35.54
528	18736	35.48
529	18782	35.50
530	18839	35.55
531	18904	35.60
532	19801	37.22
533	19317	36.24
534	19842	37.16
535	20024	37.43
536	19939	37.20
537	21238	39.55
538	19608	36.45
539	19282	35.77
540	19343	35.82
541	21546	39.83
542	19450	35.89
543	19488	35.89
544	19541	35.92
545	19830	36.39
546	19687	36.06
547	19702	36.02
548	19752	36.04
549	19821	36.10
550	19866	36.12
551	19914	36.14
552	24340	44.09
553	20056	36.27
554	20139	36.35
555	20197	36.39
556	20262	36.44
557	20302	36.45
558	20363	36.49
559	20411	36.51
560	20513	36.63
561	20569	36.66
562	25760	45.84
563	21038	37.37
564	20878	37.02
565	24169	42.78
566	20796	36.74
567	20845	36.76
568	20890	36.78
569	20956	36.83
570	21025	36.89
571	21090	36.94
572	21143	36.96
573	21196	36.99
574	21265	37.05
575	21305	37.05
576	21358	37.08
577	21422	37.13
578	21476	37.16
579	21523	37.17
580	21574	37.20
581	21620	37.21
582	21675	37.24
583	21728	37.27
584	21792	37.32
585	21853	37.36
586	21918	37.40
587	22007	37.49
588	22094	37.57
589	23093	39.21
590	22155	37.55
591	22203	37.57
592	24525	41.43
593	24818	41.85
594	22546	37.96
595	26801	45.04
596	22493	37.74
597	22565	37.80
598	22598	37.79
599	25375	42.36
600	22720	37.87
601	22764	37.88
602	22819	37.91
603	22877	37.94
604	22938	37.98
605	22989	38.00
606	23038	38.02
607	23101	38.06
608	23164	38.10
609	23209	38.11
610	23266	38.14
611	23305	38.14
612	23360	38.17
613	23418	38.20
614	23473	38.23
615	23533	38.27
616	23589	38.29
617	23643	38.32
618	23745	38.42
619	23778	38.41
620	23859	38.48
621	23870	38.44
622	23935	38.48
623	24008	38.54
624	24070	38.57
625	24118	38.59
626	24197	38.65
627	24237	38.66
628	24309	38.71
629	24363	38.73
630	24414	38.75
631	24472	38.78
632	24522	38.80
633	24596	38.86
634	24661	38.90
635	24736	38.95
636	24786	38.97
637	24845	39.00
638	24893	39.02
639	24954	39.05
640	25109	39.23
641	25056	39.09
642	25133	39.15
643	25165	39.14
644	25234	39.18
645	25300	39.22
646	25356	39.25
647	25421	39.29
648	25461	39.29
649	25538	39.35
650	25589	39.37
651	25687	39.46
652	25722	39.45
653	25772	39.47
654	25833	39.50
655	25934	39.59
656	25943	39.55
657	25999	39.57
658	26069	39.62
659	26140	39.67
660	26189	39.68
661	26277	39.75
662	30402	45.92
663	26341	39.73
664	27619	41.59
665	26724	40.19
666	29453	44.22
667	26702	40.03
668	26759	40.06
669	26846	40.13
670	26884	40.13
671	26957	40.17
672	27003	40.18
673	27079	40.24
674	27122	40.24
675	27188	40.28
676	27227	40.28
677	27317	40.35
678	27350	40.34
679	27550	40.57
680	27497	40.44
681	27556	40.46
682	27612	40.49
683	27672	40.52
684	27746	40.56
685	27804	40.59
686	27856	40.61
687	27936	40.66
688	27961	40.64
689	28030	40.68
690	28100	40.72
691	28147	40.73
692	28269	40.85
693	28284	40.81
694	28334	40.83
695	28394	40.85
696	28460	40.89
697	28532	40.94
698	28614	40.99
699	28674	41.02
700	28763	41.09
701	28801	41.09
702	28891	41.16
703	28952	41.18
704	29005	41.20
705	29181	41.39
706	29139	41.27
707	29183	41.28
708	29253	41.32
709	29317	41.35
710	29388	41.39
711	29439	41.41
712	29488	41.42
713	29561	41.46
714	29648	41.52
715	29720	41.57
716	29797	41.62
717	29983	41.82
718	29948	41.71
719	29992	41.71
720	30067	41.76
721	30142	41.81
722	30188	41.81
723	30264	41.86
724	30320	41.88
725	30387	41.91
726	30434	41.92
727	30520	41.98
728	30604	42.04
729	30650	42.04
730	30816	42.21
731	30798	42.13
732	30869	42.17
733	30943	42.21
734	31022	42.26
735	31068	42.27
736	31133	42.30
737	31195	42.33
738	31265	42.36
739	31320	42.38
740	31391	42.42
741	31551	42.58
742	33398	45.01
743	31571	42.49
744	31638	42.52
745	33920	45.53
746	31800	42.63
747	32646	43.70
748	31934	42.69
749	33062	44.14
750	32091	42.79
751	32164	42.83
752	32204	42.82
753	32414	43.05
754	32357	42.91
755	32404	42.92
756	32482	42.97
757	32546	42.99
758	32621	43.04
759	32700	43.08
760	32751	43.09
761	32812	43.12
762	32895	43.17
763	32950	43.18
764	33055	43.27
765	33079	43.24
766	33147	43.27
767	33215	43.31
768	33282	43.34
769	34090	44.33
770	34827	45.23
771	33443	43.38
772	33532	43.44
773	34404	44.51
774	34467	44.53
775	33846	43.67
776	33790	43.54
777	33881	43.60
778	35038	45.04
779	34566	44.37
780	34170	43.81
781	35151	45.01
782	34957	44.70
783	34382	43.91
784	34459	43.95
785	34639	44.13
786	34592	44.01
787	34675	44.06
788	34735	44.08
789	36216	45.90
790	35764	45.27
791	35820	45.28
792	35806	45.21
793	35145	44.32
794	35212	44.35
795	35341	44.45
796	35482	44.58
797	36609	45.93
798	35833	44.90
799	35603	44.56
800	36754	45.94
801	36640	45.74
802	36638	45.68
803	36754	45.77
804	36814	45.79
805	36872	45.80
806	36983	45.88
807	37030	45.89
808	37108	45.93
809	37205	45.99
810	37304	46.05
811	37357	46.06
812	37437	46.10
813	37511	46.14
814	37544	46.12
815	37632	46.17
816	37798	46.32
817	37772	46.23
818	37862	46.29
819	37917	46.30
820	37998	46.34
821	38040	46.33
822	38127	46.38
823	38185	46.40
824	38305	46.49
825	38369	46.51
826	38575	46.70
827	38561	46.63
828	38629	46.65
829	38723	46.71
830	38595	46.50
831	37595	45.24
832	37929	45.59
833	38007	45.63
834	39251	47.06
835	39045	46.76
836	39174	46.86
837	39277	46.93
838	39351	46.96
839	39453	47.02
840	39478	47.00
841	39607	47.10
842	39676	47.12
843	39756	47.16
844	39855	47.22
845	40021	47.36
846	40012	47.30
847	40053	47.29
848	40134	47.33
849	40241	47.40
850	40271	47.38
851	40363	47.43
852	40416	47.44
853	40486	47.46
854	40699	47.66
855	40648	47.54
856	40730	47.58
857	40822	47.63
858	40925	47.70
859	41017	47.75
860	41078	47.77
861	41137	47.78
862	41221	47.82
863	41430	48.01
864	41370	47.88
865	41475	47.95
866	41561	47.99
867	41591	47.97
868	42254	48.68
869	42075	48.42
870	40765	46.86
871	40839	46.89
872	41025	47.05
873	42886	49.12
874	43083	49.29
875	42277	48.32
876	42359	48.36
877	42419	48.37
878	42501	48.41
879	42521	48.37
880	42623	48.44
881	42846	48.63
882	42772	48.49
883	42861	48.54
884	42921	48.55
885	43012	48.60
886	43117	48.66
887	43138	48.63
888	43225	48.68
889	43331	48.74
890	43548	48.93
891	43511	48.83
892	43597	48.88
893	43654	48.88
894	43751	48.94
895	43832	48.97
896	43894	48.99
897	43978	49.03
898	44176	49.19
899	44136	49.09
900	44229	49.14
901	44286	49.15
902	44382	49.20
903	44431	49.20
904	44528	49.26
905	44611	49.29
906	44723	49.36
907	44883	49.49
908	44644	49.17
909	43948	48.35
910	43888	48.23
911	43975	48.27
912	47039	51.58
913	45320	49.64
914	45397	49.67
915	45560	49.79
916	45522	49.70
917	45575	49.70
918	45664	49.74
919	45770	49.80
920	45820	49.80
921	45914	49.85
922	45983	49.87
923	46089	49.93
924	46394	50.21
925	46281	50.03
926	46350	50.05
927	46407	50.06
928	46622	50.24
929	46582	50.14
930	46676	50.19
931	46872	50.35
932	46842	50.26
933	46921	50.29
934	47327	50.67
935	48733	52.12
936	47157	50.38
937	47233	50.41
938	47299	50.43
939	47534	50.62
940	47481	50.51
941	47589	50.57
942	47647	50.58
943	47744	50.63
944	47970	50.82
945	47977	50.77
946	47998	50.74
947	48284	50.99
948	48192	50.84
949	48316	50.91
950	49588	52.20
951	49314	51.85
952	48450	50.89
953	48559	50.95
954	48727	51.08
955	48944	51.25
956	48794	51.04
957	48872	51.07
958	48980	51.13
959	62984	65.68
960	60074	62.58
961	59256	61.66
962	59354	61.70
963	59451	61.74
964	59605	61.83
965	59914	62.09
966	59741	61.84
967	59830	61.87
968	59918	61.90
969	59992	61.91
970	60097	61.96
971	60173	61.97
972	60339	62.08
973	60371	62.05
974	60455	62.07
975	60542	62.09
976	60637	62.13
977	60784	62.21
978	59192	60.52
979	53634	54.78
980	48226	49.21
981	48336	49.27
982	48440	49.33
983	48539	49.38
984	48589	49.38
985	48670	49.41
986	50480	51.20
987	48844	49.49
988	48899	49.49
989	48977	49.52
990	49062	49.56
991	49128	49.57
992	49219	49.62
993	49305	49.65
994	49509	49.81
995	49478	49.73
996	49531	49.73
997	49644	49.79
998	49694	49.79
999	49756	49.81
1000	51446	51.45
1001	50049	50.00
1002	49996	49.90
1003	50100	49.95
1004	50195	50.00
1005	50271	50.02
1006	50333	50.03
1007	50423	50.07
1008	52126	51.71
1009	50688	50.24
1010	50652	50.15
1011	50730	50.18
1012	52433	51.81
1013	50863	50.21
1014	52542	51.82
1015	51909	51.14
1016	51136	50.33
1017	51220	50.36
1018	51321	50.41
1019	51393	50.43
1020	51460	50.45
1021	51557	50.50
1022	51665	50.55
1023	51772	50.61
1024	51806	50.59
1025	59250	57.80
1026	52025	50.71
1027	52150	50.78
1028	52264	50.84
1029	52312	50.84
1030	54376	52.79
1031	53436	51.83
1032	54236	52.55
1033	55630	53.85
1034	54576	52.78
1035	52856	51.07
1036	52915	51.08
1037	53166	51.27
1038	53144	51.20
1039	53211	51.21
1040	53309	51.26
1041	53372	51.27
1042	53461	51.31
1043	53544	51.34
1044	53639	51.38
1045	55760	53.36
1046	53878	51.51
1047	53962	51.54
1048	54045	51.57
1049	54071	51.55
1050	54189	51.61
1051	54325	51.69
1052	70528	67.04
1053	68244	64.81
1054	79545	75.47
1055	57669	54.66
1056	67638	64.05
1057	64947	61.44
1058	63617	60.13
1059	76017	71.78
1060	69355	65.43
1061	62791	59.18
1062	61083	57.52
1063	61362	57.73
1064	67300	63.25
1065	72944	68.49
1066	81942	76.87
1067	55586	52.10
1068	55692	52.15
1069	55749	52.15
1070	55953	52.29
1071	55861	52.16
1072	56010	52.25
1073	56043	52.23
1074	56136	52.27
1075	56226	52.30
1076	56298	52.32
1077	56409	52.38
1078	57248	53.11
1079	56698	52.55
1080	58266	53.95
1081	56747	52.49
1082	56907	52.59
1083	57014	52.64
1084	57035	52.62
1085	57120	52.65
1086	57259	52.72
1087	57308	52.72
1088	57385	52.74
1089	57449	52.75
1090	57577	52.82
1091	57631	52.82
1092	59460	54.45
1093	59244	54.20
1094	59343	54.24
1095	59479	54.32
1096	59514	54.30
1097	59622	54.35
1098	59767	54.43
1099	63323	57.62
1100	60148	54.68
1101	60159	54.64
1102	60257	54.68
1103	60332	54.70
1104	60434	54.74
1105	60927	55.14
1106	60662	54.85
1107	60738	54.87
1108	60700	54.78
1109	60871	54.89
1110	60901	54.87
1111	61129	55.02
1112	61113	54.96
1113	61208	54.99
1114	62157	55.80
1115	61412	55.08
1116	61533	55.14
1117	61612	55.16
1118	63648	56.93
1119	61736	55.17
1120	61861	55.23
1121	61939	55.25
1122	62049	55.30
1123	62150	55.34
1124	62256	55.39
1125	62319	55.39
1126	62379	55.40
1127	62484	55.44
1128	63688	56.46
1129	62670	55.51
1130	62932	55.69
1131	62885	55.60
1132	63000	55.65
1133	63029	55.63
1134	63155	55.69
1135	63302	55.77
1136	63360	55.77
1137	63444	55.80
1138	63490	55.79
1139	65508	57.51
1140	63645	55.83
1141	63800	55.92
1142	63945	55.99
1143	67002	58.62
1144	64139	56.07
1145	64256	56.12
1146	66611	58.12
1147	64370	56.12
1148	64637	56.30
1149	64642	56.26
1150	64661	56.23
1151	64779	56.28
1152	64910	56.35
1153	64910	56.30
1154	65639	56.88
1155	65288	56.53
1156	65088	56.30
1157	64928	56.12
1158	66327	57.28
1159	67000	57.81
1160	65745	56.68
1161	65854	56.72
1162	65930	56.74
1163	66062	56.80
1164	66125	56.81
1165	68417	58.73
1166	66290	56.85
1167	66408	56.90
1168	66470	56.91
1169	66571	56.95
1170	68288	58.37
1171	68378	58.39
1172	66913	57.09
1173	66999	57.12
1174	67074	57.13
1175	67182	57.18
1176	67364	57.28
1177	67503	57.35
1178	67500	57.30
1179	67680	57.40
1180	67718	57.39
1181	67885	57.48
1182	68000	57.53
1183	68697	58.07
1184	69660	58.83
1185	68239	57.59
1186	70578	59.51
1187	68400	57.62
1188	68633	57.77
1189	68615	57.71
1190	68729	57.76
1191	71072	59.67
1192	69021	57.90
1193	69194	58.00
1194	70659	59.18
1195	69998	58.58
1196	69411	58.04
1197	69473	58.04
1198	71300	59.52
1199	72214	60.23
1200	69713	58.09
1201	71266	59.34
1202	70009	58.24
1203	70099	58.27
1204	70319	58.40
1205	70331	58.37
1206	74625	61.88
1207	70590	58.48
1208	70720	58.54
1209	70774	58.54
1210	77119	63.73
1211	74728	61.71
1212	73258	60.44
1213	69469	57.27
1214	69588	57.32
1215	71489	58.84
1216	69847	57.44
1217	69928	57.46
1218	77148	63.34
1219	70142	57.54
1220	70242	57.58
1221	70411	57.67
1222	76173	62.33
1223	74850	61.20
1224	70680	57.75
1225	70879	57.86
1226	71075	57.97
1227	72651	59.21
1228	77445	63.07
1229	71263	57.98
1230	71337	58.00
1231	76290	61.97
1232	74710	60.64
1233	74604	60.51
1234	71738	58.13
1235	71885	58.21
1236	71933	58.20
1237	72831	58.88
1238	74539	60.21
1239	72290	58.35
1240	74442	60.03
1241	73134	58.93
1242	74337	59.85
1243	74470	59.91
1244	74465	59.86
1245	74621	59.94
1246	74736	59.98
1247	74917	60.08
1248	75008	60.10
1249	75026	60.07
1250	75159	60.13
1251	75311	60.20
1252	75423	60.24
1253	75660	60.38
1254	75706	60.37
1255	75898	60.48
1256	75964	60.48
1257	76110	60.55
1258	76256	60.62
1259	76293	60.60
1260	76434	60.66
1261	76483	60.65
1262	76638	60.73
1263	76700	60.73
1264	78045	61.74
1265	77739	61.45
1266	77084	60.89
1267	77058	60.82
1268	77984	61.50
1269	78566	61.91
1270	78307	61.66
1271	78871	62.05
1272	78493	61.71
1273	77824	61.13
1274	77850	61.11
1275	77956	61.14
1276	79480	62.29
1277	78904	61.79
1278	78335	61.29
1279	80487	62.93
1280	80591	62.96
1281	79213	61.84
1282	80342	62.67
1283	83007	64.70
1284	78969	61.50
1285	80035	62.28
1286	81187	63.13
1287	81443	63.28
1288	81434	63.23
1289	81538	63.26
1290	81247	62.98
1291	79673	61.71
1292	79906	61.85
1293	79849	61.75
1294	81810	63.22
1295	82235	63.50
1296	82270	63.48
1297	82507	63.61
1298	82455	63.52
1299	82612	63.60
1300	82672	63.59
1301	82777	63.63
1302	82855	63.64
1303	82989	63.69
1304	83067	63.70
1305	83224	63.77
1306	83198	63.70
1307	81237	62.16
1308	84053	64.26
1309	83645	63.90
1310	83706	63.90
1311	83910	64.00
1312	83937	63.98
1313	85996	65.50
1314	81980	62.39
1315	83907	63.81
1316	84287	64.05
1317	84382	64.07
1318	84543	64.14
1319	84629	64.16
1320	84888	64.31
1321	84816	64.21
1322	84913	64.23
1323	84998	64.25
1324	85247	64.39
1325	85272	64.36
1326	85326	64.35
1327	85455	64.40
1328	85554	64.42
1329	85951	64.67
1330	85900	64.59
1331	85976	64.60
1332	86060	64.61
1333	86154	64.63
1334	86351	64.73
1335	86657	64.91
1336	84194	63.02
1337	84530	63.22
1338	86334	64.52
1339	85185	63.62
1340	90869	67.81
1341	88431	65.94
1342	87322	65.07
1343	87414	65.09
1344	87662	65.22
1345	87595	65.13
1346	87656	65.12
1347	87888	65.25
1348	87889	65.20
1349	87969	65.21
1350	88061	65.23
1351	88343	65.39
1352	88366	65.36
1353	88549	65.45
1354	88550	65.40
1355	88703	65.46
1356	88954	65.60
1357	88945	65.55
1358	89028	65.56
1359	89143	65.59
1360	89439	65.76
1361	89377	65.67
1362	89549	65.75
1363	89592	65.73
1364	89751	65.80
1365	89831	65.81
1366	89941	65.84
1367	90089	65.90
1368	90130	65.88
1369	90327	65.98
1370	90492	66.05
1371	90517	66.02
1372	90649	66.07
1373	90864	66.18
1374	90911	66.17
1375	90984	66.17
1376	91084	66.19
1377	91275	66.29
1378	91340	66.28
1379	91446	66.31
1380	91549	66.34
1381	91638	66.36
1382	91910	66.51
1383	91896	66.45
1384	92025	66.49
1385	92101	66.50
1386	92402	66.67
1387	92337	66.57
1388	92505	66.65
1389	92612	66.68
1390	92803	66.76
1391	92844	66.75
1392	92869	66.72
1393	93016	66.77
1394	93295	66.93
1395	93262	66.85
1396	93322	66.85
1397	93472	66.91
1398	93648	66.99
1399	93721	66.99
1400	93832	67.02
1401	93929	67.04
1402	94097	67.12
1403	95148	67.82
1404	90535	64.48
1405	89923	64.00
1406	89974	63.99
1407	90238	64.14
1408	90191	64.06
1409	90304	64.09
1410	90465	64.16
1411	90592	64.20
1412	90600	64.16
1413	90719	64.20
1414	99997	70.72
1415	90986	64.30
1416	96830	68.38
1417	97472	68.79
1418	100333	70.76
1419	91477	64.47
1420	91753	64.61
1421	91695	64.53
1422	91850	64.59
1423	94188	66.19
1424	92112	64.69
1425	94011	65.97
1426	92237	64.68
1427	92339	64.71
1428	99827	69.91
1429	97853	68.48
1430	92731	64.85
1431	92878	64.90
1432	93058	64.98
1433	93027	64.92
1434	93995	65.55
1435	93086	64.87
1436	93334	65.00
1437	99001	68.89
1438	93619	65.10
1439	96851	67.30
1440	95849	66.56
1441	96229	66.78
1442	96256	66.75
1443	101952	70.65
1444	115137	79.73
1445	115263	79.77
1446	115430	79.83
1447	115588	79.88
1448	115655	79.87
1449	115786	79.91
1450	116072	80.05
1451	116026	79.96
1452	118743	81.78
1453	116256	80.01
1454	116435	80.08
1455	116499	80.07
1456	116627	80.10
1457	116828	80.18
1458	116967	80.22
1459	116991	80.19
1460	117138	80.23
1461	117416	80.37
1462	117414	80.31
1463	117547	80.35
1464	117769	80.44
1465	117776	80.39
1466	117916	80.43
1467	118166	80.55
1468	118202	80.52
1469	118385	80.59
1470	118419	80.56
1471	118671	80.67
1472	118662	80.61
1473	118809	80.66
1474	118840	80.62
1475	121927	82.66
1476	116302	78.80
1477	116552	78.91
1478	118743	80.34
1479	118877	80.38
1480	119982	81.07
1481	120015	81.04
1482	118996	80.29
1483	119705	80.72
1484	119457	80.50
1485	119552	80.51
1486	120575	81.14
1487	120770	81.22
1488	120753	81.15
1489	120913	81.20
1490	121044	81.24
1491	120203	80.62
1492	123320	82.65
1493	121458	81.35
1494	121661	81.43
1495	121725	81.42
1496	121861	81.46
1497	122053	81.53
1498	122989	82.10
1499	123110	82.13
1500	127749	85.17
1501	123695	82.41
1502	122838	81.78
1503	144883	96.40
1504	126801	84.31
1505	123077	81.78
1506	125377	83.25
1507	125569	83.32
1508	123916	82.17
1509	125813	83.38
1510	126201	83.58
1511	129149	85.47
1512	125168	82.78
1513	124682	82.41
1514	126389	83.48
1515	124402	82.11
1516	127507	84.11
1517	127021	83.73
1518	124899	82.28
1519	125516	82.63
1520	126099	82.96
1521	127402	83.76
1522	127073	83.49
1523	128348	84.27
1524	125637	82.44
1525	128928	84.54
1526	126038	82.59
1527	128639	84.24
1528	126859	83.02
1529	126599	82.80
1530	129552	84.67
1531	126598	82.69
1532	129724	84.68
1533	127503	83.17
1534	127995	83.44
1535	128434	83.67
1536	129674	84.42
1537	129181	84.05
1538	127612	82.97
1539	130780	84.98
1540	128804	83.64
1541	128007	83.07
1542	132122	85.68
1543	128896	83.54
1544	130316	84.40
1545	129892	84.07
1546	130926	84.69
1547	129678	83.83
1548	130857	84.53
1549	131533	84.91
1550	128753	83.07
1551	132418	85.38
1552	131374	84.65
1553	130968	84.33
1554	130741	84.13
1555	132537	85.23
1556	131511	84.52
1557	133519	85.75
1558	132463	85.02
1559	130402	83.64
1560	134721	86.36
1561	130369	83.52
1562	133393	85.40
1563	131323	84.02
1564	134034	85.70
1565	131171	83.82
1566	133198	85.06
1567	133667	85.30
1568	134473	85.76
1569	132090	84.19
1570	132028	84.09
1571	134137	85.38
1572	134833	85.77
1573	136196	86.58
1574	134054	85.17
1575	134522	85.41
1576	134963	85.64
1577	133504	84.66
1578	135044	85.58
1579	133210	84.36
1580	134696	85.25
1581	137460	86.94
1582	133394	84.32
1583	134885	85.21
1584	140214	88.52
1585	133902	84.48
1586	134209	84.62
1587	138084	87.01
1588	137625	86.67
1589	136912	86.16
1590	134923	84.86
1591	137685	86.54
1592	138241	86.83
1593	135886	85.30
1594	137278	86.12
1595	136479	85.57
1596	137016	85.85
1597	139262	87.20
1598	138694	86.79
1599	137293	85.86
1600	136177	85.11
1601	138692	86.63
1602	136631	85.29
1603	138910	86.66
1604	136849	85.32
1605	139649	87.01
1606	139071	86.59
1607	137262	85.42
1608	139349	86.66
1609	139733	86.84
1610	138958	86.31
1611	142553	88.49
1612	140379	87.08
1613	141119	87.49
1614	144088	89.27
1615	141808	87.81
1616	142095	87.93
1617	142115	87.89
1618	138704	85.73
1619	138843	85.76
1620	140707	86.86
1621	142217	87.73
1622	140869	86.85
1623	142957	88.08
1624	140980	86.81
1625	140790	86.64
1626	141847	87.24
1627	142338	87.48
1628	142556	87.57
1629	140606	86.31
1630	142915	87.68
1631	141375	86.68
1632	144345	88.45
1633	142103	87.02
1634	143451	87.79
1635	144026	88.09
1636	142312	86.99
1637	145176	88.68
1638	143236	87.45
1639	142178	86.75
1640	145970	89.01
1641	142713	86.97
1642	142961	87.07
1643	144765	88.11
1644	143920	87.54
1645	143870	87.46
1646	144244	87.63
1647	144536	87.76
1648	145828	88.49
1649	143239	86.86
1650	146970	89.07
1651	144129	87.30
1652	145819	88.27
1653	145499	88.02
1654	144741	87.51
1655	146112	88.29
1656	146982	88.76
1657	146679	88.52
1658	145906	88.00
1659	148725	89.65
1660	147315	88.74
1661	145516	87.61
1662	147718	88.88
1663	148651	89.39
1664	147765	88.80
1665	146909	88.23
1666	147663	88.63
1667	147362	88.40
1668	148322	88.92
1669	145886	87.41
1670	148152	88.71
1671	147257	88.13
1672	149156	89.21
1673	150668	90.06
1674	148282	88.58
1675	148336	88.56
1676	148232	88.44
1677	149063	88.89
1678	149181	88.90
1679	150291	89.51
1680	148068	88.14
1681	150464	89.51
1682	150470	89.46
1683	149548	88.86
1684	149804	88.96
1685	150616	89.39
1686	149977	88.95
1687	149070	88.36
1688	150987	89.45
1689	150486	89.10
1690	150433	89.01
1691	149120	88.18
1692	153277	90.59
1693	149286	88.18
1694	151730	89.57
1695	152616	90.04
1696	152729	90.05
1697	151632	89.35
1698	151722	89.35
1699	151468	89.15
1700	153149	90.09
1701	152533	89.67
1702	152679	89.71
1703	152166	89.35
1704	153896	90.31
1705	153256	89.89
1706	152261	89.25
1707	153123	89.70
1708	154638	90.54
1709	135723	79.42
1710	144072	84.25
1711	135153	78.99
1712	135804	79.32
1713	131788	76.93
1714	128103	74.74
1715	132325	77.16
1716	128388	74.82
1717	129371	75.35
1718	131283	76.42
1719	128810	74.93
1720	139491	81.10
1721	131025	76.13
1722	130783	75.95
1723	129373	75.09
1724	130388	75.63
1725	129652	75.16
1726	129719	75.16
1727	129917	75.23
1728	129995	75.23
1729	131198	75.88
1730	130418	75.39
1731	130416	75.34
1732	132271	76.37
1733	130501	75.30
1734	130625	75.33
1735	130732	75.35
1736	131051	75.49
1737	132879	76.50
1738	131311	75.55
1739	133529	76.78
1740	134947	77.56
1741	135075	77.58
1742	135214	77.62
1743	135360	77.66
1744	135504	77.70
1745	135541	77.67
1746	135756	77.75
1747	135913	77.80
1748	136017	77.81
1749	136127	77.83
1750	136479	77.99
1751	136517	77.97
1752	140412	80.14
1753	136599	77.92
1754	136718	77.95
1755	136806	77.95
1756	137058	78.05
1757	137202	78.09
1758	137400	78.16
1759	137461	78.15
1760	137626	78.20
1761	156226	88.71
1762	145155	82.38
1763	138143	78.36
1764	138316	78.41
1765	138422	78.43
1766	138639	78.50
1767	138760	78.53
1768	137435	77.73
1769	135629	76.67
1770	137632	77.76
1771	135767	76.66
1772	135860	76.67
1773	135926	76.66
1774	136080	76.71
1775	138923	78.27
1776	137818	77.60
1777	136513	76.82
1778	136589	76.82
1779	136780	76.89
1780	136888	76.90
1781	139034	78.07
1782	137286	77.04
1783	137337	77.03
1784	137616	77.14
1785	137603	77.09
1786	137904	77.21
1787	137988	77.22
1788	138118	77.25
1789	138240	77.27
1790	138351	77.29
1791	139394	77.83
1792	139883	78.06
1793	145759	81.29
1794	139119	77.55
1795	139211	77.55
1796	139458	77.65
1797	139477	77.62
1798	139730	77.71
1799	139871	77.75
1800	148392	82.44
1801	146723	81.47
1802	142602	79.14
1803	140373	77.86
1804	140404	77.83
1805	145385	80.55
1806	140680	77.90
1807	140912	77.98
1808	140852	77.90
1809	150293	83.08
1810	141297	78.06
1811	141443	78.10
1812	141478	78.08
1813	141691	78.15
1814	145617	80.27
1815	145920	80.40
1816	143258	78.89
1817	143369	78.90
1818	144755	79.62
1819	150392	82.68
1820	142562	78.33
1821	144233	79.21
1822	143065	78.52
1823	145198	79.65
1824	143193	78.50
1825	158445	86.82
1826	143512	78.59
1827	143718	78.66
1828	145303	79.49
1829	144007	78.74
1830	144053	78.72
1831	144321	78.82
1832	145650	79.50
1833	149728	81.68
1834	145374	79.27
1835	146314	79.74
1836	147248	80.20
1837	153152	83.37
1838	167785	91.29
1839	167448	91.05
1840	167602	91.09
1841	167625	91.05
1842	167922	91.16
1843	167968	91.14
1844	168121	91.17
1845	171645	93.03
1846	168418	91.23
1847	172154	93.21
1848	175135	94.77
1849	168870	91.33
1850	169102	91.41
1851	169220	91.42
1852	169406	91.47
1853	173313	93.53
1854	169716	91.54
1855	170884	92.12
1856	170819	92.04
1857	173044	93.18
1858	189134	101.79
1859	170493	91.71
1860	174952	94.06
1861	172965	92.94
1862	174305	93.61
1863	174368	93.60
1864	175540	94.17
1865	175587	94.15
1866	175966	94.30
1867	175887	94.21
1868	176180	94.31
1869	176187	94.27
1870	176418	94.34
1871	176608	94.39
1872	171563	91.65
1873	150616	80.41
1874	150916	80.53
1875	150927	80.49
1876	157182	83.79
1877	151347	80.63
1878	151354	80.59
1879	151691	80.73
1880	152012	80.86
1881	153448	81.58
1882	151803	80.66
1883	160391	85.18
1884	163989	87.04
1885	152564	80.94
1886	156311	82.88
1887	152653	80.90
1888	152986	81.03
1889	153023	81.01
1890	153194	81.06
1891	153268	81.05
1892	153708	81.24
1893	153666	81.18
1894	153677	81.14
1895	156165	82.41
1896	155609	82.07
1897	154256	81.32
1898	154466	81.38
1899	156588	82.46
1900	156693	82.47
1901	157826	83.02
1902	160940	84.62
1903	158996	83.55
1904	159030	83.52
1905	157534	82.70
1906	159448	83.66
1907	159400	83.59
1908	161474	84.63
1909	158989	83.28
1910	160226	83.89
1911	163409	85.51
1912	160083	83.73
1913	160557	83.93
1914	160694	83.96
1915	162875	85.05
1916	160992	84.03
1917	161045	84.01
1918	161364	84.13
1919	159063	82.89
1920	163881	85.35
1921	161688	84.17
1922	161753	84.16
1923	161975	84.23
1924	162140	84.27
1925	162090	84.20
1926	162679	84.46
1927	162564	84.36
1928	162896	84.49
1929	162870	84.43
1930	163236	84.58
1931	163270	84.55
1932	163376	84.56
1933	163671	84.67
1934	163723	84.66
1935	163881	84.69
1936	163984	84.70
1937	164115	84.73
1938	164394	84.83
1939	164438	84.81
1940	164783	84.94
1941	164779	84.89
1942	164870	84.90
1943	165133	84.99
1944	165108	84.93
1945	165436	85.06
1946	165626	85.11
1947	165674	85.09
1948	166063	85.25
1949	165855	85.10
1950	167844	86.07
1951	166352	85.26
1952	166525	85.31
1953	166628	85.32
1954	172133	88.09
1955	166990	85.42
1956	167063	85.41
1957	167267	85.47
1958	167430	85.51
1959	167500	85.50
1960	167740	85.58
1961	168768	86.06
1962	169279	86.28
1963	168167	85.67
1964	168420	85.75
1965	168434	85.72
1966	168571	85.74
1967	168857	85.84
1968	169085	85.92
1969	169233	85.95
1970	169270	85.92
1971	169445	85.97
1972	169710	86.06
1973	169787	86.06
1974	169956	86.10
1975	170037	86.09
1976	170358	86.21
1977	170306	86.14
1978	170579	86.24
1979	170802	86.31
1980	170733	86.23
1981	171228	86.44
1982	171162	86.36
1983	171457	86.46
1984	171741	86.56
1985	171607	86.45
1986	171836	86.52
1987	172089	86.61
1988	173423	87.23
1989	173103	87.03
1990	172549	86.71
1991	172535	86.66
1992	172781	86.74
1993	175163	87.89
1994	172997	86.76
1995	174886	87.66
1996	173322	86.83
1997	173626	86.94
1998	173686	86.93
1999	173785	86.94
2000	174113	87.06
2001	174219	87.07
2002	174435	87.13
2003	174511	87.12
2004	174738	87.19
2005	174809	87.19
2006	175132	87.30
2007	175104	87.25
2008	177491	88.39
2009	175637	87.43
2010	177170	88.14
2011	177466	88.25
2012	175714	87.33
2013	175864	87.36
2014	176188	87.48
2015	176123	87.41
2016	176438	87.52
2017	178785	88.64
2018	176890	87.66
2019	179113	88.71
2020	178868	88.55
2021	177219	87.69
2022	177441	87.76
2023	177416	87.70
2024	177719	87.81
2025	177875	87.84
2026	181355	89.51
2027	183173	90.37
2028	178377	87.96
2029	178688	88.07
2030	178759	88.06
2031	179009	88.14
2032	179025	88.10
2033	179169	88.13
2034	184415	90.67
2035	180396	88.65
2036	179580	88.20
2037	179710	88.22
2038	180033	88.34
2039	180222	88.39
2040	180323	88.39
2041	180367	88.37
2042	187150	91.65
2043	191727	93.85
2044	178712	87.43
2045	178815	87.44
2046	176443	86.24
2047	178132	87.02
2048	176568	86.21
2049	180521	88.10
2050	182766	89.15
2051	182107	88.79
2052	182229	88.81
2053	182404	88.85
2054	185382	90.25
2055	184852	89.95
2056	183275	89.14
2057	185083	89.98
2058	184354	89.58
2059	184407	89.56
2060	185666	90.13
2061	186576	90.53
2062	187947	91.15
2063	188968	91.60
2064	188821	91.48
2065	189405	91.72
2066	184133	89.13
2067	190970	92.39
2068	189677	91.72
2069	186829	90.30
2070	188428	91.03
2071	190998	92.23
2072	189950	91.67
2073	188263	90.82
2074	186710	90.02
2075	192220	92.64
2076	190881	91.95
2077	189609	91.29
2078	189388	91.14
2079	189668	91.23
2080	193054	92.81
2081	186770	89.75
2082	193108	92.75
2083	191998	92.17
2084	191948	92.11
2085	192350	92.25
2086	192512	92.29
2087	192552	92.26
2088	192520	92.20
2089	191119	91.49
2090	191437	91.60
2091	193445	92.51
2092	193367	92.43
2093	193784	92.59
2094	193995	92.64
2095	194040	92.62
2096	194322	92.71
2097	194389	92.70
2098	194205	92.57
2099	194772	92.79
2100	196307	93.48
2101	192984	91.85
2102	197362	93.89
2103	195272	92.85
2104	195543	92.94
2105	195604	92.92
2106	195775	92.96
2107	195984	93.02
2108	196333	93.14
2109	196159	93.01
2110	198187	93.93
2111	196556	93.11
2112	197143	93.34
2113	197184	93.32
2114	198971	94.12
2115	192923	91.22
2116	199120	94.10
2117	197624	93.35
2118	197914	93.44
2119	197884	93.39
2120	198083	93.44
2121	198196	93.44
2122	198609	93.60
2123	198537	93.52
2124	198768	93.58
2125	198906	93.60
2126	199286	93.74
2127	199184	93.65
2128	199738	93.86
2129	199580	93.74
2130	202079	94.87
2131	200230	93.96
2132	200319	93.96
2133	199053	93.32
2134	204169	95.67
2135	200502	93.91
2136	200718	93.97
2137	200998	94.06
2138	201099	94.06
2139	201366	94.14
2140	201363	94.09
2141	198104	92.53
2142	202346	94.47
2143	201080	93.83
2144	201921	94.18
2145	202424	94.37
2146	202823	94.51
2147	202851	94.48
2148	203022	94.52
2149	200706	93.40
2150	204907	95.31
2151	203438	94.58
2152	204028	94.81
2153	203470	94.51
2154	203144	94.31
2155	203369	94.37
2156	204395	94.80
2157	204325	94.73
2158	204295	94.67
2159	203842	94.42
2160	205573	95.17
2161	205045	94.88
2162	205401	95.01
2163	205487	95.00
2164	205771	95.09
2165	205794	95.05
2166	206076	95.14
2167	206431	95.26
2168	206661	95.32
2169	206689	95.29
2170	206953	95.37
2171	207152	95.42
2172	207303	95.44
2173	207337	95.42
2174	203957	93.82
2175	206002	94.71
2176	207809	95.50
2177	207627	95.37
2178	208176	95.58
2179	206932	94.97
2180	209115	95.92
2181	208440	95.57
2182	208821	95.70
2183	204547	93.70
2184	210799	96.52
2185	209265	95.77
2186	209019	95.62
2187	205351	93.90
2188	211475	96.65
2189	210045	95.95
2190	208305	95.12
2191	205202	93.66
2192	212635	97.01
2193	210786	96.12
2194	208498	95.03
2195	210601	95.95
2196	211278	96.21
2197	211502	96.27
2198	208169	94.71
2199	213346	97.02
2200	211917	96.33
2201	212299	96.46
2202	207077	94.04
2203	213781	97.04
2204	212625	96.47
2205	211331	95.84
2206	213484	96.77
2207	215490	97.64
2208	213570	96.73
2209	212584	96.24
2210	211591	95.74
2211	213916	96.75
2212	211358	95.55
2213	213444	96.45
2214	216802	97.92
2215	214736	96.95
2216	214936	96.99
2217	214903	96.93
2218	215181	97.02
2219	215504	97.12
2220	215578	97.11
2221	215516	97.04
2222	213866	96.25
2223	214753	96.61
2224	216473	97.33
2225	217179	97.61
2226	216785	97.39
2227	215871	96.93
2228	216488	97.17
2229	217106	97.40
2230	217507	97.54
2231	217564	97.52
2232	215147	96.39
2233	213876	95.78
2234	219272	98.15
2235	218456	97.74
2236	218363	97.66
2237	214307	95.80
2238	220822	98.67
2239	219164	97.88
2240	214614	95.81
2241	221034	98.63
2242	215362	96.06
2243	218490	97.41
2244	220082	98.08
2245	218958	97.53
2246	214886	95.67
2247	221249	98.46
2248	220870	98.25
2249	221026	98.28
2250	218728	97.21
2251	221247	98.29
2252	221586	98.40
2253	220976	98.08
2254	216310	95.97
2255	223508	99.12
2256	218190	96.72
2257	223859	99.18
2258	223791	99.11
2259	222419	98.46
2260	218867	96.84
2261	223465	98.83
2262	222461	98.35
2263	221948	98.08
2264	223290	98.63
2265	223395	98.63
2266	219491	96.86
2267	225375	99.42
2268	224600	99.03
2269	220623	97.23
2270	225415	99.30
2271	224719	98.95
2272	224912	98.99
2273	224655	98.84
2274	224382	98.67
2275	225571	99.15
2276	222735	97.86
2277	222737	97.82
2278	226614	99.48
2279	223627	98.13
2280	227527	99.79
2281	226556	99.32
2282	226838	99.40
2283	223152	97.75
2284	226458	99.15
2285	227179	99.42
2286	227776	99.64
2287	221547	96.87
2288	229543	100.32
2289	227908	99.57
2290	228378	99.73
2291	223482	97.55
2292	229753	100.24
2293	227424	99.18
2294	228350	99.54
2295	229246	99.89
2296	229361	99.90
2297	229562	99.94
2298	225675	98.20
2299	228504	99.39
2300	230243	100.11
2301	230404	100.13
2302	230553	100.15
2303	230637	100.15
2304	225099	97.70
2305	231113	100.27
2306	231181	100.25
2307	231695	100.43
2308	229362	99.38
2309	232249	100.58
2310	231758	100.33
2311	227343	98.37
2312	231515	100.14
2313	232197	100.39
2314	232500	100.48
2315	232831	100.57
2316	230947	99.72
2317	230067	99.30
2318	233632	100.79
2319	231365	99.77
2320	233083	100.47
2321	233823	100.74
2322	234020	100.78
2323	228163	98.22
2324	236256	101.66
2325	234749	100.97
2326	234558	100.84
2327	229667	98.70
2328	234473	100.72
2329	235415	101.08
2330	231891	99.52
2331	235742	101.13
2332	233786	100.25
2333	235384	100.89
2334	233046	99.85
2335	234250	100.32
2336	236696	101.33
2337	236977	101.40
2338	235685	100.81
2339	237499	101.54
2340	235642	100.70
2341	237628	101.51
2342	237706	101.50
2343	235066	100.33
2344	238306	101.67
2345	237338	101.21
2346	237710	101.33
2347	238493	101.62
2348	239191	101.87
2349	239275	101.86
2350	239219	101.80
2351	235611	100.22
2352	240699	102.34
2353	239611	101.83
2354	235391	100.00
2355	241732	102.65
2356	240145	101.93
2357	240403	102.00
2358	237421	100.69
2359	241116	102.21
2360	240846	102.05
2361	241158	102.14
2362	235570	99.73
2363	243964	103.24
2364	244741	103.53
2365	241168	101.97
2366	242593	102.53
2367	240540	101.62
2368	242652	102.47
2369	242768	102.48
2370	237601	100.25
2371	243682	102.78
2372	243446	102.63
2373	239395	100.88
2374	244850	103.14
2375	243875	102.68
2376	239247	100.69
2377	244566	102.89
2378	244659	102.88
2379	240680	101.17
2380	245886	103.31
2381	243179	102.13
2382	272871	114.56
2383	260794	109.44
2384	260652	109.33
2385	265380	111.27
2386	261130	109.44
2387	261403	109.51
2388	266911	111.77
2389	264748	110.82
2390	268092	112.17
2391	267878	112.04
2392	269852	112.81
2393	269034	112.43
2394	271227	113.29
2395	269692	112.61
2396	271522	113.32
2397	273835	114.24
2398	272141	113.49
2399	272431	113.56
2400	272787	113.66
2401	272631	113.55
2402	274884	114.44
2403	276048	114.88
2404	274593	114.22
2405	275367	114.50
2406	275257	114.40
2407	277794	115.41
2408	279194	115.94
2409	276289	114.69
2410	277190	115.02
2411	277439	115.07
2412	276565	114.66
2413	279169	115.69
2414	278296	115.28
2415	276705	114.58
2416	277869	115.01
2417	280002	115.85
2418	280423	115.97
2419	277868	114.87
2420	277675	114.74
2421	280557	115.88
2422	281392	116.18
2423	278701	115.02
2424	280008	115.51
2425	280938	115.85
2426	279248	115.11
2427	280633	115.63
2428	282961	116.54
2429	280450	115.46
2430	282964	116.45
2431	280212	115.27
2432	281838	115.89
2433	283169	116.39
2434	281863	115.80
2435	283438	116.40
2436	281187	115.43
2437	285615	117.20
2438	282635	115.93
2439	282188	115.70
2440	286865	117.57
2441	289247	118.50
2442	283648	116.15
2443	284005	116.25
2444	287711	117.72
2445	283874	116.10
2446	287220	117.42
2447	282545	115.47
2448	285170	116.49
2449	284864	116.32
2450	285008	116.33
2451	282213	115.14
2452	284693	116.11
2453	284995	116.18
2454	286112	116.59
2455	287585	117.14
2456	285665	116.31
2457	287025	116.82
2458	290076	118.01
2459	290037	117.95
2460	287622	116.92
2461	290241	117.94
2462	288092	117.02
2463	287328	116.66
2464	290130	117.75
2465	286736	116.32
2466	294179	119.29
2467	286725	116.22
2468	288218	116.78
2469	291716	118.15
2470	288765	116.91
2471	291403	117.93
2472	290747	117.62
2473	289882	117.22
2474	292431	118.20
2475	288851	116.71
2476	290575	117.36
2477	290140	117.13
2478	294048	118.66
2479	288809	116.50
2480	294310	118.67
2481	289612	116.73
2482	290487	117.04
2483	290793	117.11
2484	292192	117.63
2485	291474	117.29
2486	292936	117.83
2487	292631	117.66
2488	289951	116.54
2489	295544	118.74
2490	298938	120.06
2491	291542	117.04
2492	293633	117.83
2493	292251	117.23
2494	297642	119.34
2495	293310	117.56
2496	293249	117.49
2497	294632	117.99
2498	295810	118.42
2499	294571	117.88
2500	296863	118.75
2501	296376	118.50
2502	295258	118.01
2503	296029	118.27
2504	295695	118.09
2505	306620	122.40
2506	297485	118.71
2507	296178	118.14
2508	297564	118.65
2509	298791	119.09
2510	300121	119.57
2511	300306	119.60
2512	297551	118.45
2513	297491	118.38
2514	297993	118.53
2515	305210	121.36
2516	298884	118.79
2517	297804	118.32
2518	298899	118.70
2519	298052	118.32
2520	297813	118.18
2521	297277	117.92
2522	300945	119.33
2523	299500	118.71
2524	302090	119.69
2525	299764	118.72
2526	302229	119.65
2527	299262	118.43
2528	299857	118.61
2529	301961	119.40
2530	301849	119.31
2531	301039	118.94
2532	299189	118.16
2533	299946	118.42
2534	304235	120.06
2535	300078	118.37
2536	300680	118.56
2537	302138	119.09
2538	303347	119.52
2539	304584	119.96
2540	300562	118.33
2541	303017	119.25
2542	304066	119.62
2543	305331	120.07
2544	302875	119.05
2545	304427	119.62
2546	302833	118.94
2547	305002	119.75
2548	305410	119.86
2549	304063	119.29
2550	305841	119.94
2551	304609	119.41
2552	307231	120.39
2553	302652	118.55
2554	305592	119.65
2555	305798	119.69
2556	305961	119.70
2557	305421	119.45
2558	305638	119.48
2559	307599	120.20
2560	306571	119.75
2561	306517	119.69
2562	308825	120.54
2563	307720	120.06
2564	307347	119.87
2565	307857	120.02
2566	306468	119.43
2567	308061	120.01
2568	309509	120.53
2569	306526	119.32
2570	312504	121.60
2571	309363	120.33
2572	309540	120.35
2573	309548	120.31
2574	310361	120.58
2575	312053	121.19
2576	309177	120.02
2577	310657	120.55
2578	311541	120.85
2579	315659	122.40
2580	311473	120.73
2581	313798	121.58
2582	312053	120.86
2583	310299	120.13
2584	315868	122.24
2585	314818	121.79
2586	312801	120.96
2587	311505	120.41
2588	313154	121.00
2589	312459	120.69
2590	313017	120.86
2591	312901	120.76
2592	313145	120.81
2593	287912	111.03
2594	272834	105.18
2595	272960	105.19
2596	273365	105.30
2597	273091	105.16
2598	278121	107.05
2599	273789	105.34
2600	277025	106.55
2601	274252	105.44
2602	274429	105.47
2603	276663	106.29
2604	274916	105.57
2605	284364	109.16
2606	296306	113.70
2607	276224	105.95
2608	278215	106.68
2609	280684	107.58
2610	278927	106.87
2611	280282	107.35
2612	282031	107.98
2613	283957	108.67
2614	282195	107.96
2615	279397	106.84
2616	282366	107.94
2617	285162	108.97
2618	283223	108.18
2619	278636	106.39
2620	285803	109.09
2621	288620	110.12
2622	283438	108.10
2623	286058	109.06
2624	282453	107.64
2625	286700	109.22
2626	284208	108.23
2627	283773	108.02
2628	287401	109.36
2629	287409	109.32
2630	287306	109.24
2631	286142	108.76
2632	287911	109.39
2633	286419	108.78
2634	288171	109.40
2635	288558	109.51
2636	289103	109.67
2637	289199	109.67
2638	284214	107.74
2639	289566	109.73
2640	289727	109.75
2641	287094	108.71
2642	289774	109.68
2643	290292	109.83
2644	290502	109.87
2645	290967	110.01
2646	290955	109.96
2647	290996	109.93
2648	291381	110.04
2649	291617	110.09
2650	291624	110.05
2651	293612	110.76
2652	292135	110.16
2653	292487	110.25
2654	292376	110.16
2655	292579	110.20
2656	293052	110.34
2657	293601	110.50
2658	289970	109.09
2659	294983	110.94
2660	293789	110.45
2661	293862	110.43
2662	294134	110.49
2663	294452	110.57
2664	294449	110.53
2665	294827	110.63
2666	295136	110.70
2667	295276	110.71
2668	295354	110.70
2669	295617	110.76
2670	295867	110.81
2671	298869	111.89
2672	297191	111.22
2673	296208	110.81
2674	296500	110.88
2675	296534	110.85
2676	296893	110.95
2677	297039	110.96
2678	297238	110.99
2679	297418	111.02
2680	297640	111.06
2681	297805	111.08
2682	298005	111.11
2683	298293	111.18
2684	295186	109.98
2685	300305	111.85
2686	298976	111.31
2687	299203	111.35
2688	299214	111.31
2689	299913	111.53
2690	299551	111.36
2691	299886	111.44
2692	299739	111.34
2693	298006	110.66
2694	300505	111.55
2695	299771	111.23
2696	300845	111.59
2697	301125	111.65
2698	301355	111.70
2699	301488	111.70
2700	300578	111.33
2701	299173	110.76
2702	302262	111.87
2703	302554	111.93
2704	302798	111.98
2705	302721	111.91
2706	303084	112.00
2707	308726	114.05
2708	303274	111.99
2709	303675	112.10
2710	303915	112.15
2711	306001	112.87
2712	304226	112.18
2713	304385	112.19
2714	305715	112.64
2715	305070	112.36
2716	305174	112.36
2717	305586	112.47
2718	308062	113.34
2719	306042	112.56
2720	306040	112.51
2721	306385	112.60
2722	306525	112.61
2723	306769	112.66
2724	306834	112.64
2725	307182	112.73
2726	307451	112.78
2727	307569	112.79
2728	307867	112.85
2729	308189	112.93
2730	308124	112.87
2731	305037	111.69
2732	309847	113.41
2733	333884	122.17
2734	331401	121.21
2735	331526	121.22
2736	333703	121.97
2737	331646	121.17
2738	332122	121.30
2739	332197	121.28
2740	337478	123.17
2741	332848	121.43
2742	333978	121.80
2743	336454	122.66
2744	341521	124.46
2745	338528	123.33
2746	341497	124.36
2747	341333	124.26
2748	340564	123.93
2749	341555	124.25
2750	344683	125.34
2751	343157	124.74
2752	343416	124.79
2753	343982	124.95
2754	343959	124.89
2755	344122	124.91
2756	344459	124.99
2757	346819	125.80
2758	346658	125.69
2759	347168	125.83
2760	345078	125.03
2761	347651	125.91
2762	349723	126.62
2763	348002	125.95
2764	350682	126.87
2765	350971	126.93
2766	348683	126.06
2767	351638	127.08
2768	351474	126.98
2769	350669	126.64
2770	352785	127.36
2771	349591	126.16
2772	351152	126.68
2773	352962	127.29
2774	353205	127.33
2775	357540	128.84
2776	351607	126.66
2777	354520	127.66
2778	354441	127.59
2779	355477	127.92
2780	353582	127.19
2781	355712	127.91
2782	354680	127.49
2783	356181	127.98
2784	354544	127.35
2785	354551	127.31
2786	355380	127.56
2787	354933	127.35
2788	355390	127.47
2789	355676	127.53
2790	355764	127.51
2791	355865	127.50
2792	356645	127.74
2793	323388	115.79
2794	344228	123.20
2795	344294	123.18
2796	353216	126.33
2797	355673	127.16
2798	357689	127.84
2799	356003	127.19
2800	357842	127.80
2801	323860	115.62
2802	315455	112.58
2803	315591	112.59
2804	323327	115.31
2805	328968	117.28
2806	315541	112.45
2807	318539	113.48
2808	320144	114.01
2809	317812	113.14
2810	318735	113.43
2811	316264	112.51
2812	316533	112.57
2813	317029	112.70
2814	320564	113.92
2815	317429	112.76
2816	317502	112.75
2817	377439	133.99
2818	361696	128.35
2819	373427	132.47
2820	358555	127.15
2821	358764	127.18
2822	359039	127.23
2823	359148	127.22
2824	359754	127.39
2825	348614	123.40
2826	328023	116.07
2827	328195	116.09
2828	328117	116.02
2829	328252	116.03
2830	328676	116.14
2831	328784	116.14
2832	329111	116.21
2833	329235	116.21
2834	330937	116.77
2835	329794	116.33
2836	330325	116.48
2837	334176	117.79
2838	330582	116.48
2839	330768	116.51
2840	332937	117.23
2841	346550	121.98
2842	360575	126.87
2843	354919	124.84
2844	354969	124.81
2845	355260	124.87
2846	357095	125.47
2847	360008	126.45
2848	362707	127.35
2849	365044	128.13
2850	365134	128.12
2851	365955	128.36
2852	368354	129.16
2853	372762	130.66
2854	368799	129.22
2855	374798	131.28
2856	367755	128.77
2857	369101	129.19
2858	371490	129.98
2859	370977	129.76
2860	369903	129.34
2861	372282	130.12
2862	372090	130.01
2863	374089	130.66
2864	374692	130.83
2865	372621	130.06
2866	373201	130.22
2867	373843	130.40
2868	373200	130.13
2869	373424	130.16
2870	375152	130.71
2871	373639	130.14
2872	375084	130.60
2873	372411	129.62
2874	375851	130.78
2875	375032	130.45
2876	374942	130.37
2877	377137	131.09
2878	373375	129.73
2879	375875	130.56
2880	377623	131.12
2881	378190	131.27
2882	378336	131.28
2883	376579	130.62
2884	377183	130.78
2885	382929	132.73
2886	378355	131.10
2887	378719	131.18
2888	377483	130.71
2889	379934	131.51
2890	381212	131.91
2891	379338	131.21
2892	378859	131.00
2893	378767	130.93
2894	380550	131.50
2895	382494	132.12
2896	380816	131.50
2897	382094	131.89
2898	380271	131.22
2899	383638	132.33
2900	380668	131.26
2901	382325	131.79
2902	380121	130.99
2903	382864	131.89
2904	379617	130.72
2905	386729	133.13
2906	381203	131.18
2907	383967	132.08
2908	383666	131.93
2909	384396	132.14
2910	384122	132.00
2911	383671	131.80
2912	384402	132.01
2913	386914	132.82
2914	383700	131.67
2915	385613	132.29
2916	386422	132.52
2917	387977	133.01
2918	387153	132.68
2919	388302	133.03
2920	387780	132.80
2921	386029	132.16
2922	385942	132.08
2923	387960	132.73
2924	386890	132.32
2925	385658	131.85
2926	387567	132.46
2927	389335	133.02
2928	389254	132.94
2929	388303	132.57
2930	388735	132.67
2931	389731	132.97
2932	389398	132.81
2933	388499	132.46
2934	390273	133.02
2935	389890	132.84
2936	388399	132.29
2937	390261	132.88
2938	390110	132.78
2939	402402	136.92
2940	393099	133.71
2941	393636	133.84
2942	392224	133.32
2943	393306	133.64
2944	396003	134.51
2945	391588	132.97
2946	394804	134.01
2947	393699	133.59
2948	394378	133.78
2949	391753	132.84
2950	398966	135.24
2951	396003	134.19
2952	398407	134.96
2953	445761	150.95
2954	423825	143.47
2955	404138	136.76
2956	396420	134.11
2957	397213	134.33
2958	399587	135.09
2959	396854	134.12
2960	397574	134.32
2961	399919	135.06
2962	397374	134.16
2963	398571	134.52
2964	396914	133.91
2965	396454	133.71
2966	397992	134.18
2967	399277	134.57
2968	396642	133.64
2969	399100	134.42
2970	398067	134.03
2971	397124	133.67
2972	397200	133.65
2973	399615	134.41
2974	399751	134.42
2975	397814	133.72
2976	400765	134.67
2977	401083	134.73
2978	398894	133.95
2979	399273	134.03
2980	399123	133.93
2981	400752	134.44
2982	400895	134.44
2983	398729	133.67
2984	402677	134.95
2985	397565	133.19
2986	402044	134.64
2987	400009	133.92
2988	403552	135.06
2989	403671	135.05
2990	403407	134.92
2991	401405	134.20
2992	404532	135.20
2993	402689	134.54
2994	404575	135.13
2995	399621	133.43
2996	403804	134.78
2997	405627	135.34
2998	404623	134.96
2999	403453	134.53
3000	404839	134.95
3001	407269	135.71
3002	405039	134.92
3003	412894	137.49
3004	410320	136.59
3005	409153	136.16
3006	409661	136.28
3007	405725	134.93
3008	407634	135.52
3009	405006	134.60
3010	405274	134.64
3011	408962	135.82
3012	409721	136.03
3013	408742	135.66
3014	410525	136.21
3015	411362	136.44
3016	408490	135.44
3017	409016	135.57
3018	409981	135.85
3019	408669	135.37
3020	410609	135.96
3021	408841	135.33
3022	412340	136.45
3023	409832	135.57
3024	410419	135.72
3025	414961	137.18
3026	409983	135.49
3027	412206	136.18
3028	410169	135.46
3029	409751	135.28
3030	409910	135.28
3031	414170	136.64
3032	412336	135.99
3033	417505	137.65
3034	421320	138.87
3035	411348	135.53
3036	366115	120.59
3037	366185	120.57
3038	366670	120.69
3039	366743	120.68
3040	373211	122.77
3041	374651	123.20
3042	376644	123.81
3043	377068	123.91
3044	377276	123.94
3045	377163	123.86
3046	379840	124.70
3047	379877	124.67
3048	382264	125.41
3049	380703	124.86
3050	381936	125.22
3051	383628	125.74
3052	387468	126.96
3053	383673	125.67
3054	388021	127.05
3055	390178	127.72
3056	387149	126.68
3057	383094	125.32
3058	369886	120.96
3059	371445	121.43
3060	370640	121.12
3061	372693	121.76
3062	371120	121.20
3063	371533	121.30
3064	373224	121.81
3065	373995	122.02
3066	372181	121.39
3067	374234	122.02
3068	379306	123.63
3069	374773	122.12
3070	376451	122.62
3071	379292	123.51
3072	381194	124.09
3073	377960	122.99
3074	383153	124.64
3075	380055	123.60
3076	383784	124.77
3077	384183	124.86
3078	380795	123.72
3079	384316	124.82
3080	384898	124.97
3081	384766	124.88
3082	385065	124.94
3083	385603	125.07
3084	383565	124.37
3085	385948	125.10
3086	386120	125.12
3087	386203	125.11
3088	386505	125.16
3089	386694	125.18
3090	386970	125.23
3091	386966	125.19
3092	384054	124.21
3093	387446	125.27
3094	387880	125.37
3095	393615	127.18
3096	388943	125.63
3097	388892	125.57
3098	389078	125.59
3099	389417	125.66
3100	389420	125.62
3101	389539	125.62
3102	390102	125.76
3103	388311	125.14
3104	389932	125.62
3105	401871	129.43
3106	390809	125.82
3107	390915	125.82
3108	391381	125.93
3109	391934	126.06
3110	391735	125.96
3111	394527	126.82
3112	392259	126.05
3113	394898	126.85
3114	392955	126.19
3115	393120	126.20
3116	393395	126.25
3117	393641	126.29
3118	393641	126.25
3119	422369	135.42
3120	418391	134.10
3121	420462	134.72
3122	418940	134.19
3123	423920	135.74
3124	419617	134.32
3125	419698	134.30
3126	419904	134.33
3127	420196	134.38
3128	423998	135.55
3129	426916	136.44
3130	426775	136.35
3131	427570	136.56
3132	428968	136.96
3133	433288	138.30
3134	432728	138.08
3135	433535	138.29
3136	433340	138.18
3137	433142	138.08
3138	434240	138.38
3139	434368	138.38
3140	434650	138.42
3141	438704	139.67
3142	435555	138.62
3143	434858	138.36
3144	439019	139.64
3145	435066	138.34
3146	437519	139.07
3147	437815	139.12
3148	439130	139.49
3149	436173	138.51
3150	438622	139.25
3151	438149	139.05
3152	440906	139.88
3153	443741	140.74
3154	441465	139.97
3155	441541	139.95
3156	442484	140.20
3157	444043	140.65
3158	443047	140.29
3159	440775	139.53
3160	444745	140.74
3161	442506	139.99
3162	443495	140.26
3163	445329	140.79
3164	445276	140.73
3165	442887	139.93
3166	446098	140.90
3167	452041	142.73
3168	443650	140.04
3169	448278	141.46
3170	445265	140.46
3171	446381	140.77
3172	447011	140.92
3173	447483	141.03
3174	447467	140.98
3175	448884	141.38
3176	446542	140.60
3177	448144	141.06
3178	447431	140.79
3179	447302	140.71
3180	446130	140.29
3181	448627	141.03
3182	450191	141.48
3183	447304	140.53
3184	444919	139.74
3185	449577	141.15
3186	449716	141.15
3187	450510	141.36
3188	448412	140.66
3189	451359	141.54
3190	449789	141.00
3191	454367	142.39
3192	456932	143.15
3193	452282	141.65
3194	451124	141.24
3195	449770	140.77
3196	453145	141.79
3197	454969	142.31
3198	452862	141.61
3199	456001	142.54
3200	454862	142.14
3201	456431	142.59
3202	452156	141.21
3203	459167	143.36
3204	455259	142.09
3205	412693	128.77
3206	408147	127.31
3207	404497	126.13
3208	406369	126.67
3209	406652	126.72
3210	408812	127.36
3211	405679	126.34
3212	406164	126.45
3213	405737	126.28
3214	407765	126.87
3215	406452	126.42
3216	405984	126.24
3217	408436	126.96
3218	407098	126.51
3219	406981	126.43
3220	409338	127.12
3221	407659	126.56
3222	408287	126.72
3223	411400	127.65
3224	408612	126.74
3225	408532	126.68
3226	409168	126.83
3227	409406	126.87
3228	409616	126.89
3229	409746	126.90
3230	409510	126.78
3231	414999	128.44
3232	410458	127.00
3233	415590	128.55
3234	411044	127.10
3235	411170	127.10
3236	411416	127.14
3237	411748	127.20
3238	427411	132.00
3239	412207	127.26
3240	412463	127.30
3241	415657	128.25
3242	414413	127.83
3243	420854	129.77
3244	414939	127.91
3245	413368	127.39
3246	413954	127.53
3247	413661	127.40
3248	414054	127.48
3249	414628	127.62
3250	414931	127.67
3251	418349	128.68
3252	414688	127.52
3253	422553	129.90
3254	421183	129.44
3255	415711	127.71
3256	416042	127.78
3257	416254	127.80
3258	416508	127.84
3259	418756	128.49
3260	417184	127.97
3261	420537	128.96
3262	417384	127.95
3263	419530	128.57
3264	434558	133.14
3265	418267	128.11
3266	418351	128.09
3267	419674	128.46
3268	419001	128.21
3269	419323	128.27
3270	419631	128.33
3271	421797	128.95
3272	419582	128.23
3273	420265	128.40
3274	420714	128.50
3275	420593	128.43
3276	420957	128.50
3277	421395	128.59
3278	421195	128.49
3279	421825	128.64
3280	422077	128.68
3281	425441	129.67
3282	422534	128.74
3283	422929	128.82
3284	422901	128.78
3285	424069	129.09
3286	423199	128.79
3287	423491	128.84
3288	423325	128.75
3289	424223	128.98
3290	424133	128.92
3291	432735	131.49
3292	429398	130.44
3293	425096	129.09
3294	425409	129.15
3295	425073	129.01
3296	427433	129.68
3297	425676	129.11
3298	426205	129.23
3299	426233	129.20
3300	429066	130.02
3301	433367	131.28
3302	427074	129.34
3303	434734	131.62
3304	468936	141.93
3305	467155	141.35
3306	464243	140.42
3307	466518	141.07
3308	464879	140.53
3309	464907	140.50
3310	465143	140.53
3311	471146	142.30
3312	450307	135.96
3313	430200	129.85
3314	430252	129.83
3315	430144	129.76
3316	432494	130.43
3317	430992	129.93
3318	431171	129.95
3319	430958	129.85
3320	431488	129.97
3321	463870	139.68
3322	506020	152.32
3323	445021	133.92
3324	443407	133.40
3325	445198	133.89
3326	446200	134.16
3327	443856	133.41
3328	444535	133.57
3329	444461	133.51
3330	455843	136.89
3331	449091	134.82
3332	450392	135.17
3333	445561	133.68
3334	445905	133.74
3335	446224	133.80
3336	675481	202.48
3337	484493	145.19
3338	448022	134.22
3339	448528	134.33
3340	444548	133.10
3341	437831	131.05
3342	438531	131.22
3343	441555	132.08
3344	438551	131.15
3345	441431	131.97
3346	441266	131.88
3347	439582	131.34
3348	451136	134.75
3349	449831	134.32
3350	443784	132.47
3351	440378	131.42
3352	440766	131.49
3353	445004	132.72
3354	441063	131.50
3355	441333	131.54
3356	441373	131.52
3357	441671	131.57
3358	454426	135.33
3359	441070	131.31
3360	441331	131.35
3361	441160	131.26
3362	444896	132.33
3363	442037	131.44
3364	442345	131.49
3365	442335	131.45
3366	442638	131.50
3367	442933	131.55
3368	449820	133.56
3369	447465	132.82
3370	443656	131.65
3371	444812	131.95
3372	444328	131.77
3373	444558	131.80
3374	444890	131.86
3375	445122	131.89
3376	445179	131.87
3377	451659	133.75
3378	446129	132.07
3379	446058	132.01
3380	446490	132.10
3381	446781	132.14
3382	446698	132.08
3383	453074	133.93
3384	447290	132.18
3385	450546	133.10
3386	449011	132.61
3387	453110	133.78
3388	448362	132.34
3389	448340	132.29
3390	455957	134.50
3391	452158	133.34
3392	450816	132.91
3393	449225	132.40
3394	449915	132.56
3395	451285	132.93
3396	456782	134.51
3397	450414	132.59
3398	450846	132.68
3399	450932	132.67
3400	452696	133.15
3401	450962	132.60
3402	451453	132.70
3403	461533	135.63
3404	466957	137.18
3405	459301	134.89
3406	454541	133.45
3407	456125	133.88
3408	453124	132.96
3409	455100	133.50
3410	455943	133.71
3411	455535	133.55
3412	455871	133.61
3413	454411	133.14
3414	457912	134.13
3415	476298	139.47
3416	457106	133.81
3417	455201	133.22
3418	455628	133.30
3419	455571	133.25
3420	455850	133.29
3421	456491	133.44
3422	456504	133.40
3423	458489	133.94
3424	462409	135.05
3425	457611	133.61
3426	460885	134.53
3427	458211	133.71
3428	457953	133.59
3429	461290	134.53
3430	458657	133.72
3431	464040	135.25
3432	477324	139.08
3433	464572	135.33
3434	459569	133.83
3435	463129	134.83
3436	463706	134.96
3437	464105	135.03
3438	460964	134.08
3439	460935	134.03
3440	473179	137.55
3441	475821	138.28
3442	465643	135.28
3443	469309	136.31
3444	461827	134.10
3445	465568	135.14
3446	464660	134.84
3447	463105	134.35
3448	470331	136.41
3449	463659	134.43
3450	464354	134.60
3451	465483	134.88
3452	468057	135.59
3453	464614	134.55
3454	465442	134.75
3455	465196	134.64
3456	465519	134.70
3457	465799	134.74
3458	465814	134.71
3459	466380	134.83
3460	466422	134.80
3461	472486	136.52
3462	468251	135.25
3463	466702	134.77
3464	470715	135.89
3465	467473	134.91
3466	467823	134.97
3467	467966	134.98
3468	468438	135.07
3469	468701	135.11
3470	473902	136.57
3471	470514	135.56
3472	469113	135.11
3473	469846	135.29
3474	472248	135.94
3475	470176	135.30
3476	471980	135.78
3477	470860	135.42
3478	472890	135.97
3479	477733	137.32
3480	473097	135.95
3481	473085	135.90
3482	472053	135.57
3483	472041	135.53
3484	472058	135.49
3485	472831	135.68
3486	473362	135.79
3487	475675	136.41
3488	475887	136.44
3489	473579	135.73
3490	474002	135.82
3491	473879	135.74
3492	474285	135.82
3493	476257	136.35
3494	476742	136.45
3495	475224	135.97
3496	475910	136.13
3497	482492	137.97
3498	479212	137.00
3499	475866	136.00
3500	478339	136.67
3501	476873	136.21
3502	477045	136.22
3503	497100	141.91
3504	483645	138.03
3505	482460	137.65
3506	486098	138.65
3507	479849	136.83
3508	478324	136.35
3509	478731	136.43
3510	479016	136.47
3511	479109	136.46
3512	479489	136.53
3513	479489	136.49
3514	479786	136.54
3515	489803	139.35
3516	485966	138.22
3517	481235	136.83
3518	481479	136.86
3519	481376	136.79
3520	481721	136.85
3521	481954	136.88
3522	482047	136.87
3523	488957	138.79
3524	482229	136.84
3525	484032	137.31
3526	483405	137.10
3527	483310	137.03
3528	494088	140.05
3529	502550	142.41
3530	485859	137.64
3531	484219	137.13
3532	486976	137.88
3533	484718	137.20
3534	485442	137.36
3535	485594	137.37
3536	489208	138.35
3537	491205	138.88
3538	487288	137.73
3539	486189	137.38
3540	486950	137.56
3541	494477	139.64
3542	487340	137.59
3543	490801	138.53
3544	489401	138.09
3545	494118	139.38
3546	512882	144.64
3547	495077	139.58
3548	500836	141.16
3549	499065	140.62
3550	496931	139.98
3551	502228	141.43
3552	498646	140.38
3553	500300	140.81
3554	500984	140.96
3555	503428	141.61
3556	501733	141.09
3557	501451	140.98
3558	501878	141.06
3559	500495	140.63
3560	508951	142.96
3561	502011	140.97
3562	501789	140.87
3563	505393	141.84
3564	493059	138.34
3565	494643	138.75
3566	493084	138.27
3567	497698	139.53
3568	494068	138.47
3569	494511	138.56
3570	494435	138.50
3571	494543	138.49
3572	494985	138.57
3573	495365	138.64
3574	495492	138.64
3575	495980	138.74
3576	495913	138.68
3577	496538	138.81
3578	496247	138.69
3579	498237	139.21
3580	496984	138.82
3581	497061	138.81
3582	497763	138.96
3583	497401	138.82
3584	502962	140.34
3585	498802	139.14
3586	498583	139.04
3587	503801	140.45
3588	500937	139.61
3589	501084	139.62
3590	499871	139.24
3591	499844	139.19
3592	502606	139.92
3593	500553	139.31
3594	500692	139.31
3595	500666	139.27
3596	501480	139.45
3597	501517	139.43
3598	501786	139.46
3599	501608	139.37
3600	503828	139.95
3601	506405	140.63
3602	512078	142.16
3603	506353	140.54
3604	525678	145.86
3605	507056	140.65
3606	507288	140.68
3607	509413	141.23
3608	503957	139.68
3609	509945	141.30
3610	504894	139.86
3611	504953	139.84
3612	510405	141.31
3613	505581	139.93
3614	507463	140.42
3615	509005	140.80
3616	506163	139.98
3617	506699	140.09
3618	511856	141.47
3619	507333	140.19
3620	514593	142.15
3621	508248	140.36
3622	511751	141.29
3623	508478	140.35
3624	509480	140.58
3625	512659	141.42
3626	512088	141.23
3627	509720	140.53
3628	515054	141.97
3629	512691	141.28
3630	520097	143.28
3631	517502	142.52
3632	518334	142.71
3633	519356	142.96
3634	514915	141.69
3635	524058	144.17
3636	520163	143.06
3637	519978	142.97
3638	519927	142.92
3639	521276	143.25
3640	524675	144.14
3641	527068	144.76
3642	529335	145.34
3643	527513	144.80
3644	520880	142.94
3645	524466	143.89
3646	527279	144.62
3647	524929	143.93
3648	524589	143.80
3649	526285	144.23
3650	525438	143.96
3651	527572	144.50
3652	525323	143.85
3653	523730	143.37
3654	529636	144.95
3655	524273	143.44
3656	526334	143.96
3657	526881	144.07
3658	527839	144.30
3659	526182	143.80
3660	531592	145.24
3661	525658	143.58
3662	527179	143.96
3663	534246	145.85
3664	525126	143.32
3665	532257	145.23
3666	530413	144.68
3667	528872	144.22
3668	530577	144.65
3669	534494	145.68
3670	523843	142.74
3671	522584	142.35
3672	520958	141.87
3673	523447	142.51
3674	521932	142.06
3675	525925	143.11
3676	526664	143.27
3677	523477	142.37
3678	522999	142.20
3679	523065	142.18
3680	523325	142.21
3681	523595	142.24
3682	657990	178.70
3683	598814	162.59
3684	538044	146.05
3685	537968	145.99
3686	538260	146.03
3687	538228	145.98
3688	539214	146.21
3689	539294	146.19
3690	544602	147.59
3691	593333	160.75
3692	571665	154.84
3693	567293	153.61
3694	567377	153.59
3695	567728	153.65
3696	573097	155.06
3697	575874	155.77
3698	578158	156.34
3699	582680	157.52
3700	581618	157.19
3701	583300	157.61
3702	581998	157.21
3703	593174	160.19
3704	583325	157.49
3705	590733	159.44
3706	584927	157.83
3707	585566	157.96
3708	586394	158.14
3709	588228	158.59
3710	586631	158.12
3711	588780	158.66
3712	588723	158.60
3713	589741	158.83
3714	588359	158.42
3715	590638	158.99
3716	588028	158.24
3717	592240	159.33
3718	590782	158.90
3719	590229	158.71
3720	592935	159.39
3721	589589	158.45
3722	589613	158.41
3723	589873	158.44
3724	602205	161.71
3725	584874	157.01
3726	593044	159.16
3727	590468	158.43
3728	536152	143.82
3729	536727	143.93
3730	536734	143.90
3731	537169	143.97
3732	537271	143.96
3733	537870	144.09
3734	538019	144.09
3735	544341	145.74
3736	541481	144.94
3737	538441	144.08
3738	539195	144.25
3739	548176	146.61
3740	539633	144.29
3741	539873	144.31
3742	540414	144.42
3743	543410	145.18
3744	546393	145.94
3745	542591	144.88
3746	541273	144.49
3747	544076	145.20
3748	541463	144.47
3749	542035	144.58
3750	542204	144.59
3751	545729	145.49
3752	546010	145.53
3753	549929	146.53
3754	546237	145.51
3755	543452	144.73
3756	543613	144.73
3757	544006	144.80
3758	545652	145.20
3759	554066	147.40
3760	545008	144.95
3761	544827	144.86
3762	544419	144.72
3763	545504	144.97
3764	549377	145.96
3765	554246	147.21
3766	546226	145.04
3767	550357	146.10
3768	546915	145.15
3769	547039	145.14
3770	547590	145.25
3771	548066	145.34
3772	547798	145.23
3773	683561	181.17
3774	697320	184.77
3775	553010	146.49
3776	548997	145.39
3777	549364	145.45
3778	551286	145.92
3779	549968	145.53
3780	555793	147.04
3781	550811	145.68
3782	554600	146.64
3783	561484	148.42
3784	559667	147.90
3785	558267	147.49
3786	558612	147.55
3787	560098	147.90
3788	559956	147.82
3789	562661	148.50
3790	559659	147.67
3791	561612	148.14
3792	561861	148.17
3793	563645	148.60
3794	564238	148.72
3795	563755	148.55
3796	562372	148.15
3797	563841	148.50
3798	566193	149.08
3799	565757	148.92
3800	569691	149.92
3801	563976	148.38
3802	591554	155.59
3803	565189	148.62
3804	568257	149.38
3805	571347	150.16
3806	566266	148.78
3807	563402	147.99
3808	571797	150.16
3809	565971	148.59
3810	568965	149.33
3811	559140	146.72
3812	563980	147.95
3813	561318	147.21
3814	560269	146.90
3815	560424	146.90
3816	560862	146.98
3817	561018	146.98
3818	580800	152.12
3819	602715	157.82
3820	607522	159.04
3821	605674	158.51
3822	603579	157.92
3823	603947	157.98
3824	604299	158.03
3825	604624	158.07
3826	607772	158.85
3827	619665	161.92
3828	612418	159.98
3829	616562	161.02
3830	614499	160.44
3831	617899	161.29
3832	619840	161.75
3833	621032	162.02
3834	623474	162.62
3835	622260	162.26
3836	621854	162.11
3837	629850	164.15
3838	581502	151.51
3839	566724	147.62
3840	608990	158.59
3841	662488	172.48
3842	817808	212.86
3843	614996	160.03
3844	610005	158.69
3845	626373	162.91
3846	625774	162.71
3847	628700	163.43
3848	626589	162.83
3849	626631	162.80
3850	626980	162.85
3851	627304	162.89
3852	621893	161.45
3853	626896	162.70
3854	629704	163.39
3855	628890	163.14
3856	629912	163.36
3857	628926	163.06
3858	628721	162.97
3859	630882	163.48
3860	631038	163.48
3861	631141	163.47
3862	631815	163.60
3863	630988	163.34
3864	630339	163.13
3865	634711	164.22
3866	633864	163.96
3867	634385	164.05
3868	632724	163.58
3869	635335	164.21
3870	630321	162.87
3871	734431	189.73
3872	650007	167.87
3873	651481	168.21
3874	651627	168.21
3875	651450	168.12
3876	651089	167.98
3877	651786	168.12
3878	643371	165.90
3879	635562	163.85
3880	648463	167.13
3881	651204	167.79
3882	641138	165.16
3883	638896	164.54
3884	704582	181.41
3885	637474	164.09
3886	637683	164.10
3887	643383	165.52
3888	786916	202.40
3889	609831	156.81
3890	595150	152.99
3891	586306	150.68
3892	602877	154.90
3893	628840	161.53
3894	628313	161.35
3895	624788	160.41
3896	624942	160.41
3897	631903	162.15
3898	637040	163.43
3899	634308	162.68
3900	641852	164.58
3901	644038	165.10
3902	651424	166.95
3903	857336	219.66
3904	603325	154.54
3905	614552	157.38
3906	588525	150.67
3907	585481	149.85
3908	591338	151.31
3909	586062	149.93
3910	587853	150.35
3911	586666	150.00
3912	588849	150.52
3913	592331	151.38
3914	597217	152.58
3915	593921	151.70
3916	588683	150.33
3917	598105	152.69
3918	608949	155.42
3919	592395	151.16
3920	594869	151.75
3921	596540	152.14
3922	607150	154.81
3923	591266	150.72
3924	593064	151.14
3925	591384	150.67
3926	592606	150.94
3927	595315	151.60
3928	599271	152.56
3929	613333	156.10
3930	597790	152.11
3931	592418	150.70
3932	597409	151.94
3933	592843	150.74
3934	596697	151.68
3935	594724	151.14
3936	605339	153.80
3937	599488	152.27
3938	596434	151.46
3939	599524	152.20
3940	599261	152.10
3941	601879	152.72
3942	600174	152.25
3943	601901	152.65
3944	604714	153.33
3945	598481	151.71
3946	603001	152.81
3947	600528	152.15
3948	601409	152.33
3949	605190	153.25
3950	599084	151.67
3951	604229	152.93
3952	601545	152.21
3953	605719	153.23
3954	599152	151.53
3955	605010	152.97
3956	600572	151.81
3957	601530	152.02
3958	603987	152.60
3959	632225	159.69
3960	643875	162.59
3961	644152	162.62
3962	644383	162.64
3963	644910	162.73
3964	619599	156.31
3965	634098	159.92
3966	603510	152.17
3967	606532	152.89
3968	605732	152.65
3969	603757	152.12
3970	604978	152.39
3971	606247	152.67
3972	612753	154.27
3973	611339	153.87
3974	606515	152.62
3975	613327	154.30
3976	607203	152.72
3977	606945	152.61
3978	606004	152.34
3979	612895	154.03
3980	608147	152.80
3981	606667	152.39
3982	608627	152.84
3983	609023	152.91
3984	607379	152.45
3985	608015	152.58
3986	615784	154.49
3987	613225	153.81
3988	608460	152.57
3989	610797	153.12
3990	609149	152.67
3991	610038	152.85
3992	609705	152.73
3993	613954	153.76
3994	610672	152.90
3995	616503	154.32
3996	616421	154.26
3997	611103	152.89
3998	616686	154.25
3999	611823	152.99
4000	618778	154.69
