N	Total Time	Average CPE
1	313	313.00
2	30	15.00
3	515	171.67
4	49	12.25
5	124	24.80
6	197	32.83
7	146	20.86
8	1057	132.12
9	910	101.11
10	238	23.80
11	259	23.55
12	328	27.33
13	295	22.69
14	1210	86.43
15	383	25.53
16	377	23.56
17	397	23.35
18	470	26.11
19	475	25.00
20	384	19.20
21	271	12.90
22	275	12.50
23	289	12.57
24	299	12.46
25	318	12.72
26	322	12.38
27	336	12.44
28	594	21.21
29	642	22.14
30	740	24.67
31	722	23.29
32	788	24.62
33	942	28.55
34	832	24.47
35	501	14.31
36	439	12.19
37	451	12.19
38	466	12.26
39	475	12.18
40	499	12.47
41	504	12.29
42	510	12.14
43	529	12.30
44	537	12.20
45	552	12.27
46	564	12.26
47	719	15.30
48	590	12.29
49	609	12.43
50	605	12.10
51	626	12.27
52	626	12.04
53	654	12.34
54	656	12.15
55	662	12.04
56	684	12.21
57	700	12.28
58	705	12.16
59	712	12.07
60	739	12.32
61	727	11.92
62	749	12.08
63	767	12.17
64	772	12.06
65	781	12.02
66	806	12.21
67	812	12.12
68	822	12.09
69	845	12.25
70	849	12.13
71	856	12.06
72	876	12.17
73	878	12.03
74	886	11.97
75	915	12.20
76	918	12.08
77	934	12.13
78	943	12.09
79	951	12.04
80	971	12.14
81	967	11.94
82	986	12.02
83	999	12.04
84	1011	12.04
85	1030	12.12
86	1033	12.01
87	1059	12.17
88	1059	12.03
89	1080	12.13
90	1086	12.07
91	1095	12.03
92	1125	12.23
93	1117	12.01
94	1140	12.13
95	1145	12.05
96	1160	12.08
97	1174	12.10
98	1187	12.11
99	1190	12.02
100	2054	20.54
101	1228	12.16
102	1229	12.05
103	1245	12.09
104	1255	12.07
105	1266	12.06
106	1285	12.12
107	1281	11.97
108	1306	12.09
109	1312	12.04
110	1323	12.03
111	1335	12.03
112	1352	12.07
113	1362	12.05
114	1371	12.03
115	1384	12.03
116	1394	12.02
117	1421	12.15
118	1417	12.01
119	1429	12.01
120	1439	11.99
121	1424	11.77
122	1477	12.11
123	1486	12.08
124	1485	11.98
125	1498	11.98
126	1506	11.95
127	1519	11.96
128	1544	12.06
129	1535	11.90
130	1569	12.07
131	1585	12.10
132	1578	11.95
133	1608	12.09
134	1613	12.04
135	1614	11.96
136	1645	12.10
137	1653	12.07
138	1650	11.96
139	1669	12.01
140	1677	11.98
141	1679	11.91
142	1703	11.99
143	1722	12.04
144	1731	12.02
145	1729	11.92
146	1760	12.05
147	1774	12.07
148	1777	12.01
149	1785	11.98
150	1804	12.03
151	1819	12.05
152	1828	12.03
153	1833	11.98
154	1854	12.04
155	2865	18.48
156	4607	29.53
157	3471	22.11
158	1902	12.04
159	1915	12.04
160	2780	17.38
161	1921	11.93
162	1948	12.02
163	1945	11.93
164	1973	12.03
165	1986	12.04
166	1987	11.97
167	2006	12.01
168	2013	11.98
169	2031	12.02
170	2047	12.04
171	2071	12.11
172	2073	12.05
173	2079	12.02
174	2085	11.98
175	2096	11.98
176	2081	11.82
177	2116	11.95
178	2137	12.01
179	2153	12.03
180	2143	11.91
181	2162	11.94
182	2188	12.02
183	2199	12.02
184	2210	12.01
185	2230	12.05
186	2226	11.97
187	2252	12.04
188	2265	12.05
189	2266	11.99
190	2284	12.02
191	2301	12.05
192	2306	12.01
193	2326	12.05
194	2331	12.02
195	2345	12.03
196	2358	12.03
197	2367	12.02
198	2389	12.07
199	2387	11.99
200	4101	20.50
201	2414	12.01
202	2422	11.99
203	2438	12.01
204	2456	12.04
205	2471	12.05
206	2480	12.04
207	2483	12.00
208	2508	12.06
209	2515	12.03
210	2530	12.05
211	2540	12.04
212	2540	11.98
213	2569	12.06
214	2584	12.07
215	2578	11.99
216	2597	12.02
217	2613	12.04
218	2626	12.05
219	2630	12.01
220	2630	11.95
221	2631	11.90
222	2668	12.02
223	2683	12.03
224	2700	12.05
225	2665	11.84
226	2728	12.07
227	2733	12.04
228	2738	12.01
229	2758	12.04
230	2772	12.05
231	2850	12.34
232	2792	12.03
233	2800	12.02
234	2812	12.02
235	2829	12.04
236	2840	12.03
237	2855	12.05
238	2909	12.22
239	4900	20.50
240	2918	12.16
241	2957	12.27
242	3782	15.63
243	2922	12.02
244	2938	12.04
245	2941	12.00
246	2958	12.02
247	2978	12.06
248	2985	12.04
249	2984	11.98
250	2964	11.86
251	3018	12.02
252	3031	12.03
253	3043	12.03
254	3053	12.02
255	3063	12.01
256	3080	12.03
257	3093	12.04
258	3102	12.02
259	3110	12.01
260	3096	11.91
261	3120	11.95
262	3144	12.00
263	3167	12.04
264	3174	12.02
265	3197	12.06
266	3199	12.03
267	3211	12.03
268	3215	12.00
269	3236	12.03
270	3242	12.01
271	3263	12.04
272	3268	12.01
273	3281	12.02
274	3307	12.07
275	3296	11.99
276	3324	12.04
277	3327	12.01
278	3341	12.02
279	3356	12.03
280	3330	11.89
281	3363	11.97
282	3387	12.01
283	3398	12.01
284	3423	12.05
285	3414	11.98
286	3440	12.03
287	6662	23.21
288	3518	12.22
289	3566	12.34
290	3508	12.10
291	3510	12.06
292	3523	12.07
293	3543	12.09
294	3559	12.11
295	3563	12.08
296	6242	21.09
297	4298	14.47
298	3590	12.05
299	3612	12.08
300	5145	17.15
301	3620	12.03
302	3630	12.02
303	3647	12.04
304	3662	12.05
305	3680	12.07
306	3685	12.04
307	3704	12.07
308	3696	12.00
309	3726	12.06
310	3738	12.06
311	3745	12.04
312	3767	12.07
313	3876	12.38
314	5936	18.90
315	3969	12.60
316	3797	12.02
317	3810	12.02
318	3809	11.98
319	3832	12.01
320	3814	11.92
321	3845	11.98
322	3874	12.03
323	3876	12.00
324	3886	11.99
325	3891	11.97
326	3913	12.00
327	3935	12.03
328	3938	12.01
329	3953	12.02
330	3964	12.01
331	3975	12.01
332	4096	12.34
333	3997	12.00
334	3997	11.97
335	4027	12.02
336	4031	12.00
337	4037	11.98
338	4056	12.00
339	4087	12.06
340	4051	11.91
341	4101	12.03
342	4116	12.04
343	4110	11.98
344	4126	11.99
345	4147	12.02
346	4158	12.02
347	4155	11.97
348	4174	11.99
349	4189	12.00
350	4210	12.03
351	4214	12.01
352	4223	12.00
353	4243	12.02
354	4242	11.98
355	4258	11.99
356	4269	11.99
357	4279	11.99
358	4303	12.02
359	4324	12.04
360	5878	16.33
361	4336	12.01
362	4336	11.98
363	4366	12.03
364	4374	12.02
365	4372	11.98
366	6362	17.38
367	5365	14.62
368	4415	12.00
369	4420	11.98
370	4433	11.98
371	4467	12.04
372	4461	11.99
373	4479	12.01
374	4576	12.24
375	4543	12.11
376	4571	12.16
377	4542	12.05
378	7525	19.91
379	4553	12.01
380	4515	11.88
381	4579	12.02
382	4580	11.99
383	4596	12.00
384	4620	12.03
385	4621	12.00
386	4647	12.04
387	4653	12.02
388	4654	11.99
389	4672	12.01
390	4682	12.01
391	4699	12.02
392	4716	12.03
393	4723	12.02
394	4720	11.98
395	4733	11.98
396	4753	12.00
397	4763	12.00
398	4777	12.00
399	4777	11.97
400	4738	11.85
401	4774	11.91
402	4822	12.00
403	4837	12.00
404	4849	12.00
405	4859	12.00
406	4878	12.01
407	4888	12.01
408	4908	12.03
409	4898	11.98
410	5083	12.40
411	4929	11.99
412	4951	12.02
413	4955	12.00
414	4968	12.00
415	4990	12.02
416	4989	11.99
417	4998	11.99
418	5024	12.02
419	5035	12.02
420	4998	11.90
421	5071	12.05
422	5063	12.00
423	5068	11.98
424	5078	11.98
425	5104	12.01
426	5105	11.98
427	5129	12.01
428	5145	12.02
429	5139	11.98
430	5164	12.01
431	5165	11.98
432	6035	13.97
433	6439	14.87
434	5208	12.00
435	5238	12.04
436	5235	12.01
437	5263	12.04
438	5253	11.99
439	5258	11.98
440	5229	11.88
441	5284	11.98
442	5300	11.99
443	5311	11.99
444	5315	11.97
445	5329	11.98
446	5347	11.99
447	5354	11.98
448	5381	12.01
449	5391	12.01
450	5389	11.98
451	5413	12.00
452	5419	11.99
453	5443	12.02
454	5450	12.00
455	5459	12.00
456	5472	12.00
457	5492	12.02
458	5492	11.99
459	5512	12.01
460	5470	11.89
461	5521	11.98
462	5545	12.00
463	5571	12.03
464	5558	11.98
465	5570	11.98
466	5591	12.00
467	5594	11.98
468	5609	11.99
469	5618	11.98
470	5630	11.98
471	5651	12.00
472	5661	11.99
473	6390	13.51
474	5691	12.01
475	5699	12.00
476	5812	12.21
477	6596	13.83
478	5819	12.17
479	7381	15.41
480	5707	11.89
481	5776	12.01
482	5787	12.01
483	7945	16.45
484	5830	12.05
485	6586	13.58
486	5831	12.00
487	5847	12.01
488	5853	11.99
489	5864	11.99
490	5870	11.98
491	5893	12.00
492	5915	12.02
493	5917	12.00
494	5925	11.99
495	5935	11.99
496	5946	11.99
497	5978	12.03
498	5971	11.99
499	5985	11.99
500	5923	11.85
501	6929	13.83
502	6025	12.00
503	6037	12.00
504	6064	12.03
505	6137	12.15
506	6085	12.03
507	6077	11.99
508	6099	12.01
509	6119	12.02
510	6109	11.98
511	6134	12.00
512	6143	12.00
513	6163	12.01
514	6174	12.01
515	6179	12.00
516	6184	11.98
517	6223	12.04
518	6227	12.02
519	6227	12.00
520	6199	11.92
521	6235	11.97
522	6270	12.01
523	6292	12.03
524	6276	11.98
525	6304	12.01
526	6312	12.00
527	6318	11.99
528	6345	12.02
529	6352	12.01
530	6359	12.00
531	6374	12.00
532	8190	15.39
533	7302	13.70
534	7179	13.44
535	6589	12.32
536	6606	12.32
537	6593	12.28
538	6618	12.30
539	6630	12.30
540	6583	12.19
541	6656	12.30
542	6657	12.28
543	6680	12.30
544	6688	12.29
545	6702	12.30
546	6720	12.31
547	6719	12.28
548	6739	12.30
549	6740	12.28
550	6758	12.29
551	6791	12.32
552	6798	12.32
553	6797	12.29
554	6803	12.28
555	6822	12.29
556	6844	12.31
557	6839	12.28
558	6848	12.27
559	6865	12.28
560	10116	18.06
561	6896	12.29
562	6918	12.31
563	6925	12.30
564	6940	12.30
565	6957	12.31
566	6964	12.30
567	6974	12.30
568	6987	12.30
569	6989	12.28
570	7014	12.31
571	7016	12.29
572	7028	12.29
573	7052	12.31
574	7058	12.30
575	7056	12.27
576	7046	12.23
577	7092	12.29
578	7119	12.32
579	7123	12.30
580	7105	12.25
581	7145	12.30
582	7148	12.28
583	7178	12.31
584	7176	12.29
585	7267	12.42
586	7208	12.30
587	7218	12.30
588	7228	12.29
589	7236	12.29
590	7256	12.30
591	7282	12.32
592	8482	14.33
593	7297	12.31
594	7301	12.29
595	7312	12.29
596	7337	12.31
597	7337	12.29
598	7358	12.30
599	7393	12.34
600	7333	12.22
601	7395	12.30
602	7400	12.29
603	7408	12.29
604	7452	12.34
605	7446	12.31
606	7445	12.29
607	7471	12.31
608	7475	12.29
609	8517	13.99
610	7500	12.30
611	7502	12.28
612	7521	12.29
613	7526	12.28
614	8823	14.37
615	7564	12.30
616	7583	12.31
617	7595	12.31
618	7610	12.31
619	7605	12.29
620	7574	12.22
621	7641	12.30
622	7660	12.32
623	7662	12.30
624	7669	12.29
625	7532	12.05
626	7662	12.24
627	7692	12.27
628	7714	12.28
629	7721	12.28
630	7753	12.31
631	7762	12.30
632	7834	12.40
633	7794	12.31
634	7797	12.30
635	7822	12.32
636	7821	12.30
637	7852	12.33
638	7842	12.29
639	7841	12.27
640	7817	12.21
641	7872	12.28
642	7908	12.32
643	7913	12.31
644	7918	12.30
645	7926	12.29
646	7944	12.30
647	7971	12.32
648	7966	12.29
649	7971	12.28
650	7982	12.28
651	8009	12.30
652	8011	12.29
653	8025	12.29
654	8034	12.28
655	8075	12.33
656	8062	12.29
657	8055	12.26
658	8092	12.30
659	8353	12.68
660	8059	12.21
661	8137	12.31
662	8138	12.29
663	8146	12.29
664	8154	12.28
665	8193	12.32
666	8180	12.28
667	8201	12.30
668	8226	12.31
669	8204	12.26
670	8232	12.29
671	8266	12.32
672	8251	12.28
673	8287	12.31
674	8287	12.30
675	8285	12.27
676	8455	12.51
677	8921	13.18
678	11062	16.32
679	8353	12.30
680	9839	14.47
681	9635	14.15
682	8528	12.50
683	8843	12.95
684	9248	13.52
685	10773	15.73
686	8790	12.81
687	10696	15.57
688	10803	15.70
689	8531	12.38
690	8518	12.34
691	8575	12.41
692	8526	12.32
693	10561	15.24
694	8567	12.34
695	8553	12.31
696	8568	12.31
697	8583	12.31
698	8583	12.30
699	8599	12.30
700	8571	12.24
701	8643	12.33
702	8652	12.32
703	8681	12.35
704	8676	12.32
705	8670	12.30
706	8668	12.28
707	8707	12.32
708	8710	12.30
709	8723	12.30
710	8744	12.32
711	8731	12.28
712	8742	12.28
713	8762	12.29
714	8772	12.29
715	8795	12.30
716	8834	12.34
717	8830	12.32
718	8838	12.31
719	8855	12.32
720	8810	12.24
721	8864	12.29
722	8913	12.34
723	8898	12.31
724	8989	12.42
725	8921	12.30
726	8936	12.31
727	9276	12.76
728	8972	12.32
729	8966	12.30
730	8994	12.32
731	9003	12.32
732	9005	12.30
733	9016	12.30
734	9029	12.30
735	9043	12.30
736	9056	12.30
737	9083	12.32
738	9087	12.31
739	9094	12.31
740	9077	12.27
741	9251	12.48
742	9129	12.30
743	9141	12.30
744	9208	12.38
745	9166	12.30
746	9193	12.32
747	9184	12.29
748	9203	12.30
749	9224	12.32
750	9191	12.25
751	9238	12.30
752	9268	12.32
753	9276	12.32
754	9291	12.32
755	9307	12.33
756	9287	12.28
757	9313	12.30
758	9341	12.32
759	9354	12.32
760	9378	12.34
761	9376	12.32
762	9356	12.28
763	9460	12.40
764	9399	12.30
765	9423	12.32
766	9428	12.31
767	9462	12.34
768	9437	12.29
769	9448	12.29
770	9470	12.30
771	9483	12.30
772	9493	12.30
773	9533	12.33
774	9527	12.31
775	9526	12.29
776	9527	12.28
777	9541	12.28
778	9563	12.29
779	9665	12.41
780	9539	12.23
781	9579	12.27
782	10499	13.43
783	9626	12.29
784	9651	12.31
785	10833	13.80
786	9719	12.37
787	9721	12.35
788	9717	12.33
789	9702	12.30
790	9710	12.29
791	9724	12.29
792	9720	12.27
793	9752	12.30
794	9767	12.30
795	9782	12.30
796	9803	12.32
797	9805	12.30
798	9814	12.30
799	9815	12.28
800	9772	12.21
801	9795	12.23
802	9854	12.29
803	9892	12.32
804	9907	12.32
805	9903	12.30
806	9909	12.29
807	9942	12.32
808	9943	12.31
809	9960	12.31
810	9948	12.28
811	9990	12.32
812	9984	12.30
813	10005	12.31
814	10013	12.30
815	10026	12.30
816	10033	12.30
817	10054	12.31
818	10138	12.39
819	10069	12.29
820	10039	12.24
821	10088	12.29
822	10103	12.29
823	10116	12.29
824	10131	12.29
825	10129	12.28
826	10159	12.30
827	10178	12.31
828	10211	12.33
829	10194	12.30
830	10187	12.27
831	10232	12.31
832	10311	12.39
833	10248	12.30
834	10269	12.31
835	10275	12.31
836	10278	12.29
837	10285	12.29
838	10308	12.30
839	10328	12.31
840	10283	12.24
841	10330	12.28
842	10370	12.32
843	10360	12.29
844	10375	12.29
845	10400	12.31
846	10389	12.28
847	10415	12.30
848	10426	12.29
849	10454	12.31
850	10446	12.29
851	10466	12.30
852	10486	12.31
853	10516	12.33
854	10484	12.28
855	10519	12.30
856	10551	12.33
857	10542	12.30
858	10545	12.29
859	10572	12.31
860	10543	12.26
861	10589	12.30
862	10593	12.29
863	10604	12.29
864	10613	12.28
865	10662	12.33
866	10729	12.39
867	10654	12.29
868	11400	13.13
869	13963	16.07
870	10704	12.30
871	10706	12.29
872	11911	13.66
873	10721	12.28
874	10742	12.29
875	10747	12.28
876	10771	12.30
877	10785	12.30
878	10811	12.31
879	10793	12.28
880	10745	12.21
881	10841	12.31
882	10859	12.31
883	10865	12.30
884	10877	12.30
885	10894	12.31
886	10888	12.29
887	10904	12.29
888	10909	12.28
889	10933	12.30
890	10941	12.29
891	10941	12.28
892	10968	12.30
893	10972	12.29
894	11011	12.32
895	11009	12.30
896	11029	12.31
897	11054	12.32
898	11043	12.30
899	11044	12.28
900	11022	12.25
901	11083	12.30
902	11139	12.35
903	11093	12.28
904	11132	12.31
905	11121	12.29
906	11153	12.31
907	11164	12.31
908	11193	12.33
909	11166	12.28
910	11176	12.28
911	11223	12.32
912	11182	12.26
913	11215	12.28
914	11214	12.27
915	11329	12.38
916	11259	12.29
917	11280	12.30
918	11296	12.31
919	11284	12.28
920	11279	12.26
921	11309	12.28
922	11350	12.31
923	11331	12.28
924	11356	12.29
925	11354	12.27
926	11386	12.30
927	11159	12.04
928	11140	12.00
929	11155	12.01
930	11156	12.00
931	11227	12.06
932	11160	11.97
933	11187	11.99
934	11226	12.02
935	11187	11.96
936	11225	11.99
937	11242	12.00
938	11239	11.98
939	11259	11.99
940	11223	11.94
941	11280	11.99
942	11274	11.97
943	11311	11.99
944	11330	12.00
945	11318	11.98
946	11340	11.99
947	11365	12.00
948	11362	11.99
949	11436	12.05
950	11400	12.00
951	11415	12.00
952	11440	12.02
953	11399	11.96
954	13052	13.68
955	11472	12.01
956	11466	11.99
957	11479	11.99
958	11486	11.99
959	11507	12.00
960	11433	11.91
961	11531	12.00
962	11600	12.06
963	11543	11.99
964	11609	12.04
965	11567	11.99
966	11578	11.99
967	11585	11.98
968	11604	11.99
969	11619	11.99
970	11626	11.99
971	11644	11.99
972	11649	11.98
973	12505	12.85
974	11649	11.96
975	13998	14.36
976	12483	12.79
977	13520	13.84
978	12882	13.17
979	11812	12.07
980	11717	11.96
981	11748	11.98
982	11779	11.99
983	11780	11.98
984	11793	11.98
985	11821	12.00
986	11836	12.00
987	11825	11.98
988	11883	12.03
989	11843	11.97
990	11863	11.98
991	11899	12.01
992	11981	12.08
993	11920	12.00
994	12006	12.08
995	11942	12.00
996	11965	12.01
997	11938	11.97
998	11976	12.00
999	11975	11.99
1000	12659	12.66
1001	11989	11.98
1002	12948	12.92
1003	12025	11.99
1004	12038	11.99
1005	12053	11.99
1006	12050	11.98
1007	12056	11.97
1008	12075	11.98
1009	12157	12.05
1010	12102	11.98
1011	12135	12.00
1012	12120	11.98
1013	12147	11.99
1014	12170	12.00
1015	12150	11.97
1016	12191	12.00
1017	12180	11.98
1018	12186	11.97
1019	12211	11.98
1020	12177	11.94
1021	12306	12.05
1022	12236	11.97
1023	12312	12.04
1024	12280	11.99
1025	12232	11.93
1026	12294	11.98
1027	12322	12.00
1028	12325	11.99
1029	12344	12.00
1030	12336	11.98
1031	12363	11.99
1032	12390	12.01
1033	12378	11.98
1034	12396	11.99
1035	13297	12.85
1036	12409	11.98
1037	12433	11.99
1038	12456	12.00
1039	12458	11.99
1040	12399	11.92
1041	12463	11.97
1042	12504	12.00
1043	12508	11.99
1044	12531	12.00
1045	12526	11.99
1046	12536	11.98
1047	12555	11.99
1048	12562	11.99
1049	14139	13.48
1050	14436	13.75
1051	12610	12.00
1052	12608	11.98
1053	12617	11.98
1054	12640	11.99
1055	12671	12.01
1056	12662	11.99
1057	12665	11.98
1058	12677	11.98
1059	12721	12.01
1060	12628	11.91
1061	12709	11.98
1062	12728	11.98
1063	12738	11.98
1064	12763	12.00
1065	12783	12.00
1066	12775	11.98
1067	12779	11.98
1068	12801	11.99
1069	12825	12.00
1070	15726	14.70
1071	12837	11.99
1072	14958	13.95
1073	17007	15.85
1074	12886	12.00
1075	12878	11.98
1076	12893	11.98
1077	12898	11.98
1078	12923	11.99
1079	12996	12.04
1080	12888	11.93
1081	12966	11.99
1082	12950	11.97
1083	12968	11.97
1084	13002	11.99
1085	13004	11.99
1086	13037	12.00
1087	13028	11.99
1088	13060	12.00
1089	13045	11.98
1090	13147	12.06
1091	13089	12.00
1092	13097	11.99
1093	13181	12.06
1094	13110	11.98
1095	13126	11.99
1096	13141	11.99
1097	13161	12.00
1098	13170	11.99
1099	13179	11.99
1100	14009	12.74
1101	13224	12.01
1102	14056	12.75
1103	13227	11.99
1104	13303	12.05
1105	13252	11.99
1106	13256	11.99
1107	13277	11.99
1108	13284	11.99
1109	13285	11.98
1110	13307	11.99
1111	13312	11.98
1112	13338	11.99
1113	13337	11.98
1114	15190	13.64
1115	13351	11.97
1116	13365	11.98
1117	13391	11.99
1118	13408	11.99
1119	13409	11.98
1120	13362	11.93
1121	13436	11.99
1122	13471	12.01
1123	13460	11.99
1124	13474	11.99
1125	13473	11.98
1126	13487	11.98
1127	13513	11.99
1128	13502	11.97
1129	13537	11.99
1130	13564	12.00
1131	13552	11.98
1132	13574	11.99
1133	13571	11.98
1134	13591	11.99
1135	16024	14.12
1136	13628	12.00
1137	13621	11.98
1138	13644	11.99
1139	13655	11.99
1140	13612	11.94
1141	13720	12.02
1142	13695	11.99
1143	17660	15.45
1144	14736	12.88
1145	13702	11.97
1146	13766	12.01
1147	13750	11.99
1148	13766	11.99
1149	13782	11.99
1150	13774	11.98
1151	13879	12.06
1152	13811	11.99
1153	13836	12.00
1154	13846	12.00
1155	13836	11.98
1156	13893	12.02
1157	14609	12.63
1158	13900	12.00
1159	14800	12.77
1160	13828	11.92
1161	17267	14.87
1162	13934	11.99
1163	14005	12.04
1164	13939	11.98
1165	13951	11.98
1166	13964	11.98
1167	13987	11.99
1168	13983	11.97
1169	14084	12.05
1170	14000	11.97
1171	14023	11.98
1172	14048	11.99
1173	14056	11.98
1174	14061	11.98
1175	14073	11.98
1176	14132	12.02
1177	14083	11.97
1178	14105	11.97
1179	14109	11.97
1180	14056	11.91
1181	14135	11.97
1182	16087	13.61
1183	14194	12.00
1184	14181	11.98
1185	14208	11.99
1186	14214	11.98
1187	14218	11.98
1188	14247	11.99
1189	14240	11.98
1190	14288	12.01
1191	14263	11.98
1192	14275	11.98
1193	14282	11.97
1194	14312	11.99
1195	14322	11.98
1196	15881	13.28
1197	15199	12.70
1198	14361	11.99
1199	14372	11.99
1200	15903	13.25
1201	14350	11.95
1202	14389	11.97
1203	14439	12.00
1204	14423	11.98
1205	14433	11.98
1206	14544	12.06
1207	14472	11.99
1208	14463	11.97
1209	15304	12.66
1210	14507	11.99
1211	14534	12.00
1212	14543	12.00
1213	14544	11.99
1214	14557	11.99
1215	14570	11.99
1216	14580	11.99
1217	14579	11.98
1218	18327	15.05
1219	14612	11.99
1220	14561	11.94
1221	14633	11.98
1222	14658	12.00
1223	14642	11.97
1224	14660	11.98
1225	14739	12.03
1226	14689	11.98
1227	14710	11.99
1228	14714	11.98
1229	14732	11.99
1230	14820	12.05
1231	14740	11.97
1232	14755	11.98
1233	14775	11.98
1234	14782	11.98
1235	14804	11.99
1236	14789	11.97
1237	14878	12.03
1238	14836	11.98
1239	14833	11.97
1240	14805	11.94
1241	16433	13.24
1242	16553	13.33
1243	14907	11.99
1244	14918	11.99
1245	14913	11.98
1246	14908	11.96
1247	14908	11.96
1248	14931	11.96
1249	14973	11.99
1250	14711	11.77
1251	14948	11.95
1252	14973	11.96
1253	14999	11.97
1254	15006	11.97
1255	15010	11.96
1256	15056	11.99
1257	15053	11.98
1258	15904	12.64
1259	15099	11.99
1260	16677	13.24
1261	15101	11.98
1262	16152	12.80
1263	15120	11.97
1264	15167	12.00
1265	15230	12.04
1266	15161	11.98
1267	15172	11.97
1268	15183	11.97
1269	15209	11.99
1270	15203	11.97
1271	15214	11.97
1272	15241	11.98
1273	15249	11.98
1274	15269	11.99
1275	15275	11.98
1276	15289	11.98
1277	15345	12.02
1278	15290	11.96
1279	15316	11.97
1280	15284	11.94
1281	15393	12.02
1282	15370	11.99
1283	15423	12.02
1284	15366	11.97
1285	15408	11.99
1286	15412	11.98
1287	15440	12.00
1288	15423	11.97
1289	15436	11.98
1290	15461	11.99
1291	15457	11.97
1292	15490	11.99
1293	15505	11.99
1294	15496	11.98
1295	15577	12.03
1296	15553	12.00
1297	16415	12.66
1298	15568	11.99
1299	15562	11.98
1300	15520	11.94
1301	15565	11.96
1302	15587	11.97
1303	15610	11.98
1304	15617	11.98
1305	15641	11.99
1306	15742	12.05
1307	15654	11.98
1308	15666	11.98
1309	15689	11.99
1310	15693	11.98
1311	15704	11.98
1312	15711	11.97
1313	15732	11.98
1314	15724	11.97
1315	15759	11.98
1316	15762	11.98
1317	15789	11.99
1318	15789	11.98
1319	15784	11.97
1320	15762	11.94
1321	15824	11.98
1322	15900	12.03
1323	15847	11.98
1324	15861	11.98
1325	15890	11.99
1326	15867	11.97
1327	15907	11.99
1328	15910	11.98
1329	15989	12.03
1330	15953	11.99
1331	15939	11.98
1332	15942	11.97
1333	15954	11.97
1334	15981	11.98
1335	15993	11.98
1336	16002	11.98
1337	16024	11.99
1338	20128	15.04
1339	17061	12.74
1340	15984	11.93
1341	16053	11.97
1342	16064	11.97
1343	16081	11.97
1344	16164	12.03
1345	16119	11.98
1346	16117	11.97
1347	16129	11.97
1348	16154	11.98
1349	16127	11.95
1350	16242	12.03
1351	16181	11.98
1352	16179	11.97
1353	17775	13.14
1354	18402	13.59
1355	17433	12.87
1356	16238	11.97
1357	16241	11.97
1358	18305	13.48
1359	16281	11.98
1360	16985	12.49
1361	19475	14.31
1362	16311	11.98
1363	16343	11.99
1364	16333	11.97
1365	16340	11.97
1366	16355	11.97
1367	16376	11.98
1368	16371	11.97
1369	16394	11.98
1370	16416	11.98
1371	16423	11.98
1372	16435	11.98
1373	18531	13.50
1374	16468	11.99
1375	16456	11.97
1376	16518	12.00
1377	16477	11.97
1378	16496	11.97
1379	16523	11.98
1380	16474	11.94
1381	16539	11.98
1382	16600	12.01
1383	16568	11.98
1384	16565	11.97
1385	16594	11.98
1386	16639	12.01
1387	16696	12.04
1388	16626	11.98
1389	16632	11.97
1390	16666	11.99
1391	16655	11.97
1392	16683	11.98
1393	16711	12.00
1394	16696	11.98
1395	16720	11.99
1396	16750	12.00
1397	17593	12.59
1398	16749	11.98
1399	16787	12.00
1400	17448	12.46
1401	16773	11.97
1402	16792	11.98
1403	16812	11.98
1404	16830	11.99
1405	16832	11.98
1406	16834	11.97
1407	16869	11.99
1408	16857	11.97
1409	16869	11.97
1410	17620	12.50
1411	16885	11.97
1412	16907	11.97
1413	16907	11.97
1414	16949	11.99
1415	16935	11.97
1416	16955	11.97
1417	16947	11.96
1418	16972	11.97
1419	17058	12.02
1420	16948	11.94
1421	17017	11.98
1422	18841	13.25
1423	17048	11.98
1424	17041	11.97
1425	17038	11.96
1426	17076	11.97
1427	17119	12.00
1428	17100	11.97
1429	17113	11.98
1430	17121	11.97
1431	17157	11.99
1432	17168	11.99
1433	17169	11.98
1434	17169	11.97
1435	18666	13.01
1436	18054	12.57
1437	17220	11.98
1438	17207	11.97
1439	17247	11.99
1440	17241	11.97
1441	19051	13.22
1442	17295	11.99
1443	19397	13.44
1444	17291	11.97
1445	17359	12.01
1446	17330	11.98
1447	17342	11.98
1448	17325	11.96
1449	17378	11.99
1450	17378	11.98
1451	17389	11.98
1452	17418	12.00
1453	17395	11.97
1454	17410	11.97
1455	17496	12.02
1456	17442	11.98
1457	17478	12.00
1458	17475	11.99
1459	19614	13.44
1460	18234	12.49
1461	17475	11.96
1462	17513	11.98
1463	17512	11.97
1464	18284	12.49
1465	17611	12.02
1466	17561	11.98
1467	17561	11.97
1468	17566	11.97
1469	17607	11.99
1470	17603	11.97
1471	17609	11.97
1472	17630	11.98
1473	17625	11.97
1474	18377	12.47
1475	17741	12.03
1476	17682	11.98
1477	17688	11.98
1478	17694	11.97
1479	17711	11.97
1480	17644	11.92
1481	17736	11.98
1482	17736	11.97
1483	17772	11.98
1484	17753	11.96
1485	17799	11.99
1486	17791	11.97
1487	17785	11.96
1488	17800	11.96
1489	17822	11.97
1490	19295	12.95
1491	17851	11.97
1492	17879	11.98
1493	17856	11.96
1494	17885	11.97
1495	17902	11.97
1496	17908	11.97
1497	17920	11.97
1498	17933	11.97
1499	21778	14.53
1500	18836	12.56
1501	18091	12.05
1502	18126	12.07
1503	18147	12.07
1504	18148	12.07
1505	18166	12.07
1506	18179	12.07
1507	18195	12.07
1508	18179	12.06
1509	18528	12.28
1510	18060	11.96
1511	18127	12.00
1512	18114	11.98
1513	18114	11.97
1514	18193	12.02
1515	18127	11.97
1516	18169	11.98
1517	18142	11.96
1518	18172	11.97
1519	18179	11.97
1520	18154	11.94
1521	18206	11.97
1522	18260	12.00
1523	18229	11.97
1524	18333	12.03
1525	18254	11.97
1526	20480	13.42
1527	18293	11.98
1528	18276	11.96
1529	18384	12.02
1530	18320	11.97
1531	18340	11.98
1532	18351	11.98
1533	20667	13.48
1534	19130	12.47
1535	18369	11.97
1536	18377	11.96
1537	18388	11.96
1538	21581	14.03
1539	18429	11.97
1540	19354	12.57
1541	18476	11.99
1542	18452	11.97
1543	18517	12.00
1544	18466	11.96
1545	18521	11.99
1546	18522	11.98
1547	18523	11.97
1548	18535	11.97
1549	18520	11.96
1550	18554	11.97
1551	18559	11.97
1552	18579	11.97
1553	18698	12.04
1554	18589	11.96
1555	18602	11.96
1556	18609	11.96
1557	21531	13.83
1558	18642	11.97
1559	18667	11.97
1560	18618	11.93
1561	18689	11.97
1562	18760	12.01
1563	18700	11.96
1564	18736	11.98
1565	18704	11.95
1566	18768	11.98
1567	19734	12.59
1568	18753	11.96
1569	19651	12.52
1570	18794	11.97
1571	18815	11.98
1572	18827	11.98
1573	18831	11.97
1574	18819	11.96
1575	18868	11.98
1576	18851	11.96
1577	18881	11.97
1578	19717	12.49
1579	18883	11.96
1580	18838	11.92
1581	18902	11.96
1582	18924	11.96
1583	18949	11.97
1584	18970	11.98
1585	18976	11.97
1586	18980	11.97
1587	19017	11.98
1588	19022	11.98
1589	19041	11.98
1590	19012	11.96
1591	19113	12.01
1592	19040	11.96
1593	19064	11.97
1594	19082	11.97
1595	19088	11.97
1596	19064	11.94
1597	19091	11.95
1598	19117	11.96
1599	19117	11.96
1600	19940	12.46
1601	19122	11.94
1602	19202	11.99
1603	19191	11.97
1604	19187	11.96
1605	19185	11.95
1606	19245	11.98
1607	19242	11.97
1608	19237	11.96
1609	19251	11.96
1610	21001	13.04
1611	19299	11.98
1612	19310	11.98
1613	19329	11.98
1614	19334	11.98
1615	19331	11.97
1616	19354	11.98
1617	19361	11.97
1618	19381	11.98
1619	19394	11.98
1620	19335	11.94
1621	19399	11.97
1622	19422	11.97
1623	19429	11.97
1624	19458	11.98
1625	19374	11.92
1626	19454	11.96
1627	19469	11.97
1628	19533	12.00
1629	19514	11.98
1630	19518	11.97
1631	20328	12.46
1632	21186	12.98
1633	19573	11.99
1634	19570	11.98
1635	19590	11.98
1636	19581	11.97
1637	19646	12.00
1638	19623	11.98
1639	19625	11.97
1640	19586	11.94
1641	19623	11.96
1642	19655	11.97
1643	19671	11.97
1644	19677	11.97
1645	19693	11.97
1646	19694	11.96
1647	19738	11.98
1648	19722	11.97
1649	21021	12.75
1650	20730	12.56
1651	19766	11.97
1652	19773	11.97
1653	19803	11.98
1654	19798	11.97
1655	19849	11.99
1656	19812	11.96
1657	19804	11.95
1658	19845	11.97
1659	19865	11.97
1660	20815	12.54
1661	19864	11.96
1662	19870	11.96
1663	19925	11.98
1664	19907	11.96
1665	22613	13.58
1666	19942	11.97
1667	19934	11.96
1668	19964	11.97
1669	20836	12.48
1670	19973	11.96
1671	19982	11.96
1672	20006	11.97
1673	20076	12.00
1674	20035	11.97
1675	20060	11.98
1676	20050	11.96
1677	20084	11.98
1678	20065	11.96
1679	20086	11.96
1680	20072	11.95
1681	20093	11.95
1682	20150	11.98
1683	20144	11.97
1684	20138	11.96
1685	20969	12.44
1686	20245	12.01
1687	20165	11.95
1688	20188	11.96
1689	20231	11.98
1690	20221	11.97
1691	20217	11.96
1692	20247	11.97
1693	20250	11.96
1694	20286	11.98
1695	20277	11.96
1696	20285	11.96
1697	20294	11.96
1698	20337	11.98
1699	20328	11.96
1700	20375	11.99
1701	20346	11.96
1702	20371	11.97
1703	20357	11.95
1704	20396	11.97
1705	21091	12.37
1706	20419	11.97
1707	20428	11.97
1708	20502	12.00
1709	20447	11.96
1710	20468	11.97
1711	20472	11.96
1712	20502	11.98
1713	20502	11.97
1714	20488	11.95
1715	20524	11.97
1716	20519	11.96
1717	20586	11.99
1718	20569	11.97
1719	22200	12.91
1720	20531	11.94
1721	20581	11.96
1722	20592	11.96
1723	20632	11.97
1724	20619	11.96
1725	20644	11.97
1726	20649	11.96
1727	20675	11.97
1728	20677	11.97
1729	20675	11.96
1730	23832	13.78
1731	20716	11.97
1732	20726	11.97
1733	20749	11.97
1734	20755	11.97
1735	20773	11.97
1736	21642	12.47
1737	20845	12.00
1738	20894	12.02
1739	22821	13.12
1740	24843	14.28
1741	25186	14.47
1742	23404	13.44
1743	20919	12.00
1744	21682	12.43
1745	20903	11.98
1746	20915	11.98
1747	24105	13.80
1748	20930	11.97
1749	20923	11.96
1750	20950	11.97
1751	20972	11.98
1752	24597	14.04
1753	20967	11.96
1754	21014	11.98
1755	20996	11.96
1756	21021	11.97
1757	21016	11.96
1758	21050	11.97
1759	21060	11.97
1760	21024	11.95
1761	21081	11.97
1762	21086	11.97
1763	21091	11.96
1764	21102	11.96
1765	21147	11.98
1766	21119	11.96
1767	21125	11.96
1768	21160	11.97
1769	21181	11.97
1770	21175	11.96
1771	22002	12.42
1772	21229	11.98
1773	21235	11.98
1774	21198	11.95
1775	21230	11.96
1776	21253	11.97
1777	21275	11.97
1778	21285	11.97
1779	21298	11.97
1780	21362	12.00
1781	21324	11.97
1782	21337	11.97
1783	21337	11.97
1784	21360	11.97
1785	21387	11.98
1786	21368	11.96
1787	21378	11.96
1788	21483	12.02
1789	21409	11.97
1790	21433	11.97
1791	21449	11.98
1792	21478	11.99
1793	21494	11.99
1794	22488	12.54
1795	22007	12.26
1796	22012	12.26
1797	22029	12.26
1798	22059	12.27
1799	22051	12.26
1800	22065	12.26
1801	22096	12.27
1802	22086	12.26
1803	22089	12.25
1804	22184	12.30
1805	22146	12.27
1806	22144	12.26
1807	22181	12.28
1808	22177	12.27
1809	22188	12.27
1810	22212	12.27
1811	22210	12.26
1812	22221	12.26
1813	22331	12.32
1814	22266	12.27
1815	22244	12.26
1816	22255	12.25
1817	22362	12.31
1818	22291	12.26
1819	22335	12.28
1820	22277	12.24
1821	22313	12.25
1822	22322	12.25
1823	22376	12.27
1824	22401	12.28
1825	22327	12.23
1826	22378	12.26
1827	22399	12.26
1828	22423	12.27
1829	22437	12.27
1830	22449	12.27
1831	22450	12.26
1832	22506	12.28
1833	22506	12.28
1834	22501	12.27
1835	22505	12.26
1836	22525	12.27
1837	22642	12.33
1838	22588	12.29
1839	22552	12.26
1840	22529	12.24
1841	22682	12.32
1842	22597	12.27
1843	22657	12.29
1844	22652	12.28
1845	22685	12.30
1846	22670	12.28
1847	22676	12.28
1848	22672	12.27
1849	22698	12.28
1850	22742	12.29
1851	22703	12.27
1852	22728	12.27
1853	22737	12.27
1854	22752	12.27
1855	22777	12.28
1856	22770	12.27
1857	22862	12.31
1858	22840	12.29
1859	22806	12.27
1860	22814	12.27
1861	22829	12.27
1862	22869	12.28
1863	22824	12.25
1864	22855	12.26
1865	22903	12.28
1866	22915	12.28
1867	22911	12.27
1868	22934	12.28
1869	22957	12.28
1870	22919	12.26
1871	22978	12.28
1872	22973	12.27
1873	22969	12.26
1874	22437	11.97
1875	22318	11.90
1876	22442	11.96
1877	22472	11.97
1878	22469	11.96
1879	22511	11.98
1880	22507	11.97
1881	22525	11.98
1882	22535	11.97
1883	22565	11.98
1884	23412	12.43
1885	22561	11.97
1886	22584	11.97
1887	22584	11.97
1888	22663	12.00
1889	22626	11.98
1890	22625	11.97
1891	22639	11.97
1892	22647	11.97
1893	22666	11.97
1894	22670	11.97
1895	22690	11.97
1896	22715	11.98
1897	22707	11.97
1898	22724	11.97
1899	22755	11.98
1900	23495	12.37
1901	22726	11.95
1902	22734	11.95
1903	22763	11.96
1904	22841	12.00
1905	22816	11.98
1906	22811	11.97
1907	22817	11.96
1908	22927	12.02
1909	22830	11.96
1910	22852	11.96
1911	22865	11.96
1912	22899	11.98
1913	22881	11.96
1914	24808	12.96
1915	22922	11.97
1916	22919	11.96
1917	22969	11.98
1918	22943	11.96
1919	22963	11.97
1920	22935	11.95
1921	23002	11.97
1922	23021	11.98
1923	24694	12.84
1924	23041	11.98
1925	23037	11.97
1926	24625	12.79
1927	23892	12.40
1928	23075	11.97
1929	23083	11.97
1930	23103	11.97
1931	23234	12.03
1932	24129	12.49
1933	23135	11.97
1934	23131	11.96
1935	23184	11.98
1936	25569	13.21
1937	25016	12.91
1938	24549	12.67
1939	26267	13.55
1940	24881	12.83
1941	27391	14.11
1942	23265	11.98
1943	23232	11.96
1944	23242	11.96
1945	24198	12.44
1946	25469	13.09
1947	23393	12.01
1948	23433	12.03
1949	23400	12.01
1950	26697	13.69
1951	23909	12.25
1952	24033	12.31
1953	24035	12.31
1954	24687	12.63
1955	24922	12.75
1956	26448	13.52
1957	27676	14.14
1958	27557	14.07
1959	27546	14.06
1960	27663	14.11
1961	28374	14.47
1962	28392	14.47
1963	28377	14.46
1964	28414	14.47
1965	28472	14.49
1966	29594	15.05
1967	29374	14.93
1968	29375	14.93
1969	29386	14.92
1970	29393	14.92
1971	29535	14.98
1972	30511	15.47
1973	30355	15.39
1974	30348	15.37
1975	30389	15.39
1976	30399	15.38
1977	31910	16.14
1978	31436	15.89
1979	31416	15.87
1980	31392	15.85
1981	33098	16.71
1982	32501	16.40
1983	32577	16.43
1984	32526	16.39
1985	32595	16.42
1986	32587	16.41
1987	32590	16.40
1988	32623	16.41
1989	32640	16.41
1990	32660	16.41
1991	32700	16.42
1992	32710	16.42
1993	32693	16.40
1994	32780	16.44
1995	32774	16.43
1996	32773	16.42
1997	32759	16.40
1998	32777	16.40
1999	32801	16.41
2000	32173	16.09
2001	32665	16.32
2002	32736	16.35
2003	32762	16.36
2004	32761	16.35
2005	32817	16.37
2006	31430	15.67
2007	31109	15.50
2008	29870	14.88
2009	29883	14.87
2010	30279	15.06
2011	29158	14.50
2012	29077	14.45
2013	29466	14.64
2014	28257	14.03
2015	28275	14.03
2016	28234	14.00
2017	28251	14.01
2018	28306	14.03
2019	28374	14.05
2020	28120	13.92
2021	27532	13.62
2022	27562	13.63
2023	27683	13.68
2024	26501	13.09
2025	25538	12.61
2026	24614	12.15
2027	24302	11.99
2028	24914	12.29
2029	24328	11.99
2030	26425	13.02
2031	25260	12.44
2032	24325	11.97
2033	24330	11.97
2034	24375	11.98
2035	24368	11.97
2036	24385	11.98
2037	24368	11.96
2038	24500	12.02
2039	24421	11.98
2040	25088	12.30
2041	24405	11.96
2042	24463	11.98
2043	26163	12.81
2044	24510	11.99
2045	28314	13.85
2046	30104	14.71
2047	30504	14.90
2048	27902	13.62
2049	27262	13.31
2050	27434	13.38
2051	27190	13.26
2052	26346	12.84
2053	24649	12.01
2054	24607	11.98
2055	24615	11.98
2056	24646	11.99
2057	24665	11.99
2058	24700	12.00
2059	24703	12.00
2060	24663	11.97
2061	24703	11.99
2062	24761	12.01
2063	24753	12.00
2064	24805	12.02
2065	24741	11.98
2066	24898	12.05
2067	24830	12.01
2068	24762	11.97
2069	24852	12.01
2070	24823	11.99
2071	24833	11.99
2072	27469	13.26
2073	24881	12.00
2074	24918	12.01
2075	24921	12.01
2076	24925	12.01
2077	24938	12.01
2078	25680	12.36
2079	25096	12.07
2080	24931	11.99
2081	24968	12.00
2082	24999	12.01
2083	24985	11.99
2084	28349	13.60
2085	25050	12.01
2086	25018	11.99
2087	25111	12.03
2088	25046	12.00
2089	25111	12.02
2090	25102	12.01
2091	25121	12.01
2092	25124	12.01
2093	25112	12.00
2094	25154	12.01
2095	25175	12.02
2096	25157	12.00
2097	25186	12.01
2098	25209	12.02
2099	25217	12.01
2100	25178	11.99
2101	25210	12.00
2102	25231	12.00
2103	25218	11.99
2104	25281	12.02
2105	25319	12.03
2106	25273	12.00
2107	25270	11.99
2108	25312	12.01
2109	25305	12.00
2110	25316	12.00
2111	25352	12.01
2112	25353	12.00
2113	25367	12.01
2114	25481	12.05
2115	25395	12.01
2116	26227	12.39
2117	25474	12.03
2118	25448	12.02
2119	25437	12.00
2120	25418	11.99
2121	25474	12.01
2122	25469	12.00
2123	27193	12.81
2124	27092	12.76
2125	25483	11.99
2126	25512	12.00
2127	25538	12.01
2128	25501	11.98
2129	25552	12.00
2130	25605	12.02
2131	25600	12.01
2132	25636	12.02
2133	27750	13.01
2134	25741	12.06
2135	25628	12.00
2136	25661	12.01
2137	25671	12.01
2138	25687	12.01
2139	25716	12.02
2140	25656	11.99
2141	25729	12.02
2142	25723	12.01
2143	25718	12.00
2144	25724	12.00
2145	26954	12.57
2146	25766	12.01
2147	25758	12.00
2148	25898	12.06
2149	25816	12.01
2150	25829	12.01
2151	25833	12.01
2152	25833	12.00
2153	25820	11.99
2154	25878	12.01
2155	25858	12.00
2156	25872	12.00
2157	25877	12.00
2158	25884	11.99
2159	25919	12.01
2160	26664	12.34
2161	26014	12.04
2162	25960	12.01
2163	25991	12.02
2164	25992	12.01
2165	25990	12.00
2166	26010	12.01
2167	26030	12.01
2168	26014	12.00
2169	26048	12.01
2170	26071	12.01
2171	26074	12.01
2172	26070	12.00
2173	26130	12.02
2174	26100	12.01
2175	26110	12.00
2176	26078	11.98
2177	26141	12.01
2178	26148	12.01
2179	26157	12.00
2180	26126	11.98
2181	26176	12.00
2182	26194	12.00
2183	26204	12.00
2184	26208	12.00
2185	26260	12.02
2186	28178	12.89
2187	26241	12.00
2188	26276	12.01
2189	26351	12.04
2190	26301	12.01
2191	26313	12.01
2192	26318	12.01
2193	26347	12.01
2194	26362	12.02
2195	26475	12.06
2196	26377	12.01
2197	26373	12.00
2198	26402	12.01
2199	26448	12.03
2200	27212	12.37
2201	26442	12.01
2202	26544	12.05
2203	26420	11.99
2204	26431	11.99
2205	26500	12.02
2206	26460	11.99
2207	26490	12.00
2208	26639	12.06
2209	26529	12.01
2210	26542	12.01
2211	26567	12.02
2212	26553	12.00
2213	26601	12.02
2214	26582	12.01
2215	26661	12.04
2216	26594	12.00
2217	26598	12.00
2218	26619	12.00
2219	26615	11.99
2220	26586	11.98
2221	26800	12.07
2222	29026	13.06
2223	26676	12.00
2224	26744	12.03
2225	26632	11.97
2226	26702	12.00
2227	26753	12.01
2228	26842	12.05
2229	26756	12.00
2230	26765	12.00
2231	26778	12.00
2232	26810	12.01
2233	29129	13.04
2234	26940	12.06
2235	30196	13.51
2236	30068	13.45
2237	26798	11.98
2238	26798	11.97
2239	26793	11.97
2240	26774	11.95
2241	26819	11.97
2242	26825	11.96
2243	26849	11.97
2244	28417	12.66
2245	26875	11.97
2246	26893	11.97
2247	26884	11.96
2248	26889	11.96
2249	26921	11.97
2250	26872	11.94
2251	26918	11.96
2252	28622	12.71
2253	26967	11.97
2254	26974	11.97
2255	26987	11.97
2256	26989	11.96
2257	27007	11.97
2258	27018	11.97
2259	27813	12.31
2260	27008	11.95
2261	29294	12.96
2262	27044	11.96
2263	27046	11.95
2264	27076	11.96
2265	27121	11.97
2266	27083	11.95
2267	27847	12.28
2268	27146	11.97
2269	27162	11.97
2270	27175	11.97
2271	27168	11.96
2272	27179	11.96
2273	27360	12.04
2274	27216	11.97
2275	27280	11.99
2276	27257	11.98
2277	27240	11.96
2278	28123	12.35
2279	27301	11.98
2280	27250	11.95
2281	27374	12.00
2282	27299	11.96
2283	27345	11.98
2284	27344	11.97
2285	27359	11.97
2286	27475	12.02
2287	29288	12.81
2288	27407	11.98
2289	27438	11.99
2290	27445	11.98
2291	27436	11.98
2292	27550	12.02
2293	27473	11.98
2294	27456	11.97
2295	27492	11.98
2296	27507	11.98
2297	27513	11.98
2298	27530	11.98
2299	27521	11.97
2300	29064	12.64
2301	27540	11.97
2302	27538	11.96
2303	27586	11.98
2304	27554	11.96
2305	27707	12.02
2306	27573	11.96
2307	27591	11.96
2308	27628	11.97
2309	27669	11.98
2310	27650	11.97
2311	27685	11.98
2312	27692	11.98
2313	27663	11.96
2314	27697	11.97
2315	27694	11.96
2316	27754	11.98
2317	27776	11.99
2318	27769	11.98
2319	28637	12.35
2320	28573	12.32
2321	27767	11.96
2322	29304	12.62
2323	27825	11.98
2324	27826	11.97
2325	27819	11.97
2326	27841	11.97
2327	27857	11.97
2328	29475	12.66
2329	30606	13.14
2330	44551	19.12
2331	39758	17.06
2332	49961	21.42
2333	42880	18.38
2334	41138	17.63
2335	34843	14.92
2336	34892	14.94
2337	33908	14.51
2338	31131	13.32
2339	31179	13.33
2340	31083	13.28
2341	29173	12.46
2342	28097	12.00
2343	28079	11.98
2344	28141	12.01
2345	28202	12.03
2346	28184	12.01
2347	28162	12.00
2348	28173	12.00
2349	28191	12.00
2350	28241	12.02
2351	28155	11.98
2352	28264	12.02
2353	28235	12.00
2354	28266	12.01
2355	29151	12.38
2356	28273	12.00
2357	28292	12.00
2358	28270	11.99
2359	28318	12.00
2360	28327	12.00
2361	28362	12.01
2362	28374	12.01
2363	28446	12.04
2364	28363	12.00
2365	28393	12.01
2366	28407	12.01
2367	28459	12.02
2368	28422	12.00
2369	28429	12.00
2370	28460	12.01
2371	28544	12.04
2372	28467	12.00
2373	28459	11.99
2374	28551	12.03
2375	28466	11.99
2376	28502	12.00
2377	28590	12.03
2378	29277	12.31
2379	28531	11.99
2380	28500	11.97
2381	28587	12.01
2382	28584	12.00
2383	28622	12.01
2384	28610	12.00
2385	28610	12.00
2386	28645	12.01
2387	28633	12.00
2388	28658	12.00
2389	28718	12.02
2390	28677	12.00
2391	28680	11.99
2392	28708	12.00
2393	31274	13.07
2394	28649	11.97
2395	28627	11.95
2396	28656	11.96
2397	28638	11.95
2398	28698	11.97
2399	28665	11.95
2400	29465	12.28
2401	28732	11.97
2402	28686	11.94
2403	28744	11.96
2404	28724	11.95
2405	28801	11.98
2406	28716	11.94
2407	28767	11.95
2408	28777	11.95
2409	28783	11.95
2410	28768	11.94
2411	28839	11.96
2412	28802	11.94
2413	28843	11.95
2414	28867	11.96
2415	28893	11.96
2416	28874	11.95
2417	28877	11.95
2418	28974	11.98
2419	29623	12.25
2420	28903	11.94
2421	33680	13.91
2422	28961	11.96
2423	28988	11.96
2424	28993	11.96
2425	29996	12.37
2426	29060	11.98
2427	31958	13.17
2428	31257	12.87
2429	29066	11.97
2430	29116	11.98
2431	29075	11.96
2432	29138	11.98
2433	29136	11.98
2434	29141	11.97
2435	29870	12.27
2436	29248	12.01
2437	29195	11.98
2438	30136	12.36
2439	29918	12.27
2440	29129	11.94
2441	29196	11.96
2442	29353	12.02
2443	29222	11.96
2444	29299	11.99
2445	30011	12.27
2446	29249	11.96
2447	29248	11.95
2448	29284	11.96
2449	29272	11.95
2450	29283	11.95
2451	30138	12.30
2452	29325	11.96
2453	29346	11.96
2454	29337	11.95
2455	29406	11.98
2456	29357	11.95
2457	29414	11.97
2458	29398	11.96
2459	29401	11.96
2460	29462	11.98
2461	29420	11.95
2462	29437	11.96
2463	29438	11.95
2464	29476	11.96
2465	29465	11.95
2466	29494	11.96
2467	29494	11.96
2468	29475	11.94
2469	30286	12.27
2470	29536	11.96
2471	29523	11.95
2472	29563	11.96
2473	29519	11.94
2474	29604	11.97
2475	29583	11.95
2476	29606	11.96
2477	29603	11.95
2478	29716	11.99
2479	29617	11.95
2480	29585	11.93
2481	29684	11.96
2482	29693	11.96
2483	29708	11.96
2484	29833	12.01
2485	29703	11.95
2486	29699	11.95
2487	29766	11.97
2488	29745	11.96
2489	29717	11.94
2490	29909	12.01
2491	29791	11.96
2492	29833	11.97
2493	29814	11.96
2494	29797	11.95
2495	29801	11.94
2496	29932	11.99
2497	29806	11.94
2498	29835	11.94
2499	29856	11.95
2500	29984	11.99
2501	30683	12.27
2502	29976	11.98
2503	29897	11.94
2504	29900	11.94
2505	29916	11.94
2506	30811	12.29
2507	30068	11.99
2508	30014	11.97
2509	30002	11.96
2510	29991	11.95
2511	30009	11.95
2512	30016	11.95
2513	30136	11.99
2514	30062	11.96
2515	30037	11.94
2516	30049	11.94
2517	30091	11.96
2518	30114	11.96
2519	30216	12.00
2520	32534	12.91
2521	30099	11.94
2522	30167	11.96
2523	30133	11.94
2524	30166	11.95
2525	31804	12.60
2526	32896	13.02
2527	30224	11.96
2528	30272	11.97
2529	30282	11.97
2530	30303	11.98
2531	30353	11.99
2532	30273	11.96
2533	30359	11.99
2534	31343	12.37
2535	30336	11.97
2536	31474	12.41
2537	30394	11.98
2538	31966	12.59
2539	30346	11.95
2540	30334	11.94
2541	30391	11.96
2542	30431	11.97
2543	30440	11.97
2544	30468	11.98
2545	31123	12.23
2546	30428	11.95
2547	30480	11.97
2548	30510	11.97
2549	31306	12.28
2550	30544	11.98
2551	30525	11.97
2552	30518	11.96
2553	30538	11.96
2554	30575	11.97
2555	33921	13.28
2556	30581	11.96
2557	30618	11.97
2558	30555	11.94
2559	30663	11.98
2560	31675	12.37
2561	30635	11.96
2562	30658	11.97
2563	30665	11.96
2564	30701	11.97
2565	30784	12.00
2566	31442	12.25
2567	31558	12.29
2568	30717	11.96
2569	30730	11.96
2570	30737	11.96
2571	30805	11.98
2572	30774	11.97
2573	30783	11.96
2574	30774	11.96
2575	30856	11.98
2576	30754	11.94
2577	30845	11.97
2578	30855	11.97
2579	30852	11.96
2580	30816	11.94
2581	30868	11.96
2582	30925	11.98
2583	30893	11.96
2584	30941	11.97
2585	30936	11.97
2586	30888	11.94
2587	30970	11.97
2588	31080	12.01
2589	30958	11.96
2590	31000	11.97
2591	31001	11.96
2592	31011	11.96
2593	31048	11.97
2594	31021	11.96
2595	31100	11.98
2596	31043	11.96
2597	31095	11.97
2598	31062	11.96
2599	31108	11.97
2600	31897	12.27
2601	31122	11.97
2602	31131	11.96
2603	31155	11.97
2604	31137	11.96
2605	31219	11.98
2606	31206	11.97
2607	31202	11.97
2608	31213	11.97
2609	31222	11.97
2610	31254	11.97
2611	31317	11.99
2612	31256	11.97
2613	31289	11.97
2614	31350	11.99
2615	31270	11.96
2616	31320	11.97
2617	31407	12.00
2618	31316	11.96
2619	34701	13.25
2620	31343	11.96
2621	31332	11.95
2622	31451	12.00
2623	31399	11.97
2624	31427	11.98
2625	31359	11.95
2626	31433	11.97
2627	31443	11.97
2628	31490	11.98
2629	31448	11.96
2630	33827	12.86
2631	33603	12.77
2632	31490	11.96
2633	31598	12.00
2634	31527	11.97
2635	31546	11.97
2636	32377	12.28
2637	31549	11.96
2638	31566	11.97
2639	31608	11.98
2640	32397	12.27
2641	31615	11.97
2642	31682	11.99
2643	31665	11.98
2644	31651	11.97
2645	31634	11.96
2646	31660	11.97
2647	32415	12.25
2648	31668	11.96
2649	31720	11.97
2650	31736	11.98
2651	31784	11.99
2652	31714	11.96
2653	32525	12.26
2654	31746	11.96
2655	31879	12.01
2656	31788	11.97
2657	31798	11.97
2658	31815	11.97
2659	31799	11.96
2660	31776	11.95
2661	31856	11.97
2662	31812	11.95
2663	31901	11.98
2664	31904	11.98
2665	31899	11.97
2666	31966	11.99
2667	31897	11.96
2668	31912	11.96
2669	31951	11.97
2670	31926	11.96
2671	32003	11.98
2672	31958	11.96
2673	31990	11.97
2674	32011	11.97
2675	32004	11.96
2676	32029	11.97
2677	32034	11.97
2678	32118	11.99
2679	32093	11.98
2680	31999	11.94
2681	32085	11.97
2682	32086	11.96
2683	33402	12.45
2684	32154	11.98
2685	32198	11.99
2686	32243	12.00
2687	32194	11.98
2688	32166	11.97
2689	33152	12.33
2690	32232	11.98
2691	32222	11.97
2692	32247	11.98
2693	32282	11.99
2694	32330	12.00
2695	32311	11.99
2696	32344	12.00
2697	32372	12.00
2698	32365	12.00
2699	32385	12.00
2700	33133	12.27
2701	32362	11.98
2702	32368	11.98
2703	32374	11.98
2704	32456	12.00
2705	32519	12.02
2706	32401	11.97
2707	32476	12.00
2708	32450	11.98
2709	32484	11.99
2710	32519	12.00
2711	32427	11.96
2712	32443	11.96
2713	32510	11.98
2714	32522	11.98
2715	32534	11.98
2716	32558	11.99
2717	32593	12.00
2718	35833	13.18
2719	33498	12.32
2720	32535	11.96
2721	32704	12.02
2722	36358	13.36
2723	34533	12.68
2724	32665	11.99
2725	32683	11.99
2726	32710	12.00
2727	32695	11.99
2728	32685	11.98
2729	32753	12.00
2730	34511	12.64
2731	32706	11.98
2732	34822	12.75
2733	32733	11.98
2734	32758	11.98
2735	32790	11.99
2736	32785	11.98
2737	32779	11.98
2738	32843	12.00
2739	33526	12.24
2740	32748	11.95
2741	32819	11.97
2742	32863	11.99
2743	32833	11.97
2744	32868	11.98
2745	32902	11.99
2746	32905	11.98
2747	32938	11.99
2748	38928	14.17
2749	33087	12.04
2750	32878	11.96
2751	32934	11.97
2752	32996	11.99
2753	33074	12.01
2754	33038	12.00
2755	33007	11.98
2756	33079	12.00
2757	33009	11.97
2758	33266	12.06
2759	33095	12.00
2760	33030	11.97
2761	33069	11.98
2762	33089	11.98
2763	33163	12.00
2764	33116	11.98
2765	33124	11.98
2766	33138	11.98
2767	33115	11.97
2768	33191	11.99
2769	33411	12.07
2770	33295	12.02
2771	33255	12.00
2772	33253	12.00
2773	33288	12.00
2774	33248	11.99
2775	33295	12.00
2776	33273	11.99
2777	33316	12.00
2778	33327	12.00
2779	33422	12.03
2780	33350	12.00
2781	33372	12.00
2782	33429	12.02
2783	33366	11.99
2784	33410	12.00
2785	34213	12.28
2786	34316	12.32
2787	34186	12.27
2788	33516	12.02
2789	33619	12.05
2790	33528	12.02
2791	33548	12.02
2792	33460	11.98
2793	33437	11.97
2794	33481	11.98
2795	33592	12.02
2796	33686	12.05
2797	33615	12.02
2798	33522	11.98
2799	33563	11.99
2800	35736	12.76
2801	33568	11.98
2802	33555	11.98
2803	33565	11.97
2804	33600	11.98
2805	33630	11.99
2806	33659	12.00
2807	33590	11.97
2808	33613	11.97
2809	33627	11.97
2810	33632	11.97
2811	33714	11.99
2812	33705	11.99
2813	33667	11.97
2814	33751	11.99
2815	33735	11.98
2816	33680	11.96
2817	33724	11.97
2818	35369	12.55
2819	35872	12.73
2820	36623	12.99
2821	33927	12.03
2822	33911	12.02
2823	33823	11.98
2824	33865	11.99
2825	33845	11.98
2826	33870	11.99
2827	34690	12.27
2828	33894	11.99
2829	35771	12.64
2830	33918	11.99
2831	33908	11.98
2832	34005	12.01
2833	33974	11.99
2834	36324	12.82
2835	34069	12.02
2836	34941	12.32
2837	33988	11.98
2838	34057	12.00
2839	35647	12.56
2840	33969	11.96
2841	34017	11.97
2842	34024	11.97
2843	34125	12.00
2844	34071	11.98
2845	34143	12.00
2846	34116	11.99
2847	35221	12.37
2848	34147	11.99
2849	34146	11.99
2850	34181	11.99
2851	34146	11.98
2852	34124	11.96
2853	34145	11.97
2854	34288	12.01
2855	34252	12.00
2856	34228	11.98
2857	34264	11.99
2858	34428	12.05
2859	34283	11.99
2860	34183	11.95
2861	34235	11.97
2862	34275	11.98
2863	34359	12.00
2864	34304	11.98
2865	34296	11.97
2866	34312	11.97
2867	34347	11.98
2868	34303	11.96
2869	34469	12.01
2870	34402	11.99
2871	34387	11.98
2872	34412	11.98
2873	34458	11.99
2874	34506	12.01
2875	34422	11.97
2876	34433	11.97
2877	34476	11.98
2878	34450	11.97
2879	34511	11.99
2880	34462	11.97
2881	34479	11.97
2882	34982	12.14
2883	34512	11.97
2884	34566	11.99
2885	34612	12.00
2886	34565	11.98
2887	34601	11.99
2888	34562	11.97
2889	36320	12.57
2890	34700	12.01
2891	34608	11.97
2892	37454	12.95
2893	34812	12.03
2894	34732	12.00
2895	34728	12.00
2896	34834	12.03
2897	34965	12.07
2898	34807	12.01
2899	34740	11.98
2900	36174	12.47
2901	34732	11.97
2902	34808	11.99
2903	34746	11.97
2904	34799	11.98
2905	34772	11.97
2906	34822	11.98
2907	34912	12.01
2908	34806	11.97
2909	36709	12.62
2910	34903	11.99
2911	36666	12.60
2912	39199	13.46
2913	34900	11.98
2914	34910	11.98
2915	34943	11.99
2916	35759	12.26
2917	37469	12.85
2918	34933	11.97
2919	34943	11.97
2920	34870	11.94
2921	37299	12.77
2922	39685	13.58
2923	35078	12.00
2924	35024	11.98
2925	35016	11.97
2926	35045	11.98
2927	35066	11.98
2928	35062	11.97
2929	35905	12.26
2930	35139	11.99
2931	37810	12.90
2932	35173	12.00
2933	35149	11.98
2934	35159	11.98
2935	35135	11.97
2936	35221	12.00
2937	35257	12.00
2938	35203	11.98
2939	35182	11.97
2940	35202	11.97
2941	35181	11.96
2942	37060	12.60
2943	37698	12.81
2944	35261	11.98
2945	37969	12.89
2946	35302	11.98
2947	35342	11.99
2948	35308	11.98
2949	35312	11.97
2950	35332	11.98
2951	35323	11.97
2952	35412	12.00
2953	35348	11.97
2954	35388	11.98
2955	35438	11.99
2956	35401	11.98
2957	35544	12.02
2958	35418	11.97
2959	35478	11.99
2960	36126	12.20
2961	35459	11.98
2962	35522	11.99
2963	35460	11.97
2964	35547	11.99
2965	35513	11.98
2966	35522	11.98
2967	35600	12.00
2968	35521	11.97
2969	37122	12.50
2970	35567	11.98
2971	35600	11.98
2972	35678	12.00
2973	35623	11.98
2974	35606	11.97
2975	35601	11.97
2976	35586	11.96
2977	35747	12.01
2978	35652	11.97
2979	35699	11.98
2980	35689	11.98
2981	35656	11.96
2982	35752	11.99
2983	35730	11.98
2984	35726	11.97
2985	35763	11.98
2986	35765	11.98
2987	35764	11.97
2988	35784	11.98
2989	35806	11.98
2990	35819	11.98
2991	35780	11.96
2992	35882	11.99
2993	35854	11.98
2994	40211	13.43
2995	35860	11.97
2996	35864	11.97
2997	35960	12.00
2998	35889	11.97
2999	35917	11.98
3000	36316	12.11
3001	35972	11.99
3002	35959	11.98
3003	35962	11.98
3004	35986	11.98
3005	35985	11.98
3006	36052	11.99
3007	36020	11.98
3008	36015	11.97
3009	37610	12.50
3010	36107	12.00
3011	36106	11.99
3012	36041	11.97
3013	36092	11.98
3014	36102	11.98
3015	36108	11.98
3016	37822	12.54
3017	37789	12.53
3018	36122	11.97
3019	36127	11.97
3020	38594	12.78
3021	37902	12.55
3022	37210	12.31
3023	36212	11.98
3024	36224	11.98
3025	36172	11.96
3026	36235	11.97
3027	36255	11.98
3028	36289	11.98
3029	36307	11.99
3030	37263	12.30
3031	36302	11.98
3032	36357	11.99
3033	36343	11.98
3034	36346	11.98
3035	36348	11.98
3036	37162	12.24
3037	36436	12.00
3038	36387	11.98
3039	36432	11.99
3040	36454	11.99
3041	36446	11.98
3042	36447	11.98
3043	39905	13.11
3044	36441	11.97
3045	36474	11.98
3046	36462	11.97
3047	36542	11.99
3048	36560	11.99
3049	36495	11.97
3050	36538	11.98
3051	36549	11.98
3052	36551	11.98
3053	36557	11.97
3054	36620	11.99
3055	36631	11.99
3056	36587	11.97
3057	37352	12.22
3058	36631	11.98
3059	36640	11.98
3060	36667	11.98
3061	36676	11.98
3062	36706	11.99
3063	39122	12.77
3064	36676	11.97
3065	36767	12.00
3066	36705	11.97
3067	36743	11.98
3068	36735	11.97
3069	36745	11.97
3070	36740	11.97
3071	36784	11.98
3072	36788	11.98
3073	36844	11.99
3074	36845	11.99
3075	36832	11.98
3076	36851	11.98
3077	36839	11.97
3078	40034	13.01
3079	37048	12.03
3080	36862	11.97
3081	36906	11.98
3082	36896	11.97
3083	39241	12.73
3084	37032	12.01
3085	36976	11.99
3086	36961	11.98
3087	36956	11.97
3088	36996	11.98
3089	37048	11.99
3090	37006	11.98
3091	37024	11.98
3092	37013	11.97
3093	39064	12.63
3094	37056	11.98
3095	37091	11.98
3096	37083	11.98
3097	37089	11.98
3098	37071	11.97
3099	37102	11.97
3100	37810	12.20
3101	37132	11.97
3102	37136	11.97
3103	37149	11.97
3104	37163	11.97
3105	37192	11.98
3106	37175	11.97
3107	37193	11.97
3108	38839	12.50
3109	38052	12.24
3110	37245	11.98
3111	37240	11.97
3112	37332	12.00
3113	37271	11.97
3114	37302	11.98
3115	37269	11.96
3116	40496	13.00
3117	37329	11.98
3118	37335	11.97
3119	37358	11.98
3120	37332	11.97
3121	37348	11.97
3122	37445	11.99
3123	37396	11.97
3124	39047	12.50
3125	40914	13.09
3126	37497	12.00
3127	37400	11.96
3128	37398	11.96
3129	37413	11.96
3130	37476	11.97
3131	38430	12.27
3132	37450	11.96
3133	38312	12.23
3134	37495	11.96
3135	37522	11.97
3136	37639	12.00
3137	37570	11.98
3138	37602	11.98
3139	38469	12.26
3140	37513	11.95
3141	38780	12.35
3142	37594	11.96
3143	37683	11.99
3144	37579	11.95
3145	37741	12.00
3146	37677	11.98
3147	37679	11.97
3148	37694	11.97
3149	37694	11.97
3150	37706	11.97
3151	37713	11.97
3152	37745	11.97
3153	37774	11.98
3154	37758	11.97
3155	37856	12.00
3156	37818	11.98
3157	37778	11.97
3158	37853	11.99
3159	37882	11.99
3160	38506	12.19
3161	37879	11.98
3162	37832	11.96
3163	37842	11.96
3164	37950	11.99
3165	37947	11.99
3166	37902	11.97
3167	37909	11.97
3168	37929	11.97
3169	37987	11.99
3170	38020	11.99
3171	37965	11.97
3172	38005	11.98
3173	38044	11.99
3174	38010	11.98
3175	38003	11.97
3176	38043	11.98
3177	38095	11.99
3178	38110	11.99
3179	38093	11.98
3180	38003	11.95
3181	38106	11.98
3182	38113	11.98
3183	38197	12.00
3184	38120	11.97
3185	39680	12.46
3186	38174	11.98
3187	38255	12.00
3188	38169	11.97
3189	38206	11.98
3190	38206	11.98
3191	38237	11.98
3192	38272	11.99
3193	38259	11.98
3194	38241	11.97
3195	38264	11.98
3196	38272	11.97
3197	38346	11.99
3198	38294	11.97
3199	38326	11.98
3200	38226	11.95
3201	38326	11.97
3202	38319	11.97
3203	38349	11.97
3204	38392	11.98
3205	38401	11.98
3206	38503	12.01
3207	38428	11.98
3208	38386	11.97
3209	38485	11.99
3210	38450	11.98
3211	38445	11.97
3212	38500	11.99
3213	38532	11.99
3214	38432	11.96
3215	42196	13.12
3216	39269	12.21
3217	38498	11.97
3218	38548	11.98
3219	40777	12.67
3220	42453	13.18
3221	38561	11.97
3222	38608	11.98
3223	38608	11.98
3224	38673	12.00
3225	38623	11.98
3226	38653	11.98
3227	38689	11.99
3228	40786	12.64
3229	38723	11.99
3230	38646	11.96
3231	38670	11.97
3232	38701	11.97
3233	39608	12.25
3234	38758	11.98
3235	38795	11.99
3236	41393	12.79
3237	38760	11.97
3238	40648	12.55
3239	38807	11.98
3240	38778	11.97
3241	38792	11.97
3242	38912	12.00
3243	38843	11.98
3244	38834	11.97
3245	38858	11.97
3246	38894	11.98
3247	38983	12.01
3248	38901	11.98
3249	38945	11.99
3250	38843	11.95
3251	39006	12.00
3252	38970	11.98
3253	38958	11.98
3254	38986	11.98
3255	38948	11.97
3256	39029	11.99
3257	39040	11.99
3258	39010	11.97
3259	39020	11.97
3260	39039	11.98
3261	39003	11.96
3262	39044	11.97
3263	39082	11.98
3264	39078	11.97
3265	39204	12.01
3266	39092	11.97
3267	39119	11.97
3268	39101	11.96
3269	39176	11.98
3270	39262	12.01
3271	39142	11.97
3272	39156	11.97
3273	39189	11.97
3274	39268	11.99
3275	40076	12.24
3276	39206	11.97
3277	39276	11.99
3278	39261	11.98
3279	39340	12.00
3280	39262	11.97
3281	39314	11.98
3282	40293	12.28
3283	39404	12.00
3284	39306	11.97
3285	39376	11.99
3286	39348	11.97
3287	39345	11.97
3288	39333	11.96
3289	39377	11.97
3290	39363	11.96
3291	39419	11.98
3292	39484	11.99
3293	39379	11.96
3294	39399	11.96
3295	39446	11.97
3296	39404	11.96
3297	39523	11.99
3298	39466	11.97
3299	39451	11.96
3300	40440	12.25
3301	39553	11.98
3302	39499	11.96
3303	39553	11.97
3304	39524	11.96
3305	39557	11.97
3306	39656	12.00
3307	39597	11.97
3308	39635	11.98
3309	39588	11.96
3310	39656	11.98
3311	39652	11.98
3312	39627	11.96
3313	39660	11.97
3314	42171	12.73
3315	41153	12.41
3316	39708	11.97
3317	42166	12.71
3318	42117	12.69
3319	39756	11.98
3320	39675	11.95
3321	39737	11.97
3322	40502	12.19
3323	40602	12.22
3324	41640	12.53
3325	42539	12.79
3326	39754	11.95
3327	39812	11.97
3328	42657	12.82
3329	39903	11.99
3330	39857	11.97
3331	40644	12.20
3332	39957	11.99
3333	39916	11.98
3334	39930	11.98
3335	39978	11.99
3336	39969	11.98
3337	39934	11.97
3338	39972	11.97
3339	39975	11.97
3340	39907	11.95
3341	40090	12.00
3342	39977	11.96
3343	40048	11.98
3344	40058	11.98
3345	40178	12.01
3346	40078	11.98
3347	40068	11.97
3348	40045	11.96
3349	40093	11.97
3350	40219	12.01
3351	40173	11.99
3352	40157	11.98
3353	40193	11.99
3354	40247	12.00
3355	40212	11.99
3356	40227	11.99
3357	40210	11.98
3358	40240	11.98
3359	40241	11.98
3360	40172	11.96
3361	42109	12.53
3362	42275	12.57
3363	40302	11.98
3364	41786	12.42
3365	40276	11.97
3366	40334	11.98
3367	40381	11.99
3368	40395	11.99
3369	40352	11.98
3370	40313	11.96
3371	40364	11.97
3372	40454	12.00
3373	40405	11.98
3374	40381	11.97
3375	40415	11.97
3376	40406	11.97
3377	40453	11.98
3378	42058	12.45
3379	40442	11.97
3380	40480	11.98
3381	40480	11.97
3382	40550	11.99
3383	40497	11.97
3384	40525	11.98
3385	40626	12.00
3386	40592	11.99
3387	41437	12.23
3388	40601	11.98
3389	41426	12.22
3390	40595	11.97
3391	40640	11.98
3392	40648	11.98
3393	40745	12.01
3394	40652	11.98
3395	40656	11.98
3396	40715	11.99
3397	40694	11.98
3398	40688	11.97
3399	40699	11.97
3400	40653	11.96
3401	40683	11.96
3402	40846	12.01
3403	40782	11.98
3404	40742	11.97
3405	40764	11.97
3406	40804	11.98
3407	40828	11.98
3408	40792	11.97
3409	42412	12.44
3410	40821	11.97
3411	40907	11.99
3412	40841	11.97
3413	40894	11.98
3414	41784	12.24
3415	43364	12.70
3416	40883	11.97
3417	40939	11.98
3418	42923	12.56
3419	43784	12.81
3420	43740	12.79
3421	40951	11.97
3422	40973	11.97
3423	40995	11.98
3424	41007	11.98
3425	40980	11.96
3426	41048	11.98
3427	42067	12.28
3428	41091	11.99
3429	41084	11.98
3430	41057	11.97
3431	41073	11.97
3432	41183	12.00
3433	41109	11.97
3434	41126	11.98
3435	41130	11.97
3436	41166	11.98
3437	43091	12.54
3438	41225	11.99
3439	41230	11.99
3440	41179	11.97
3441	41251	11.99
3442	41244	11.98
3443	41234	11.98
3444	41244	11.98
3445	41379	12.01
3446	41288	11.98
3447	41314	11.99
3448	41302	11.98
3449	41379	12.00
3450	41309	11.97
3451	41313	11.97
3452	41354	11.98
3453	41366	11.98
3454	41442	12.00
3455	44121	12.77
3456	41357	11.97
3457	41408	11.98
3458	41490	12.00
3459	41423	11.98
3460	41420	11.97
3461	44164	12.76
3462	41557	12.00
3463	41496	11.98
3464	41451	11.97
3465	41506	11.98
3466	41528	11.98
3467	41566	11.99
3468	41593	11.99
3469	42260	12.18
3470	41562	11.98
3471	41656	12.00
3472	41536	11.96
3473	41671	12.00
3474	41616	11.98
3475	41673	11.99
3476	41661	11.99
3477	41652	11.98
3478	41665	11.98
3479	41761	12.00
3480	41593	11.95
3481	41662	11.97
3482	41731	11.98
3483	41725	11.98
3484	41784	11.99
3485	41766	11.98
3486	41787	11.99
3487	41747	11.97
3488	41905	12.01
3489	41775	11.97
3490	41793	11.98
3491	45018	12.90
3492	41915	12.00
3493	41875	11.99
3494	41881	11.99
3495	42655	12.20
3496	41945	12.00
3497	41873	11.97
3498	41899	11.98
3499	41922	11.98
3500	43547	12.44
3501	41924	11.97
3502	41916	11.97
3503	41975	11.98
3504	41967	11.98
3505	42123	12.02
3506	42017	11.98
3507	42010	11.98
3508	41997	11.97
3509	42115	12.00
3510	42065	11.98
3511	42021	11.97
3512	42076	11.98
3513	42170	12.00
3514	46108	13.12
3515	42094	11.98
3516	43663	12.42
3517	42180	11.99
3518	42144	11.98
3519	47876	13.61
3520	42038	11.94
3521	42260	12.00
3522	42179	11.98
3523	44554	12.65
3524	42242	11.99
3525	42291	12.00
3526	43284	12.28
3527	45122	12.79
3528	42219	11.97
3529	42235	11.97
3530	43885	12.43
3531	42261	11.97
3532	42342	11.99
3533	42298	11.97
3534	42360	11.99
3535	42397	11.99
3536	42333	11.97
3537	42335	11.97
3538	42410	11.99
3539	43010	12.15
3540	42294	11.95
3541	42385	11.97
3542	42478	11.99
3543	42461	11.98
3544	42434	11.97
3545	42419	11.97
3546	42516	11.99
3547	43295	12.21
3548	42482	11.97
3549	42461	11.96
3550	42556	11.99
3551	42467	11.96
3552	42517	11.97
3553	42571	11.98
3554	42507	11.96
3555	42645	12.00
3556	42577	11.97
3557	42558	11.96
3558	42600	11.97
3559	42595	11.97
3560	42579	11.96
3561	42688	11.99
3562	42616	11.96
3563	42730	11.99
3564	42648	11.97
3565	42686	11.97
3566	42716	11.98
3567	42681	11.97
3568	42730	11.98
3569	42739	11.98
3570	42745	11.97
3571	42787	11.98
3572	42761	11.97
3573	42741	11.96
3574	42816	11.98
3575	42734	11.95
3576	42785	11.96
3577	42831	11.97
3578	42856	11.98
3579	42873	11.98
3580	42805	11.96
3581	42833	11.96
3582	42883	11.97
3583	42867	11.96
3584	42968	11.99
3585	42958	11.98
3586	42980	11.99
3587	42985	11.98
3588	43056	12.00
3589	42989	11.98
3590	42986	11.97
3591	45672	12.72
3592	43075	11.99
3593	42975	11.96
3594	43019	11.97
3595	43016	11.97
3596	43085	11.98
3597	43048	11.97
3598	43077	11.97
3599	43076	11.97
3600	44111	12.25
3601	43090	11.97
3602	43127	11.97
3603	43198	11.99
3604	43212	11.99
3605	43211	11.99
3606	43206	11.98
3607	43195	11.98
3608	43230	11.98
3609	43215	11.97
3610	43255	11.98
3611	43269	11.98
3612	43376	12.01
3613	43274	11.98
3614	48943	13.54
3615	45929	12.71
3616	43408	12.00
3617	43377	11.99
3618	43372	11.99
3619	44044	12.17
3620	43364	11.98
3621	43364	11.98
3622	45043	12.44
3623	43365	11.97
3624	43390	11.97
3625	43322	11.95
3626	43392	11.97
3627	43392	11.96
3628	43500	11.99
3629	43469	11.98
3630	43457	11.97
3631	43463	11.97
3632	44424	12.23
3633	43458	11.96
3634	43525	11.98
3635	43548	11.98
3636	43528	11.97
3637	43603	11.99
3638	43559	11.97
3639	43552	11.97
3640	43512	11.95
3641	43632	11.98
3642	43633	11.98
3643	43611	11.97
3644	43597	11.96
3645	43743	12.00
3646	43595	11.96
3647	43636	11.96
3648	43687	11.98
3649	43761	11.99
3650	43696	11.97
3651	43707	11.97
3652	43698	11.97
3653	43835	12.00
3654	43728	11.97
3655	43725	11.96
3656	43787	11.98
3657	43823	11.98
3658	43776	11.97
3659	43803	11.97
3660	43752	11.95
3661	43879	11.99
3662	43806	11.96
3663	43894	11.98
3664	43824	11.96
3665	43922	11.98
3666	43896	11.97
3667	43913	11.98
3668	45878	12.51
3669	44031	12.00
3670	44125	12.02
3671	44056	12.00
3672	44099	12.01
3673	45921	12.50
3674	44006	11.98
3675	44060	11.99
3676	44032	11.98
3677	44000	11.97
3678	44105	11.99
3679	44061	11.98
3680	44181	12.01
3681	44112	11.98
3682	44146	11.99
3683	44106	11.98
3684	44162	11.99
3685	44146	11.98
3686	44171	11.98
3687	44215	11.99
3688	44210	11.99
3689	44190	11.98
3690	44258	11.99
3691	44245	11.99
3692	44262	11.99
3693	44255	11.98
3694	44314	12.00
3695	44234	11.97
3696	44407	12.01
3697	44324	11.99
3698	44304	11.98
3699	44343	11.99
3700	44970	12.15
3701	44320	11.98
3702	45338	12.25
3703	44341	11.97
3704	44446	12.00
3705	44368	11.98
3706	44354	11.97
3707	44356	11.97
3708	44366	11.96
3709	44400	11.97
3710	44420	11.97
3711	44395	11.96
3712	44439	11.97
3713	47070	12.68
3714	46383	12.49
3715	49376	13.29
3716	46715	12.57
3717	44518	11.98
3718	44514	11.97
3719	44540	11.98
3720	44515	11.97
3721	44549	11.97
3722	45326	12.18
3723	44566	11.97
3724	44666	11.99
3725	44612	11.98
3726	44595	11.97
3727	45434	12.19
3728	44631	11.97
3729	44596	11.96
3730	44640	11.97
3731	46429	12.44
3732	46395	12.43
3733	47979	12.85
3734	44632	11.95
3735	46407	12.42
3736	44706	11.97
3737	44702	11.96
3738	44709	11.96
3739	44721	11.96
3740	44695	11.95
3741	44792	11.97
3742	44804	11.97
3743	44991	12.02
3744	44876	11.99
3745	44783	11.96
3746	44836	11.97
3747	44957	12.00
3748	44819	11.96
3749	44890	11.97
3750	44457	11.86
3751	44882	11.97
3752	44919	11.97
3753	44871	11.96
3754	46546	12.40
3755	44975	11.98
3756	45015	11.98
3757	45000	11.98
3758	45022	11.98
3759	45017	11.98
3760	44944	11.95
3761	44967	11.96
3762	44994	11.96
3763	45145	12.00
3764	45043	11.97
3765	45080	11.97
3766	45079	11.97
3767	45195	12.00
3768	45088	11.97
3769	45162	11.98
3770	45111	11.97
3771	45274	12.01
3772	45159	11.97
3773	45132	11.96
3774	46019	12.19
3775	45182	11.97
3776	46628	12.35
3777	45250	11.98
3778	45182	11.96
3779	45293	11.99
3780	45191	11.96
3781	45260	11.97
3782	45263	11.97
3783	45310	11.98
3784	45270	11.96
3785	45252	11.96
3786	45363	11.98
3787	45334	11.97
3788	45277	11.95
3789	45383	11.98
3790	45346	11.96
3791	45373	11.97
3792	45336	11.96
3793	45404	11.97
3794	46989	12.39
3795	45463	11.98
3796	45448	11.97
3797	45476	11.98
3798	45465	11.97
3799	47120	12.40
3800	46127	12.14
3801	45461	11.96
3802	45458	11.96
3803	45476	11.96
3804	45558	11.98
3805	45491	11.96
3806	45491	11.95
3807	45589	11.98
3808	45532	11.96
3809	46344	12.17
3810	45543	11.95
3811	45559	11.95
3812	45639	11.97
3813	49517	12.99
3814	45657	11.97
3815	45685	11.98
3816	46500	12.19
3817	45804	12.00
3818	46445	12.16
3819	47547	12.45
3820	47917	12.54
3821	45705	11.96
3822	45726	11.96
3823	45759	11.97
3824	45721	11.96
3825	45712	11.95
3826	47796	12.49
3827	45905	12.00
3828	47471	12.40
3829	46733	12.21
3830	45829	11.97
3831	45858	11.97
3832	45886	11.97
3833	47826	12.48
3834	51593	13.46
3835	48514	12.65
3836	52070	13.57
3837	45988	11.99
3838	45965	11.98
3839	45900	11.96
3840	45993	11.98
3841	45900	11.95
3842	45947	11.96
3843	45999	11.97
3844	46073	11.99
3845	46066	11.98
3846	46021	11.97
3847	46006	11.96
3848	46147	11.99
3849	46086	11.97
3850	46058	11.96
3851	46085	11.97
3852	46067	11.96
3853	46057	11.95
3854	46116	11.97
3855	46173	11.98
3856	46183	11.98
3857	46172	11.97
3858	46196	11.97
3859	46167	11.96
3860	46129	11.95
3861	46189	11.96
3862	46268	11.98
3863	46340	12.00
3864	46204	11.96
3865	46921	12.14
3866	46299	11.98
3867	46285	11.97
3868	46301	11.97
3869	46271	11.96
3870	46367	11.98
3871	46362	11.98
3872	49534	12.79
3873	46386	11.98
3874	46342	11.96
3875	46385	11.97
3876	48185	12.43
3877	48317	12.46
3878	48889	12.61
3879	46437	11.97
3880	46555	12.00
3881	46439	11.97
3882	46431	11.96
3883	46472	11.97
3884	46582	11.99
3885	46488	11.97
3886	46521	11.97
3887	46538	11.97
3888	46607	11.99
3889	50617	13.02
3890	46625	11.99
3891	46649	11.99
3892	46817	12.03
3893	46660	11.99
3894	46689	11.99
3895	47772	12.26
3896	46696	11.99
3897	46728	11.99
3898	46739	11.99
3899	46795	12.00
3900	47639	12.22
3901	46745	11.98
3902	46843	12.00
3903	46960	12.03
3904	46893	12.01
3905	46862	12.00
3906	46913	12.01
3907	46938	12.01
3908	46900	12.00
3909	46910	12.00
3910	48094	12.30
3911	46861	11.98
3912	47758	12.21
3913	49322	12.60
3914	50976	13.02
3915	46916	11.98
3916	47044	12.01
3917	46983	11.99
3918	49665	12.68
3919	47037	12.00
3920	47175	12.03
3921	48158	12.28
3922	47191	12.03
3923	47147	12.02
3924	47111	12.01
3925	49937	12.72
3926	48114	12.26
3927	47095	11.99
3928	47057	11.98
3929	47281	12.03
3930	47154	12.00
3931	47136	11.99
3932	47077	11.97
3933	47344	12.04
3934	47181	11.99
3935	47226	12.00
3936	47151	11.98
3937	47123	11.97
3938	47219	11.99
3939	47225	11.99
3940	47234	11.99
3941	47232	11.98
3942	47258	11.99
3943	47286	11.99
3944	47424	12.02
3945	47309	11.99
3946	47299	11.99
3947	47311	11.99
3948	47852	12.12
3949	49753	12.60
3950	47356	11.99
3951	47311	11.97
3952	47322	11.97
3953	47358	11.98
3954	47363	11.98
3955	47472	12.00
3956	47329	11.96
3957	47383	11.97
3958	47341	11.96
3959	47448	11.98
3960	47332	11.95
3961	47386	11.96
3962	47383	11.96
3963	47510	11.99
3964	50266	12.68
3965	47503	11.98
3966	47556	11.99
3967	47495	11.97
3968	47447	11.96
3969	47496	11.97
3970	47627	12.00
3971	47572	11.98
3972	47592	11.98
3973	47614	11.98
3974	47634	11.99
3975	47702	12.00
3976	47658	11.99
3977	47652	11.98
3978	47756	12.01
3979	47658	11.98
3980	47690	11.98
3981	47822	12.01
3982	47744	11.99
3983	47729	11.98
3984	47704	11.97
3985	48726	12.23
3986	47703	11.97
3987	47767	11.98
3988	49733	12.47
3989	47851	12.00
3990	47734	11.96
3991	47758	11.97
3992	47925	12.01
3993	47866	11.99
3994	47857	11.98
3995	47799	11.96
3996	47834	11.97
3997	47820	11.96
3998	47842	11.97
3999	47807	11.95
4000	49183	12.30
