N	Total Time	Average CPE
1	336	336.00
2	178	89.00
3	175	58.33
4	252	63.00
5	343	68.60
6	431	71.83
7	473	67.57
8	609	76.12
9	970	107.78
10	619	61.90
11	755	68.64
12	776	64.67
13	941	72.38
14	933	66.64
15	958	63.87
16	1097	68.56
17	1118	65.76
18	1228	68.22
19	1296	68.21
20	850	42.50
21	344	16.38
22	351	15.95
23	362	15.74
24	379	15.79
25	397	15.88
26	415	15.96
27	429	15.89
28	1099	39.25
29	1784	61.52
30	1819	60.63
31	2160	69.68
32	1887	58.97
33	1955	59.24
34	2263	66.56
35	803	22.94
36	567	15.75
37	584	15.78
38	600	15.79
39	623	15.97
40	637	15.93
41	648	15.80
42	665	15.83
43	685	15.93
44	701	15.93
45	718	15.96
46	730	15.87
47	748	15.91
48	768	16.00
49	781	15.94
50	790	15.80
51	806	15.80
52	819	15.75
53	841	15.87
54	853	15.80
55	868	15.78
56	887	15.84
57	904	15.86
58	915	15.78
59	937	15.88
60	951	15.85
61	959	15.72
62	979	15.79
63	1003	15.92
64	1099	17.17
65	1021	15.71
66	1050	15.91
67	1055	15.75
68	1072	15.76
69	1096	15.88
70	1105	15.79
71	1128	15.89
72	1142	15.86
73	1150	15.75
74	1166	15.76
75	1190	15.87
76	1196	15.74
77	1216	15.79
78	1227	15.73
79	1245	15.76
80	1261	15.76
81	1268	15.65
82	1296	15.80
83	1305	15.72
84	1324	15.76
85	1342	15.79
86	1359	15.80
87	1380	15.86
88	1382	15.70
89	1413	15.88
90	1419	15.77
91	1438	15.80
92	1458	15.85
93	1473	15.84
94	1485	15.80
95	1494	15.73
96	1527	15.91
97	1538	15.86
98	1565	15.97
99	2067	20.88
100	2125	21.25
101	1831	18.13
102	1635	16.03
103	1639	15.91
104	1653	15.89
105	2009	19.13
106	2629	24.80
107	1681	15.71
108	1711	15.84
109	1730	15.87
110	1740	15.82
111	1753	15.79
112	1753	15.65
113	1789	15.83
114	1792	15.72
115	1811	15.75
116	1830	15.78
117	1849	15.80
118	1858	15.75
119	1871	15.72
120	1889	15.74
121	1909	15.78
122	1922	15.75
123	1942	15.79
124	1949	15.72
125	1969	15.75
126	1989	15.79
127	2001	15.76
128	2008	15.69
129	2036	15.78
130	2049	15.76
131	2061	15.73
132	2073	15.70
133	2100	15.79
134	2108	15.73
135	2124	15.73
136	2144	15.76
137	2158	15.75
138	2175	15.76
139	2195	15.79
140	2208	15.77
141	2345	16.63
142	2432	17.13
143	2262	15.82
144	2279	15.83
145	2285	15.76
146	2304	15.78
147	2310	15.71
148	2341	15.82
149	2350	15.77
150	2369	15.79
151	2388	15.81
152	2396	15.76
153	2401	15.69
154	2432	15.79
155	2444	15.77
156	2468	15.82
157	2476	15.77
158	2480	15.70
159	2502	15.74
160	2520	15.75
161	2539	15.77
162	2560	15.80
163	2557	15.69
164	2581	15.74
165	2606	15.79
166	2613	15.74
167	2635	15.78
168	2645	15.74
169	2659	15.73
170	2679	15.76
171	2699	15.78
172	2841	16.52
173	2727	15.76
174	2752	15.82
175	2753	15.73
176	2771	15.74
177	2793	15.78
178	2801	15.74
179	2820	15.75
180	2831	15.73
181	2857	15.78
182	2870	15.77
183	2894	15.81
184	2899	15.76
185	2919	15.78
186	2929	15.75
187	2945	15.75
188	3029	16.11
189	2979	15.76
190	2998	15.78
191	3010	15.76
192	3031	15.79
193	3046	15.78
194	3078	15.87
195	3084	15.82
196	3084	15.73
197	3118	15.83
198	3132	15.82
199	3139	15.77
200	3129	15.64
201	3168	15.76
202	3182	15.75
203	3209	15.81
204	3770	18.48
205	4552	22.20
206	4551	22.09
207	4576	22.11
208	4593	22.08
209	4628	22.14
210	4644	22.11
211	4672	22.14
212	4688	22.11
213	4719	22.15
214	4738	22.14
215	4761	22.14
216	4783	22.14
217	4801	22.12
218	4827	22.14
219	4848	22.14
220	6555	29.80
221	3661	16.57
222	3554	16.01
223	3614	16.21
224	4610	20.58
225	5001	22.23
226	5042	22.31
227	5036	22.19
228	5051	22.15
229	5076	22.17
230	5092	22.14
231	5120	22.16
232	5137	22.14
233	5160	22.15
234	5189	22.18
235	5204	22.14
236	5235	22.18
237	5254	22.17
238	5267	22.13
239	5297	22.16
240	5312	22.13
241	5341	22.16
242	5374	22.21
243	5382	22.15
244	5410	22.17
245	5433	22.18
246	5454	22.17
247	5473	22.16
248	5493	22.15
249	5513	22.14
250	5540	22.16
251	5641	22.47
252	5583	22.15
253	5751	22.73
254	6108	24.05
255	5857	22.97
256	5706	22.29
257	6252	24.33
258	5702	22.10
259	5131	19.81
260	4177	16.07
261	4131	15.83
262	4128	15.76
263	4147	15.77
264	4161	15.76
265	4188	15.80
266	4179	15.71
267	4220	15.81
268	4229	15.78
269	4238	15.75
270	4258	15.77
271	4271	15.76
272	4282	15.74
273	4323	15.84
274	4314	15.74
275	4327	15.73
276	4371	15.84
277	4368	15.77
278	4380	15.76
279	4405	15.79
280	4408	15.74
281	4431	15.77
282	4440	15.74
283	4438	15.68
284	4472	15.75
285	4491	15.76
286	4663	16.30
287	4823	16.80
288	5467	18.98
289	7286	25.21
290	4804	16.57
291	4614	15.86
292	4604	15.77
293	4909	16.75
294	6131	20.85
295	5530	18.75
296	4934	16.67
297	4715	15.88
298	4692	15.74
299	4699	15.72
300	4701	15.67
301	4736	15.73
302	4755	15.75
303	4776	15.76
304	4782	15.73
305	4804	15.75
306	4812	15.73
307	4818	15.69
308	4841	15.72
309	4869	15.76
310	4886	15.76
311	4888	15.72
312	4908	15.73
313	4927	15.74
314	4939	15.73
315	4961	15.75
316	4971	15.73
317	4990	15.74
318	4999	15.72
319	5022	15.74
320	5014	15.67
321	5049	15.73
322	5085	15.79
323	5074	15.71
324	5113	15.78
325	5213	16.04
326	5141	15.77
327	5154	15.76
328	5155	15.72
329	5176	15.73
330	5195	15.74
331	5199	15.71
332	5226	15.74
333	5245	15.75
334	5255	15.73
335	5268	15.73
336	5289	15.74
337	5294	15.71
338	5318	15.73
339	5336	15.74
340	5343	15.71
341	5386	15.79
342	5400	15.79
343	5411	15.78
344	5412	15.73
345	5443	15.78
346	5446	15.74
347	5462	15.74
348	5499	15.80
349	5545	15.89
350	5533	15.81
351	5515	15.71
352	5532	15.72
353	5552	15.73
354	5570	15.73
355	5795	16.32
356	5760	16.18
357	5751	16.11
358	5726	15.99
359	5658	15.76
360	5651	15.70
361	5674	15.72
362	5713	15.78
363	5754	15.85
364	5748	15.79
365	5746	15.74
366	5748	15.70
367	5773	15.73
368	5781	15.71
369	5802	15.72
370	5824	15.74
371	5838	15.74
372	5849	15.72
373	5866	15.73
374	5882	15.73
375	5891	15.71
376	6005	15.97
377	5926	15.72
378	5948	15.74
379	5967	15.74
380	5963	15.69
381	5991	15.72
382	6006	15.72
383	6247	16.31
384	6064	15.79
385	6089	15.82
386	6080	15.75
387	6095	15.75
388	6107	15.74
389	6130	15.76
390	6156	15.78
391	6158	15.75
392	6159	15.71
393	6190	15.75
394	6201	15.74
395	6227	15.76
396	6267	15.83
397	6308	15.89
398	6298	15.82
399	6280	15.74
400	6285	15.71
401	6313	15.74
402	6608	16.44
403	6340	15.73
404	6366	15.76
405	6381	15.76
406	6402	15.77
407	6406	15.74
408	6635	16.26
409	6451	15.77
410	6463	15.76
411	6480	15.77
412	6492	15.76
413	6947	16.82
414	6618	15.99
415	7030	16.94
416	6541	15.72
417	6568	15.75
418	6573	15.72
419	6594	15.74
420	6606	15.73
421	6861	16.30
422	6763	16.03
423	6804	16.09
424	6688	15.77
425	6689	15.74
426	6700	15.73
427	6715	15.73
428	6742	15.75
429	6754	15.74
430	6755	15.71
431	6793	15.76
432	6786	15.71
433	6980	16.12
434	6881	15.85
435	6877	15.81
436	6851	15.71
437	6869	15.72
438	6884	15.72
439	6906	15.73
440	6923	15.73
441	6932	15.72
442	6941	15.70
443	7036	15.88
444	7014	15.80
445	6998	15.73
446	7015	15.73
447	7129	15.95
448	7066	15.77
449	7101	15.82
450	7111	15.80
451	7096	15.73
452	7113	15.74
453	7136	15.75
454	7239	15.94
455	7198	15.82
456	7860	17.24
457	7287	15.95
458	7223	15.77
459	7227	15.75
460	7227	15.71
461	7279	15.79
462	7287	15.77
463	7299	15.76
464	7303	15.74
465	7330	15.76
466	7332	15.73
467	7335	15.71
468	7369	15.75
469	7382	15.74
470	7379	15.70
471	7406	15.72
472	7427	15.74
473	7442	15.73
474	7447	15.71
475	7476	15.74
476	7493	15.74
477	7517	15.76
478	7608	15.92
479	7602	15.87
480	7545	15.72
481	7566	15.73
482	7586	15.74
483	7591	15.72
484	7610	15.72
485	7635	15.74
486	7681	15.80
487	7667	15.74
488	7665	15.71
489	7694	15.73
490	7706	15.73
491	7728	15.74
492	7769	15.79
493	7781	15.78
494	7771	15.73
495	7795	15.75
496	7823	15.77
497	7824	15.74
498	7980	16.02
499	7840	15.71
500	7842	15.68
501	7872	15.71
502	7904	15.75
503	7904	15.71
504	7928	15.73
505	7942	15.73
506	7963	15.74
507	7987	15.75
508	8071	15.89
509	8008	15.73
510	8020	15.73
511	8034	15.72
512	8030	15.68
513	8077	15.74
514	8082	15.72
515	8102	15.73
516	8119	15.73
517	8149	15.76
518	8776	16.94
519	8198	15.80
520	8188	15.75
521	8204	15.75
522	8212	15.73
523	8219	15.72
524	8248	15.74
525	8260	15.73
526	8270	15.72
527	8275	15.70
528	8313	15.74
529	8325	15.74
530	8338	15.73
531	8348	15.72
532	8426	15.84
533	8376	15.71
534	8426	15.78
535	8402	15.70
536	8447	15.76
537	8901	16.58
538	8465	15.73
539	8471	15.72
540	8493	15.73
541	8504	15.72
542	8515	15.71
543	8543	15.73
544	8584	15.78
545	8612	15.80
546	8601	15.75
547	8612	15.74
548	8618	15.73
549	8628	15.72
550	8654	15.73
551	8673	15.74
552	8683	15.73
553	8694	15.72
554	8702	15.71
555	9577	17.26
556	8752	15.74
557	8767	15.74
558	8766	15.71
559	8783	15.71
560	8814	15.74
561	8841	15.76
562	8841	15.73
563	8845	15.71
564	8877	15.74
565	8895	15.74
566	8911	15.74
567	9096	16.04
568	8974	15.80
569	8971	15.77
570	8978	15.75
571	9230	16.16
572	9010	15.75
573	9026	15.75
574	9055	15.78
575	9041	15.72
576	9086	15.77
577	9094	15.76
578	9311	16.11
579	9210	15.91
580	9126	15.73
581	9134	15.72
582	9174	15.76
583	9176	15.74
584	9193	15.74
585	9203	15.73
586	9211	15.72
587	9418	16.04
588	9265	15.76
589	9286	15.77
590	9287	15.74
591	9304	15.74
592	9306	15.72
593	9345	15.76
594	9343	15.73
595	9374	15.75
596	9375	15.73
597	9526	15.96
598	9410	15.74
599	9434	15.75
600	9446	15.74
601	9477	15.77
602	9678	16.08
603	9487	15.73
604	9503	15.73
605	9931	16.41
606	9565	15.78
607	9550	15.73
608	9567	15.74
609	9586	15.74
610	9645	15.81
611	9624	15.75
612	9633	15.74
613	9722	15.86
614	9671	15.75
615	9672	15.73
616	9698	15.74
617	9847	15.96
618	9745	15.77
619	9745	15.74
620	9755	15.73
621	9869	15.89
622	9810	15.77
623	10175	16.33
624	9915	15.89
625	10410	16.66
626	12836	20.50
627	27385	43.68
628	21879	34.84
629	10939	17.39
630	10691	16.97
631	10584	16.77
632	10847	17.16
633	9989	15.78
634	10003	15.78
635	9999	15.75
636	10035	15.78
637	10177	15.98
638	10072	15.79
639	10045	15.72
640	10069	15.73
641	10082	15.73
642	10120	15.76
643	10103	15.71
644	10139	15.74
645	10258	15.90
646	10175	15.75
647	10187	15.74
648	10203	15.75
649	10215	15.74
650	10234	15.74
651	10260	15.76
652	10253	15.73
653	10275	15.74
654	10322	15.78
655	11341	17.31
656	10676	16.27
657	11464	17.45
658	10813	16.43
659	10517	15.96
660	10446	15.83
661	10449	15.81
662	10418	15.74
663	10454	15.77
664	10444	15.73
665	10476	15.75
666	10479	15.73
667	10481	15.71
668	10516	15.74
669	10508	15.71
670	10545	15.74
671	10686	15.93
672	10649	15.85
673	10594	15.74
674	10595	15.72
675	10624	15.74
676	10639	15.74
677	10647	15.73
678	10670	15.74
679	10691	15.75
680	10684	15.71
681	10733	15.76
682	10772	15.79
683	10766	15.76
684	10851	15.86
685	10796	15.76
686	10812	15.76
687	10863	15.81
688	10838	15.75
689	10839	15.73
690	10856	15.73
691	10868	15.73
692	10901	15.75
693	13695	19.76
694	15346	22.11
695	15345	22.08
696	15361	22.07
697	15384	22.07
698	15406	22.07
699	15433	22.08
700	15434	22.05
701	15475	22.08
702	15493	22.07
703	15521	22.08
704	15533	22.06
705	15557	22.07
706	15585	22.08
707	15606	22.07
708	15631	22.08
709	15646	22.07
710	15676	22.08
711	15700	22.08
712	15720	22.08
713	15736	22.07
714	13399	18.77
715	11249	15.73
716	11286	15.76
717	11288	15.74
718	11296	15.73
719	11336	15.77
720	11321	15.72
721	11362	15.76
722	11372	15.75
723	11386	15.75
724	11418	15.77
725	11430	15.77
726	11427	15.74
727	11662	16.04
728	11642	15.99
729	11480	15.75
730	11498	15.75
731	11471	15.69
732	11500	15.71
733	11524	15.72
734	11530	15.71
735	11929	16.23
736	11571	15.72
737	11580	15.71
738	11602	15.72
739	11623	15.73
740	11614	15.69
741	11660	15.74
742	11662	15.72
743	11777	15.85
744	11692	15.72
745	11710	15.72
746	11735	15.73
747	11748	15.73
748	11767	15.73
749	11885	15.87
750	11794	15.73
751	11844	15.77
752	11841	15.75
753	11838	15.72
754	11869	15.74
755	11893	15.75
756	11898	15.74
757	11896	15.71
758	11909	15.71
759	11938	15.73
760	11962	15.74
761	11967	15.73
762	11984	15.73
763	11996	15.72
764	12014	15.73
765	12009	15.70
766	12034	15.71
767	12066	15.73
768	12068	15.71
769	12098	15.73
770	12201	15.85
771	12127	15.73
772	12133	15.72
773	12160	15.73
774	12177	15.73
775	12194	15.73
776	12195	15.72
777	12219	15.73
778	12234	15.72
779	12255	15.73
780	12240	15.69
781	12262	15.70
782	12306	15.74
783	12301	15.71
784	12408	15.83
785	12323	15.70
786	12351	15.71
787	12373	15.72
788	12393	15.73
789	12393	15.71
790	12428	15.73
791	12426	15.71
792	12434	15.70
793	12461	15.71
794	12471	15.71
795	12578	15.82
796	12547	15.76
797	12627	15.84
798	12547	15.72
799	12553	15.71
800	12571	15.71
801	12593	15.72
802	12619	15.73
803	17716	22.06
804	17880	22.24
805	17904	22.24
806	17927	22.24
807	17947	22.24
808	17964	22.23
809	17990	22.24
810	18019	22.25
811	18035	22.24
812	13139	16.18
813	12809	15.76
814	12887	15.83
815	12817	15.73
816	12838	15.73
817	12843	15.72
818	12865	15.73
819	12903	15.75
820	12917	15.75
821	12929	15.75
822	12951	15.76
823	12960	15.75
824	12956	15.72
825	12977	15.73
826	13002	15.74
827	13107	15.85
828	13052	15.76
829	13037	15.73
830	13059	15.73
831	13075	15.73
832	13385	16.09
833	13155	15.79
834	13113	15.72
835	13156	15.76
836	13165	15.75
837	13167	15.73
838	13197	15.75
839	13301	15.85
840	13234	15.75
841	13238	15.74
842	13279	15.77
843	13305	15.78
844	13287	15.74
845	13300	15.74
846	13322	15.75
847	13339	15.75
848	13345	15.74
849	13366	15.74
850	13370	15.73
851	13466	15.82
852	13414	15.74
853	13441	15.76
854	13451	15.75
855	13476	15.76
856	13474	15.74
857	13496	15.75
858	13553	15.80
859	13528	15.75
860	13558	15.77
861	14164	16.45
862	14062	16.31
863	13567	15.72
864	13580	15.72
865	13585	15.71
866	13614	15.72
867	13612	15.70
868	13626	15.70
869	13536	15.58
870	13329	15.32
871	14629	16.80
872	14043	16.10
873	13360	15.30
874	13385	15.31
875	13417	15.33
876	13437	15.34
877	13445	15.33
878	13453	15.32
879	13459	15.31
880	13473	15.31
881	13492	15.31
882	13516	15.32
883	13508	15.30
884	13536	15.31
885	13547	15.31
886	13569	15.31
887	13606	15.34
888	13604	15.32
889	13606	15.30
890	14752	16.58
891	16647	18.68
892	13674	15.33
893	13696	15.34
894	13712	15.34
895	13705	15.31
896	13742	15.34
897	13719	15.29
898	13757	15.32
899	13759	15.30
900	15931	17.70
901	13809	15.33
902	13917	15.43
903	13840	15.33
904	13862	15.33
905	13876	15.33
906	13881	15.32
907	13885	15.31
908	13924	15.33
909	14675	16.14
910	13945	15.32
911	13990	15.36
912	13957	15.30
913	14069	15.41
914	14099	15.43
915	14034	15.34
916	14047	15.34
917	14067	15.34
918	17589	19.16
919	14141	15.39
920	14100	15.33
921	14120	15.33
922	14131	15.33
923	14147	15.33
924	14153	15.32
925	14308	15.47
926	14186	15.32
927	17315	18.68
928	15744	16.97
929	14247	15.34
930	14252	15.32
931	14272	15.33
932	14286	15.33
933	14288	15.31
934	14331	15.34
935	14320	15.32
936	15226	16.27
937	14391	15.36
938	14372	15.32
939	14418	15.35
940	14402	15.32
941	14406	15.31
942	14431	15.32
943	14452	15.33
944	14479	15.34
945	18003	19.05
946	14523	15.35
947	14562	15.38
948	14535	15.33
949	14536	15.32
950	14560	15.33
951	14586	15.34
952	17091	17.95
953	14618	15.34
954	18519	19.41
955	14659	15.35
956	14671	15.35
957	14696	15.36
958	14683	15.33
959	14708	15.34
960	14734	15.35
961	14746	15.34
962	16538	17.19
963	15898	16.51
964	14790	15.34
965	14965	15.51
966	14833	15.36
967	14840	15.35
968	14852	15.34
969	14869	15.34
970	14878	15.34
971	16341	16.83
972	14927	15.36
973	14930	15.34
974	14952	15.35
975	14972	15.36
976	14975	15.34
977	14987	15.34
978	15032	15.37
979	15019	15.34
980	19978	20.39
981	15390	15.69
982	15440	15.72
983	15467	15.73
984	15474	15.73
985	15497	15.73
986	15499	15.72
987	15519	15.72
988	15669	15.86
989	15569	15.74
990	15646	15.80
991	15577	15.72
992	15613	15.74
993	15601	15.71
994	15637	15.73
995	15649	15.73
996	15727	15.79
997	15672	15.72
998	15709	15.74
999	15709	15.72
1000	15660	15.66
1001	15744	15.73
1002	15767	15.74
1003	15787	15.74
1004	15811	15.75
1005	15829	15.75
1006	15824	15.73
1007	15853	15.74
1008	15854	15.73
1009	15891	15.75
1010	15895	15.74
1011	15890	15.72
1012	15917	15.73
1013	16023	15.82
1014	15943	15.72
1015	15966	15.73
1016	16018	15.77
1017	16006	15.74
1018	16002	15.72
1019	16031	15.73
1020	16028	15.71
1021	16164	15.83
1022	16059	15.71
1023	16076	15.71
1024	16099	15.72
1025	16118	15.72
1026	16267	15.85
1027	16146	15.72
1028	16189	15.75
1029	16341	15.88
1030	16192	15.72
1031	16283	15.79
1032	16224	15.72
1033	16325	15.80
1034	16456	15.91
1035	16280	15.73
1036	16293	15.73
1037	16570	15.98
1038	16379	15.78
1039	16399	15.78
1040	16356	15.73
1041	16381	15.74
1042	16392	15.73
1043	16401	15.72
1044	16418	15.73
1045	16555	15.84
1046	16439	15.72
1047	16556	15.81
1048	16478	15.72
1049	16492	15.72
1050	16528	15.74
1051	16521	15.72
1052	16547	15.73
1053	16715	15.87
1054	16573	15.72
1055	16600	15.73
1056	16614	15.73
1057	16617	15.72
1058	16648	15.74
1059	16669	15.74
1060	16743	15.80
1061	23343	22.00
1062	23499	22.13
1063	23517	22.12
1064	23528	22.11
1065	23562	22.12
1066	23585	22.12
1067	21802	20.43
1068	16818	15.75
1069	16809	15.72
1070	16821	15.72
1071	16882	15.76
1072	16860	15.73
1073	16893	15.74
1074	16890	15.73
1075	16975	15.79
1076	16926	15.73
1077	16926	15.72
1078	16943	15.72
1079	17386	16.11
1080	16572	15.34
1081	16593	15.35
1082	16603	15.34
1083	18389	16.98
1084	16628	15.34
1085	16624	15.32
1086	16676	15.36
1087	16680	15.34
1088	16781	15.42
1089	16702	15.34
1090	18643	17.10
1091	16749	15.35
1092	16765	15.35
1093	16753	15.33
1094	16804	15.36
1095	16804	15.35
1096	16821	15.35
1097	16834	15.35
1098	17714	16.13
1099	16879	15.36
1100	16865	15.33
1101	16900	15.35
1102	16904	15.34
1103	16938	15.36
1104	16933	15.34
1105	16941	15.33
1106	17715	16.02
1107	16982	15.34
1108	17015	15.36
1109	17027	15.35
1110	17043	15.35
1111	17041	15.34
1112	17062	15.34
1113	17819	16.01
1114	17087	15.34
1115	17127	15.36
1116	17122	15.34
1117	17150	15.35
1118	17152	15.34
1119	17191	15.36
1120	17187	15.35
1121	17203	15.35
1122	17211	15.34
1123	17212	15.33
1124	17268	15.36
1125	17261	15.34
1126	17395	15.45
1127	17299	15.35
1128	18618	16.51
1129	17317	15.34
1130	17349	15.35
1131	17350	15.34
1132	19282	17.03
1133	17416	15.37
1134	17396	15.34
1135	17561	15.47
1136	18688	16.45
1137	17449	15.35
1138	17456	15.34
1139	17485	15.35
1140	17533	15.38
1141	17524	15.36
1142	17514	15.34
1143	18733	16.39
1144	17541	15.33
1145	17567	15.34
1146	17589	15.35
1147	18637	16.25
1148	17659	15.38
1149	17648	15.36
1150	18361	15.97
1151	17659	15.34
1152	17665	15.33
1153	17803	15.44
1154	17716	15.35
1155	17736	15.36
1156	17728	15.34
1157	18817	16.26
1158	17762	15.34
1159	17779	15.34
1160	17788	15.33
1161	17820	15.35
1162	17954	15.45
1163	17831	15.33
1164	17873	15.35
1165	19138	16.43
1166	17882	15.34
1167	17922	15.36
1168	17921	15.34
1169	17928	15.34
1170	17954	15.35
1171	17953	15.33
1172	17960	15.32
1173	17989	15.34
1174	18019	15.35
1175	18018	15.33
1176	18021	15.32
1177	18053	15.34
1178	18061	15.33
1179	19340	16.40
1180	18100	15.34
1181	18127	15.35
1182	18145	15.35
1183	18138	15.33
1184	18161	15.34
1185	18170	15.33
1186	18189	15.34
1187	18183	15.32
1188	18210	15.33
1189	18234	15.34
1190	18255	15.34
1191	18270	15.34
1192	18252	15.31
1193	18347	15.38
1194	18319	15.34
1195	18321	15.33
1196	18337	15.33
1197	18495	15.45
1198	18369	15.33
1199	18392	15.34
1200	18397	15.33
1201	18412	15.33
1202	18469	15.37
1203	18450	15.34
1204	18478	15.35
1205	18483	15.34
1206	18492	15.33
1207	19234	15.94
1208	18526	15.34
1209	18551	15.34
1210	18571	15.35
1211	18571	15.34
1212	18591	15.34
1213	18610	15.34
1214	20105	16.56
1215	18620	15.33
1216	18646	15.33
1217	18665	15.34
1218	18671	15.33
1219	18689	15.33
1220	18719	15.34
1221	18719	15.33
1222	18737	15.33
1223	18887	15.44
1224	18771	15.34
1225	18804	15.35
1226	18798	15.33
1227	18825	15.34
1228	19992	16.28
1229	18896	15.38
1230	18857	15.33
1231	19012	15.44
1232	18897	15.34
1233	18915	15.34
1234	21613	17.51
1235	21785	17.64
1236	18965	15.34
1237	18985	15.35
1238	18983	15.33
1239	20209	16.31
1240	19017	15.34
1241	20907	16.85
1242	19062	15.35
1243	19122	15.38
1244	19075	15.33
1245	19108	15.35
1246	19117	15.34
1247	19134	15.34
1248	27562	22.08
1249	24896	19.93
1250	24425	19.54
1251	30233	24.17
1252	30495	24.36
1253	27463	21.92
1254	27599	22.01
1255	24523	19.54
1256	23358	18.60
1257	23353	18.58
1258	23070	18.34
1259	20843	16.56
1260	20883	16.57
1261	20977	16.64
1262	20917	16.57
1263	20787	16.46
1264	19458	15.39
1265	19412	15.35
1266	19418	15.34
1267	19436	15.34
1268	19442	15.33
1269	19477	15.35
1270	22544	17.75
1271	19587	15.41
1272	19520	15.35
1273	19529	15.34
1274	19537	15.34
1275	19553	15.34
1276	19564	15.33
1277	30532	23.91
1278	27895	21.83
1279	27915	21.83
1280	27946	21.83
1281	27964	21.83
1282	26508	20.68
1283	20624	16.07
1284	19859	15.47
1285	19703	15.33
1286	19707	15.32
1287	19739	15.34
1288	19827	15.39
1289	27951	21.68
1290	27754	21.51
1291	27782	21.52
1292	27805	21.52
1293	27818	21.51
1294	30921	23.90
1295	27842	21.50
1296	27875	21.51
1297	27901	21.51
1298	27929	21.52
1299	27942	21.51
1300	25549	19.65
1301	19935	15.32
1302	19964	15.33
1303	19967	15.32
1304	20000	15.34
1305	19986	15.31
1306	23494	17.99
1307	20036	15.33
1308	20054	15.33
1309	20057	15.32
1310	20153	15.38
1311	20086	15.32
1312	21577	16.45
1313	21112	16.08
1314	20137	15.32
1315	20164	15.33
1316	20157	15.32
1317	20199	15.34
1318	20242	15.36
1319	21297	16.15
1320	20221	15.32
1321	20262	15.34
1322	20275	15.34
1323	20283	15.33
1324	20282	15.32
1325	22317	16.84
1326	22299	16.82
1327	20346	15.33
1328	20364	15.33
1329	20362	15.32
1330	20369	15.32
1331	23016	17.29
1332	21637	16.24
1333	20432	15.33
1334	20525	15.39
1335	22064	16.53
1336	20532	15.37
1337	21856	16.35
1338	20565	15.37
1339	20561	15.36
1340	20553	15.34
1341	20606	15.37
1342	20603	15.35
1343	22104	16.46
1344	20631	15.35
1345	20645	15.35
1346	20668	15.36
1347	20664	15.34
1348	20711	15.36
1349	21699	16.09
1350	20708	15.34
1351	20735	15.35
1352	20728	15.33
1353	20749	15.34
1354	20795	15.36
1355	20802	15.35
1356	29376	21.66
1357	29306	21.60
1358	29222	21.52
1359	29248	21.52
1360	29266	21.52
1361	27468	20.18
1362	20878	15.33
1363	20871	15.31
1364	20876	15.30
1365	20920	15.33
1366	20937	15.33
1367	21651	15.84
1368	20963	15.32
1369	20978	15.32
1370	20982	15.32
1371	24308	17.73
1372	21861	15.93
1373	25264	18.40
1374	21929	15.96
1375	21059	15.32
1376	25513	18.54
1377	21091	15.32
1378	21884	15.88
1379	21759	15.78
1380	21162	15.33
1381	21168	15.33
1382	21226	15.36
1383	21191	15.32
1384	23802	17.20
1385	21226	15.33
1386	21311	15.38
1387	21265	15.33
1388	21271	15.32
1389	21308	15.34
1390	22187	15.96
1391	21341	15.34
1392	21346	15.33
1393	21355	15.33
1394	21374	15.33
1395	21386	15.33
1396	23634	16.93
1397	21453	15.36
1398	21509	15.39
1399	21461	15.34
1400	21464	15.33
1401	21585	15.41
1402	22358	15.95
1403	22048	15.71
1404	22078	15.73
1405	22067	15.71
1406	22099	15.72
1407	22101	15.71
1408	28194	20.02
1409	31061	22.04
1410	31109	22.06
1411	31137	22.07
1412	31169	22.07
1413	27981	19.80
1414	22254	15.74
1415	22261	15.73
1416	22295	15.75
1417	22295	15.73
1418	22326	15.74
1419	22324	15.73
1420	22315	15.71
1421	22430	15.78
1422	22366	15.73
1423	22401	15.74
1424	22419	15.74
1425	22516	15.80
1426	22422	15.72
1427	22437	15.72
1428	22481	15.74
1429	22506	15.75
1430	22627	15.82
1431	22632	15.82
1432	22532	15.73
1433	22534	15.73
1434	22566	15.74
1435	22581	15.74
1436	22770	15.86
1437	22616	15.74
1438	22617	15.73
1439	22643	15.74
1440	22655	15.73
1441	22691	15.75
1442	22740	15.77
1443	22713	15.74
1444	22718	15.73
1445	22726	15.73
1446	22748	15.73
1447	22801	15.76
1448	22772	15.73
1449	22905	15.81
1450	22801	15.72
1451	22838	15.74
1452	22835	15.73
1453	23216	15.98
1454	22872	15.73
1455	22877	15.72
1456	22892	15.72
1457	22922	15.73
1458	22944	15.74
1459	22952	15.73
1460	22977	15.74
1461	22964	15.72
1462	23012	15.74
1463	22998	15.72
1464	23017	15.72
1465	23049	15.73
1466	23045	15.72
1467	23190	15.81
1468	23115	15.75
1469	23094	15.72
1470	23119	15.73
1471	23143	15.73
1472	23271	15.81
1473	22608	15.35
1474	22594	15.33
1475	27252	18.48
1476	31798	21.54
1477	31794	21.53
1478	31821	21.53
1479	31836	21.53
1480	31550	21.32
1481	22691	15.32
1482	22695	15.31
1483	22712	15.31
1484	22732	15.32
1485	22756	15.32
1486	24027	16.17
1487	22768	15.31
1488	22872	15.37
1489	24782	16.64
1490	27319	18.33
1491	23794	15.96
1492	22856	15.32
1493	25277	16.93
1494	24756	16.57
1495	24318	16.27
1496	36179	24.18
1497	27901	18.64
1498	30825	20.58
1499	23140	15.44
1500	22980	15.32
1501	26326	17.54
1502	24715	16.45
1503	32382	21.54
1504	32368	21.52
1505	32402	21.53
1506	31806	21.12
1507	23190	15.39
1508	23149	15.35
1509	24553	16.27
1510	24508	16.23
1511	24648	16.31
1512	23239	15.37
1513	23216	15.34
1514	23876	15.77
1515	23245	15.34
1516	23554	15.54
1517	25121	16.56
1518	26311	17.33
1519	31878	20.99
1520	34184	22.49
1521	27098	17.82
1522	26696	17.54
1523	26713	17.54
1524	26731	17.54
1525	26430	17.33
1526	27663	18.13
1527	27358	17.92
1528	27216	17.81
1529	27999	18.31
1530	27361	17.88
1531	33516	21.89
1532	28213	18.42
1533	26982	17.60
1534	26921	17.55
1535	27025	17.61
1536	28238	18.38
1537	27028	17.58
1538	31919	20.75
1539	36396	23.65
1540	27416	17.80
1541	28414	18.44
1542	27088	17.57
1543	27040	17.52
1544	32071	20.77
1545	44717	28.94
1546	45135	29.19
1547	32883	21.26
1548	33030	21.34
1549	38997	25.18
1550	37834	24.41
1551	31202	20.12
1552	38121	24.56
1553	37055	23.86
1554	31543	20.30
1555	32591	20.96
1556	30863	19.83
1557	40805	26.21
1558	33335	21.40
1559	41651	26.72
1560	40070	25.69
1561	33146	21.23
1562	36517	23.38
1563	32253	20.64
1564	29147	18.64
1565	29168	18.64
1566	29425	18.79
1567	28396	18.12
1568	33042	21.07
1569	28715	18.30
1570	29380	18.71
1571	32922	20.96
1572	40354	25.67
1573	28506	18.12
1574	29081	18.48
1575	27633	17.54
1576	28112	17.84
1577	30375	19.26
1578	28159	17.84
1579	28125	17.81
1580	27936	17.68
1581	27818	17.60
1582	27772	17.55
1583	28055	17.72
1584	28795	18.18
1585	27223	17.18
1586	27079	17.07
1587	25110	15.82
1588	25030	15.76
1589	25207	15.86
1590	41420	26.05
1591	36908	23.20
1592	39433	24.77
1593	28599	17.95
1594	28281	17.74
1595	28001	17.56
1596	28477	17.84
1597	28536	17.87
1598	27129	16.98
1599	29122	18.21
1600	25151	15.72
1601	25798	16.11
1602	25150	15.70
1603	25556	15.94
1604	25221	15.72
1605	26036	16.22
1606	25874	16.11
1607	32173	20.02
1608	35586	22.13
1609	33917	21.08
1610	25317	15.72
1611	25398	15.77
1612	25409	15.76
1613	25528	15.83
1614	25633	15.88
1615	25997	16.10
1616	25412	15.73
1617	25444	15.74
1618	25463	15.74
1619	26516	16.38
1620	26680	16.47
1621	25741	15.88
1622	25556	15.76
1623	26489	16.32
1624	25568	15.74
1625	34253	21.08
1626	25577	15.73
1627	35205	21.64
1628	27006	16.59
1629	29471	18.09
1630	29741	18.25
1631	26119	16.01
1632	26770	16.40
1633	27194	16.65
1634	29328	17.95
1635	28703	17.56
1636	28913	17.67
1637	31028	18.95
1638	35441	21.64
1639	30124	18.38
1640	29713	18.12
1641	29423	17.93
1642	29118	17.73
1643	29097	17.71
1644	29056	17.67
1645	29017	17.64
1646	30420	18.48
1647	35093	21.31
1648	31041	18.84
1649	28998	17.59
1650	29062	17.61
1651	29015	17.57
1652	28941	17.52
1653	29007	17.55
1654	32264	19.51
1655	30067	18.17
1656	34081	20.58
1657	38514	23.24
1658	33308	20.09
1659	29110	17.55
1660	29452	17.74
1661	39856	24.00
1662	33330	20.05
1663	29957	18.01
1664	29876	17.95
1665	35969	21.60
1666	41595	24.97
1667	30336	18.20
1668	26338	15.79
1669	26283	15.75
1670	26328	15.77
1671	26318	15.75
1672	26340	15.75
1673	28344	16.94
1674	28108	16.79
1675	27342	16.32
1676	26391	15.75
1677	26401	15.74
1678	26385	15.72
1679	26471	15.77
1680	26498	15.77
1681	26465	15.74
1682	29725	17.67
1683	29868	17.75
1684	26948	16.00
1685	26534	15.75
1686	26604	15.78
1687	26631	15.79
1688	26649	15.79
1689	26618	15.76
1690	26601	15.74
1691	26635	15.75
1692	35135	20.77
1693	27046	15.98
1694	34664	20.46
1695	27802	16.40
1696	34468	20.32
1697	35683	21.03
1698	26869	15.82
1699	27132	15.97
1700	30075	17.69
1701	28798	16.93
1702	28813	16.93
1703	28133	16.52
1704	28608	16.79
1705	29666	17.40
1706	29710	17.42
1707	28982	16.98
1708	28141	16.48
1709	27072	15.84
1710	27479	16.07
1711	27063	15.82
1712	28161	16.45
1713	27617	16.12
1714	31812	18.56
1715	29469	17.18
1716	30648	17.86
1717	30179	17.58
1718	31381	18.27
1719	30444	17.71
1720	31235	18.16
1721	30343	17.63
1722	31613	18.36
1723	30208	17.53
1724	30240	17.54
1725	30232	17.53
1726	29127	16.88
1727	28281	16.38
1728	27378	15.84
1729	33398	19.32
1730	38556	22.29
1731	38559	22.28
1732	38565	22.27
1733	38593	22.27
1734	38720	22.33
1735	38646	22.27
1736	38653	22.27
1737	33550	19.31
1738	38607	22.21
1739	38429	22.10
1740	38417	22.08
1741	38451	22.09
1742	38594	22.15
1743	38500	22.09
1744	38508	22.08
1745	36436	20.88
1746	27596	15.81
1747	31047	17.77
1748	39192	22.42
1749	39131	22.37
1750	30266	17.29
1751	27536	15.73
1752	27562	15.73
1753	31070	17.72
1754	31549	17.99
1755	35125	20.01
1756	30883	17.59
1757	34631	19.71
1758	28467	16.19
1759	27908	15.87
1760	27744	15.76
1761	28429	16.14
1762	30255	17.17
1763	32125	18.22
1764	34878	19.77
1765	28212	15.98
1766	28892	16.36
1767	28902	16.36
1768	27786	15.72
1769	27984	15.82
1770	29376	16.60
1771	28023	15.82
1772	28769	16.24
1773	29781	16.80
1774	35791	20.18
1775	39702	22.37
1776	37778	21.27
1777	27954	15.73
1778	27965	15.73
1779	27948	15.71
1780	28391	15.95
1781	38793	21.78
1782	34675	19.46
1783	28039	15.73
1784	28103	15.75
1785	28256	15.83
1786	28127	15.75
1787	28089	15.72
1788	28124	15.73
1789	28129	15.72
1790	28548	15.95
1791	29429	16.43
1792	28182	15.73
1793	28745	16.03
1794	28191	15.71
1795	28223	15.72
1796	28303	15.76
1797	28236	15.71
1798	28322	15.75
1799	29227	16.25
1800	36288	20.16
1801	31091	17.26
1802	28343	15.73
1803	28413	15.76
1804	28369	15.73
1805	28381	15.72
1806	28489	15.77
1807	28372	15.70
1808	28521	15.77
1809	29758	16.45
1810	28486	15.74
1811	28440	15.70
1812	28458	15.71
1813	28482	15.71
1814	28616	15.78
1815	28622	15.77
1816	28517	15.70
1817	28654	15.77
1818	28792	15.84
1819	29255	16.08
1820	28782	15.81
1821	28597	15.70
1822	28620	15.71
1823	28647	15.71
1824	28652	15.71
1825	28679	15.71
1826	29047	15.91
1827	30151	16.50
1828	37366	20.44
1829	40409	22.09
1830	40396	22.07
1831	40415	22.07
1832	40447	22.08
1833	40452	22.07
1834	34456	18.79
1835	29030	15.82
1836	29622	16.13
1837	28879	15.72
1838	28878	15.71
1839	28884	15.71
1840	28921	15.72
1841	29045	15.78
1842	28956	15.72
1843	28976	15.72
1844	28983	15.72
1845	30855	16.72
1846	29030	15.73
1847	29047	15.73
1848	29062	15.73
1849	29055	15.71
1850	29299	15.84
1851	29117	15.73
1852	29127	15.73
1853	29156	15.73
1854	37514	20.23
1855	40942	22.07
1856	40956	22.07
1857	40984	22.07
1858	41016	22.08
1859	30504	16.41
1860	29227	15.71
1861	29347	15.77
1862	29973	16.10
1863	29301	15.73
1864	29343	15.74
1865	29339	15.73
1866	29351	15.73
1867	29373	15.73
1868	29781	15.94
1869	29395	15.73
1870	29393	15.72
1871	30786	16.45
1872	29447	15.73
1873	29432	15.71
1874	29481	15.73
1875	29494	15.73
1876	29530	15.74
1877	29495	15.71
1878	29573	15.75
1879	29527	15.71
1880	31318	16.66
1881	29630	15.75
1882	29619	15.74
1883	29594	15.72
1884	29610	15.72
1885	29654	15.73
1886	29725	15.76
1887	29682	15.73
1888	29732	15.75
1889	31030	16.43
1890	29691	15.71
1891	29721	15.72
1892	29741	15.72
1893	29771	15.73
1894	29777	15.72
1895	29799	15.73
1896	29804	15.72
1897	29830	15.72
1898	29845	15.72
1899	29824	15.71
1900	29822	15.70
1901	29860	15.71
1902	29910	15.73
1903	29913	15.72
1904	29924	15.72
1905	29930	15.71
1906	29921	15.70
1907	29971	15.72
1908	29992	15.72
1909	30006	15.72
1910	30093	15.76
1911	29744	15.56
1912	29322	15.34
1913	29306	15.32
1914	29349	15.33
1915	29515	15.41
1916	29318	15.30
1917	29349	15.31
1918	30600	15.95
1919	29395	15.32
1920	29397	15.31
1921	29414	15.31
1922	29441	15.32
1923	29422	15.30
1924	32598	16.94
1925	33694	17.50
1926	29544	15.34
1927	29535	15.33
1928	29524	15.31
1929	29559	15.32
1930	29597	15.34
1931	29563	15.31
1932	29758	15.40
1933	29637	15.33
1934	32104	16.60
1935	29754	15.38
1936	29737	15.36
1937	43258	22.33
1938	29731	15.34
1939	29742	15.34
1940	35868	18.49
1941	35623	18.35
1942	29866	15.38
1943	29786	15.33
1944	29790	15.32
1945	29835	15.34
1946	29812	15.32
1947	29923	15.37
1948	29828	15.31
1949	29863	15.32
1950	29894	15.33
1951	30002	15.38
1952	29939	15.34
1953	29977	15.35
1954	30752	15.74
1955	33260	17.01
1956	30004	15.34
1957	30029	15.34
1958	30045	15.34
1959	30072	15.35
1960	37142	18.95
1961	35201	17.95
1962	42231	21.52
1963	32293	16.45
1964	31163	15.87
1965	30926	15.74
1966	31047	15.79
1967	30914	15.72
1968	31303	15.91
1969	31399	15.95
1970	31274	15.88
1971	31060	15.76
1972	31007	15.72
1973	30999	15.71
1974	31042	15.73
1975	31111	15.75
1976	31108	15.74
1977	31122	15.74
1978	31235	15.79
1979	31458	15.90
1980	31155	15.73
1981	31204	15.75
1982	31250	15.77
1983	31290	15.78
1984	32808	16.54
1985	36905	18.59
1986	33372	16.80
1987	31535	15.87
1988	31442	15.82
1989	31445	15.81
1990	31384	15.77
1991	31019	15.58
1992	31878	16.00
1993	31349	15.73
1994	32089	16.09
1995	36282	18.19
1996	44145	22.12
1997	44156	22.11
1998	44158	22.10
1999	44256	22.14
2000	41335	20.67
2001	31734	15.86
2002	41314	20.64
2003	44597	22.27
2004	35684	17.81
2005	31957	15.94
2006	31646	15.78
2007	31789	15.84
2008	31681	15.78
2009	31672	15.77
2010	31716	15.78
2011	32103	15.96
2012	31914	15.86
2013	32991	16.39
2014	35964	17.86
2015	31915	15.84
2016	33647	16.69
2017	33246	16.48
2018	31906	15.81
2019	31779	15.74
2020	32090	15.89
2021	31913	15.79
2022	32272	15.96
2023	32058	15.85
2024	31846	15.73
2025	41060	20.28
2026	45105	22.26
2027	45134	22.27
2028	45213	22.29
2029	45341	22.35
2030	45334	22.33
2031	46032	22.66
2032	45869	22.57
2033	45515	22.39
2034	39266	19.30
2035	32249	15.85
2036	34692	17.04
2037	31998	15.71
2038	32856	16.12
2039	32246	15.81
2040	32122	15.75
2041	32113	15.73
2042	32129	15.73
2043	33154	16.23
2044	36201	17.71
2045	32271	15.78
2046	32173	15.72
2047	32932	16.09
2048	32165	15.71
2049	32247	15.74
2050	32281	15.75
2051	32470	15.83
2052	32475	15.83
2053	32427	15.79
2054	32341	15.75
2055	32310	15.72
2056	32368	15.74
2057	33280	16.18
2058	32376	15.73
2059	32449	15.76
2060	32434	15.74
2061	32610	15.82
2062	32508	15.77
2063	32609	15.81
2064	32503	15.75
2065	32523	15.75
2066	32544	15.75
2067	32529	15.74
2068	32540	15.74
2069	34539	16.69
2070	32663	15.78
2071	32602	15.74
2072	33098	15.97
2073	32817	15.83
2074	36542	17.62
2075	32617	15.72
2076	32650	15.73
2077	34120	16.43
2078	38239	18.40
2079	32637	15.70
2080	32696	15.72
2081	32750	15.74
2082	32841	15.77
2083	32841	15.77
2084	32717	15.70
2085	32843	15.75
2086	32840	15.74
2087	32837	15.73
2088	32782	15.70
2089	33457	16.02
2090	34854	16.68
2091	32949	15.76
2092	32896	15.72
2093	36360	17.37
2094	46365	22.14
2095	46391	22.14
2096	46416	22.15
2097	44849	21.39
2098	33016	15.74
2099	32991	15.72
2100	33162	15.79
2101	33043	15.73
2102	33129	15.76
2103	33051	15.72
2104	33549	15.95
2105	33097	15.72
2106	33113	15.72
2107	33125	15.72
2108	33204	15.75
2109	33083	15.69
2110	33139	15.71
2111	33168	15.71
2112	33751	15.98
2113	33200	15.71
2114	33247	15.73
2115	34650	16.38
2116	33413	15.79
2117	33227	15.70
2118	33271	15.71
2119	35766	16.88
2120	46969	22.16
2121	46999	22.16
2122	46966	22.13
2123	43887	20.67
2124	47015	22.14
2125	46922	22.08
2126	46941	22.08
2127	42762	20.10
2128	33500	15.74
2129	33417	15.70
2130	33717	15.83
2131	33879	15.90
2132	33487	15.71
2133	33689	15.79
2134	33614	15.75
2135	33659	15.77
2136	33605	15.73
2137	34182	16.00
2138	35729	16.71
2139	48938	22.88
2140	46204	21.59
2141	34932	16.32
2142	38104	17.79
2143	33652	15.70
2144	34058	15.89
2145	39831	18.57
2146	39905	18.60
2147	36356	16.93
2148	33931	15.80
2149	33814	15.73
2150	33811	15.73
2151	39404	18.32
2152	47526	22.08
2153	47550	22.09
2154	48154	22.36
2155	35250	16.36
2156	33842	15.70
2157	33866	15.70
2158	35843	16.61
2159	34020	15.76
2160	34010	15.75
2161	33991	15.73
2162	34124	15.78
2163	34023	15.73
2164	34012	15.72
2165	34479	15.93
2166	34096	15.74
2167	34171	15.77
2168	34711	16.01
2169	36457	16.81
2170	34293	15.80
2171	34437	15.86
2172	35408	16.30
2173	39661	18.25
2174	38220	17.58
2175	42544	19.56
2176	37468	17.22
2177	48087	22.09
2178	35439	16.27
2179	34223	15.71
2180	34992	16.05
2181	34245	15.70
2182	34294	15.72
2183	34447	15.78
2184	34441	15.77
2185	36957	16.91
2186	35125	16.07
2187	34785	15.91
2188	34496	15.77
2189	34487	15.75
2190	34539	15.77
2191	41149	18.78
2192	34544	15.76
2193	34608	15.78
2194	36397	16.59
2195	34637	15.78
2196	35840	16.32
2197	35700	16.25
2198	38798	17.65
2199	34681	15.77
2200	34595	15.72
2201	92728	42.13
2202	34691	15.75
2203	34607	15.71
2204	34598	15.70
2205	34760	15.76
2206	34664	15.71
2207	34755	15.75
2208	34693	15.71
2209	34751	15.73
2210	34762	15.73
2211	34915	15.79
2212	34778	15.72
2213	34845	15.75
2214	44576	20.13
2215	38029	17.17
2216	35005	15.80
2217	34929	15.76
2218	35560	16.03
2219	35046	15.79
2220	35261	15.88
2221	44020	19.82
2222	49125	22.11
2223	49225	22.14
2224	43519	19.57
2225	35653	16.02
2226	49303	22.15
2227	49458	22.21
2228	60840	27.31
2229	41288	18.52
2230	42972	19.27
2231	39684	17.79
2232	35470	15.89
2233	35186	15.76
2234	35424	15.86
2235	35267	15.78
2236	35262	15.77
2237	35274	15.77
2238	35294	15.77
2239	48119	21.49
2240	49842	22.25
2241	40100	17.89
2242	35799	15.97
2243	40496	18.05
2244	35807	15.96
2245	35492	15.81
2246	35463	15.79
2247	35498	15.80
2248	35421	15.76
2249	41029	18.24
2250	58724	26.10
2251	53489	23.76
2252	46878	20.82
2253	57746	25.63
2254	58297	25.86
2255	58414	25.90
2256	50353	22.32
2257	41278	18.29
2258	45741	20.26
2259	52499	23.24
2260	48919	21.65
2261	44356	19.62
2262	55155	24.38
2263	60602	26.78
2264	51559	22.77
2265	43605	19.25
2266	42740	18.86
2267	54481	24.03
2268	58223	25.67
2269	62827	27.69
2270	53886	23.74
2271	47458	20.90
2272	69104	30.42
2273	66042	29.05
2274	64074	28.18
2275	68909	30.29
2276	60442	26.56
2277	48579	21.33
2278	69289	30.42
2279	47709	20.93
2280	46954	20.59
2281	52882	23.18
2282	44528	19.51
2283	45825	20.07
2284	56029	24.53
2285	48714	21.32
2286	57401	25.11
2287	61788	27.02
2288	63964	27.96
2289	70055	30.61
2290	46325	20.23
2291	48735	21.27
2292	61745	26.94
2293	71890	31.35
2294	55261	24.09
2295	44486	19.38
2296	43825	19.09
2297	43161	18.79
2298	42085	18.31
2299	41965	18.25
2300	40665	17.68
2301	40453	17.58
2302	40292	17.50
2303	40276	17.49
2304	40340	17.51
2305	40960	17.77
2306	40879	17.73
2307	39260	17.02
2308	38258	16.58
2309	36285	15.71
2310	36354	15.74
2311	36323	15.72
2312	36818	15.92
2313	36372	15.73
2314	36371	15.72
2315	36440	15.74
2316	40070	17.30
2317	39729	17.15
2318	36632	15.80
2319	48654	20.98
2320	51497	22.20
2321	51414	22.15
2322	44545	19.18
2323	39736	17.11
2324	36687	15.79
2325	49610	21.34
2326	36736	15.79
2327	36605	15.73
2328	36631	15.73
2329	36566	15.70
2330	37108	15.93
2331	36629	15.71
2332	36989	15.86
2333	39104	16.76
2334	36652	15.70
2335	36649	15.70
2336	36751	15.73
2337	36852	15.77
2338	36721	15.71
2339	45265	19.35
2340	38071	16.27
2341	36825	15.73
2342	36982	15.79
2343	36885	15.74
2344	36896	15.74
2345	36916	15.74
2346	37184	15.85
2347	44582	19.00
2348	55820	23.77
2349	60917	25.93
2350	60788	25.87
2351	59688	25.39
2352	47023	19.99
2353	49021	20.83
2354	42331	17.98
2355	41440	17.60
2356	41220	17.50
2357	41259	17.50
2358	41795	17.72
2359	41263	17.49
2360	41247	17.48
2361	41275	17.48
2362	42594	18.03
2363	38583	16.33
2364	37141	15.71
2365	37490	15.85
2366	37250	15.74
2367	37171	15.70
2368	37230	15.72
2369	37220	15.71
2370	37183	15.69
2371	37188	15.68
2372	37420	15.78
2373	37275	15.71
2374	37347	15.73
2375	37405	15.75
2376	37343	15.72
2377	37414	15.74
2378	37308	15.69
2379	37428	15.73
2380	37511	15.76
2381	37328	15.68
2382	37343	15.68
2383	37475	15.73
2384	37445	15.71
2385	37913	15.90
2386	40888	17.14
2387	45447	19.04
2388	41326	17.31
2389	39705	16.62
2390	37537	15.71
2391	38591	16.14
2392	38540	16.11
2393	38710	16.18
2394	38355	16.02
2395	38361	16.02
2396	38557	16.09
2397	37622	15.70
2398	38006	15.85
2399	38585	16.08
2400	38168	15.90
2401	37843	15.76
2402	37823	15.75
2403	37854	15.75
2404	37770	15.71
2405	37833	15.73
2406	38225	15.89
2407	37752	15.68
2408	37926	15.75
2409	37805	15.69
2410	37912	15.73
2411	37951	15.74
2412	38056	15.78
2413	38002	15.75
2414	37941	15.72
2415	37916	15.70
2416	37903	15.69
2417	37929	15.69
2418	37951	15.70
2419	38091	15.75
2420	38965	16.10
2421	38677	15.98
2422	38003	15.69
2423	37349	15.41
2424	37199	15.35
2425	37096	15.30
2426	46599	19.21
2427	50621	20.86
2428	52256	21.52
2429	52264	21.52
2430	52325	21.53
2431	51706	21.27
2432	40770	16.76
2433	40963	16.84
2434	37238	15.30
2435	39364	16.17
2436	37263	15.30
2437	37238	15.28
2438	38074	15.62
2439	38565	15.81
2440	38984	15.98
2441	37302	15.28
2442	37419	15.32
2443	38622	15.81
2444	37399	15.30
2445	43218	17.68
2446	53286	21.78
2447	37453	15.31
2448	37612	15.36
2449	37482	15.31
2450	37499	15.31
2451	37596	15.34
2452	40072	16.34
2453	39226	15.99
2454	37790	15.40
2455	37607	15.32
2456	37615	15.32
2457	37605	15.31
2458	37624	15.31
2459	39834	16.20
2460	39073	15.88
2461	37693	15.32
2462	37770	15.34
2463	37717	15.31
2464	37694	15.30
2465	37732	15.31
2466	40245	16.32
2467	41492	16.82
2468	37775	15.31
2469	37795	15.31
2470	37794	15.30
2471	37830	15.31
2472	39371	15.93
2473	39334	15.91
2474	38060	15.38
2475	37919	15.32
2476	37903	15.31
2477	37923	15.31
2478	38005	15.34
2479	38054	15.35
2480	40176	16.20
2481	38186	15.39
2482	38866	15.66
2483	38018	15.31
2484	38020	15.31
2485	38033	15.31
2486	38057	15.31
2487	38922	15.65
2488	38174	15.34
2489	38886	15.62
2490	38151	15.32
2491	38161	15.32
2492	38160	15.31
2493	38167	15.31
2494	38330	15.37
2495	38187	15.31
2496	39467	15.81
2497	38216	15.30
2498	38235	15.31
2499	38253	15.31
2500	38198	15.28
2501	38278	15.31
2502	38350	15.33
2503	38323	15.31
2504	38370	15.32
2505	38363	15.31
2506	38457	15.35
2507	38384	15.31
2508	38452	15.33
2509	38446	15.32
2510	38553	15.36
2511	38454	15.31
2512	38470	15.31
2513	38489	15.32
2514	38528	15.33
2515	38537	15.32
2516	38585	15.34
2517	38571	15.32
2518	38723	15.38
2519	38576	15.31
2520	46092	18.29
2521	38593	15.31
2522	38626	15.32
2523	38746	15.36
2524	38947	15.43
2525	38635	15.30
2526	38716	15.33
2527	38828	15.37
2528	38681	15.30
2529	38797	15.34
2530	38766	15.32
2531	38786	15.32
2532	38822	15.33
2533	38784	15.31
2534	38801	15.31
2535	38837	15.32
2536	38928	15.35
2537	38857	15.32
2538	39015	15.37
2539	45900	18.08
2540	39034	15.37
2541	41155	16.20
2542	39217	15.43
2543	39125	15.39
2544	38967	15.32
2545	39063	15.35
2546	38994	15.32
2547	38983	15.31
2548	39052	15.33
2549	41783	16.39
2550	39041	15.31
2551	39049	15.31
2552	39041	15.30
2553	39040	15.29
2554	39115	15.32
2555	46091	18.04
2556	39179	15.33
2557	39185	15.32
2558	39163	15.31
2559	39240	15.33
2560	39271	15.34
2561	39385	15.38
2562	39298	15.34
2563	47051	18.36
2564	39265	15.31
2565	40193	15.67
2566	39295	15.31
2567	41858	16.31
2568	40626	15.82
2569	39354	15.32
2570	39378	15.32
2571	39378	15.32
2572	39405	15.32
2573	39422	15.32
2574	39430	15.32
2575	41739	16.21
2576	39597	15.37
2577	41319	16.03
2578	41612	16.14
2579	40713	15.79
2580	39669	15.38
2581	39662	15.37
2582	39606	15.34
2583	39605	15.33
2584	39634	15.34
2585	40360	15.61
2586	39678	15.34
2587	39711	15.35
2588	44534	17.21
2589	40864	15.78
2590	50736	19.59
2591	59073	22.80
2592	58486	22.56
2593	58131	22.42
2594	57500	22.17
2595	56325	21.71
2596	56598	21.80
2597	60350	23.24
2598	59090	22.74
2599	56394	21.70
2600	57486	22.11
2601	58505	22.49
2602	57182	21.98
2603	50073	19.24
2604	40010	15.36
2605	39992	15.35
2606	39925	15.32
2607	39944	15.32
2608	43028	16.50
2609	40419	15.49
2610	51797	19.85
2611	56302	21.56
2612	57000	21.82
2613	57435	21.98
2614	57548	22.02
2615	62007	23.71
2616	63833	24.40
2617	49169	18.79
2618	51184	19.55
2619	52077	19.88
2620	50722	19.36
2621	48113	18.36
2622	47213	18.01
2623	46752	17.82
2624	45986	17.53
2625	45925	17.50
2626	45963	17.50
2627	44752	17.04
2628	44998	17.12
2629	43691	16.62
2630	42871	16.30
2631	45632	17.34
2632	46123	17.52
2633	46085	17.50
2634	46099	17.50
2635	46123	17.50
2636	46112	17.49
2637	45442	17.23
2638	44838	17.00
2639	44414	16.83
2640	40648	15.40
2641	40469	15.32
2642	40497	15.33
2643	40576	15.35
2644	40484	15.31
2645	40528	15.32
2646	40543	15.32
2647	40589	15.33
2648	42416	16.02
2649	42828	16.17
2650	47155	17.79
2651	43480	16.40
2652	41918	15.81
2653	40689	15.34
2654	41491	15.63
2655	40695	15.33
2656	40706	15.33
2657	40702	15.32
2658	40812	15.35
2659	40733	15.32
2660	40739	15.32
2661	40767	15.32
2662	40782	15.32
2663	40811	15.33
2664	40783	15.31
2665	40917	15.35
2666	59086	22.16
2667	41727	15.65
2668	41147	15.42
2669	40961	15.35
2670	41096	15.39
2671	41637	15.59
2672	40926	15.32
2673	40986	15.33
2674	40928	15.31
2675	40939	15.30
2676	40967	15.31
2677	40986	15.31
2678	41009	15.31
2679	40991	15.30
2680	40973	15.29
2681	41123	15.34
2682	41011	15.29
2683	41056	15.30
2684	41712	15.54
2685	41183	15.34
2686	50574	18.83
2687	41117	15.30
2688	41201	15.33
2689	41163	15.31
2690	41125	15.29
2691	41178	15.30
2692	41279	15.33
2693	41210	15.30
2694	41205	15.30
2695	41229	15.30
2696	41248	15.30
2697	42545	15.77
2698	41304	15.31
2699	41258	15.29
2700	41278	15.29
2701	41356	15.31
2702	41366	15.31
2703	42946	15.89
2704	41322	15.28
2705	41385	15.30
2706	41407	15.30
2707	41519	15.34
2708	41456	15.31
2709	41450	15.30
2710	41479	15.31
2711	41584	15.34
2712	41534	15.31
2713	41575	15.32
2714	41541	15.31
2715	41690	15.36
2716	41598	15.32
2717	42796	15.75
2718	41612	15.31
2719	41623	15.31
2720	41612	15.30
2721	41681	15.32
2722	41736	15.33
2723	41657	15.30
2724	42909	15.75
2725	41680	15.30
2726	41728	15.31
2727	43868	16.09
2728	40774	14.95
2729	40766	14.94
2730	40893	14.98
2731	40793	14.94
2732	40783	14.93
2733	41762	15.28
2734	40815	14.93
2735	40834	14.93
2736	40900	14.95
2737	40929	14.95
2738	40875	14.93
2739	42526	15.53
2740	40896	14.93
2741	41757	15.23
2742	40966	14.94
2743	40936	14.92
2744	42558	15.51
2745	41113	14.98
2746	41030	14.94
2747	41023	14.93
2748	41046	14.94
2749	41017	14.92
2750	41055	14.93
2751	41096	14.94
2752	41155	14.95
2753	41111	14.93
2754	41132	14.94
2755	41078	14.91
2756	41143	14.93
2757	41194	14.94
2758	41172	14.93
2759	41194	14.93
2760	44438	16.10
2761	41225	14.93
2762	41250	14.93
2763	42124	15.25
2764	43070	15.58
2765	41292	14.93
2766	42184	15.25
2767	41411	14.97
2768	41321	14.93
2769	41350	14.93
2770	41364	14.93
2771	42938	15.50
2772	42294	15.26
2773	45063	16.25
2774	41415	14.93
2775	41423	14.93
2776	41462	14.94
2777	42462	15.29
2778	42185	15.19
2779	41511	14.94
2780	41487	14.92
2781	42226	15.18
2782	41628	14.96
2783	42434	15.25
2784	45096	16.20
2785	41587	14.93
2786	41673	14.96
2787	41630	14.94
2788	41628	14.93
2789	41646	14.93
2790	41762	14.97
2791	41689	14.94
2792	41705	14.94
2793	41791	14.96
2794	41727	14.93
2795	41758	14.94
2796	41764	14.94
2797	43301	15.48
2798	41827	14.95
2799	41806	14.94
2800	41836	14.94
2801	41827	14.93
2802	42567	15.19
2803	41868	14.94
2804	41893	14.94
2805	41956	14.96
2806	41901	14.93
2807	41925	14.94
2808	41927	14.93
2809	41979	14.94
2810	45722	16.27
2811	48629	17.30
2812	45730	16.26
2813	42013	14.94
2814	42000	14.93
2815	46147	16.39
2816	43527	15.46
2817	45670	16.21
2818	42078	14.93
2819	42896	15.22
2820	42079	14.92
2821	42161	14.95
2822	42218	14.96
2823	60966	21.60
2824	61905	21.92
2825	56812	20.11
2826	42235	14.95
2827	42233	14.94
2828	44025	15.57
2829	42361	14.97
2830	42330	14.96
2831	47570	16.80
2832	42278	14.93
2833	42490	15.00
2834	46152	16.29
2835	42358	14.94
2836	42371	14.94
2837	46790	16.49
2838	43491	15.32
2839	44835	15.79
2840	43476	15.31
2841	43436	15.29
2842	45595	16.04
2843	43531	15.31
2844	43525	15.30
2845	47774	16.79
2846	43601	15.32
2847	43613	15.32
2848	44355	15.57
2849	43614	15.31
2850	43670	15.32
2851	46634	16.36
2852	43692	15.32
2853	43694	15.32
2854	48674	17.05
2855	43742	15.32
2856	44842	15.70
2857	69861	24.45
2858	62413	21.84
2859	53210	18.61
2860	43887	15.35
2861	43831	15.32
2862	48611	16.98
2863	43820	15.31
2864	44652	15.59
2865	44629	15.58
2866	44013	15.36
2867	51778	18.06
2868	43917	15.31
2869	43934	15.31
2870	47114	16.42
2871	43945	15.31
2872	44983	15.66
2873	46729	16.26
2874	45104	15.69
2875	45157	15.71
2876	45148	15.70
2877	45185	15.71
2878	46205	16.05
2879	45259	15.72
2880	45268	15.72
2881	45931	15.94
2882	45302	15.72
2883	45330	15.72
2884	59037	20.47
2885	59666	20.68
2886	46071	15.96
2887	45389	15.72
2888	45806	15.86
2889	46515	16.10
2890	45423	15.72
2891	45369	15.69
2892	45860	15.86
2893	45471	15.72
2894	45469	15.71
2895	45620	15.76
2896	45513	15.72
2897	45879	15.84
2898	45548	15.72
2899	45570	15.72
2900	45733	15.77
2901	45682	15.75
2902	45807	15.78
2903	45742	15.76
2904	45798	15.77
2905	45734	15.74
2906	45817	15.77
2907	45764	15.74
2908	45964	15.81
2909	45649	15.69
2910	45658	15.69
2911	46567	16.00
2912	45848	15.74
2913	45774	15.71
2914	46293	15.89
2915	45778	15.70
2916	45819	15.71
2917	50926	17.46
2918	45881	15.72
2919	45885	15.72
2920	45999	15.75
2921	45940	15.73
2922	46499	15.91
2923	46220	15.81
2924	46906	16.04
2925	46588	15.93
2926	55220	18.87
2927	52907	18.08
2928	45980	15.70
2929	46066	15.73
2930	46089	15.73
2931	45992	15.69
2932	46043	15.70
2933	46270	15.78
2934	46152	15.73
2935	46160	15.73
2936	46114	15.71
2937	46214	15.74
2938	46078	15.68
2939	46121	15.69
2940	46226	15.72
2941	46210	15.71
2942	46185	15.70
2943	46255	15.72
2944	46248	15.71
2945	46258	15.71
2946	46466	15.77
2947	46350	15.73
2948	46271	15.70
2949	55823	18.93
2950	66029	22.38
2951	63482	21.51
2952	46375	15.71
2953	46357	15.70
2954	46660	15.80
2955	46421	15.71
2956	46483	15.72
2957	46917	15.87
2958	46448	15.70
2959	46453	15.70
2960	46813	15.82
2961	46520	15.71
2962	48594	16.41
2963	46552	15.71
2964	46561	15.71
2965	46809	15.79
2966	46609	15.71
2967	46620	15.71
2968	46649	15.72
2969	46662	15.72
2970	47308	15.93
2971	47166	15.88
2972	46702	15.71
2973	46784	15.74
2974	66536	22.37
2975	81170	27.28
2976	64314	21.61
2977	55217	18.55
2978	52666	17.69
2979	49591	16.65
2980	48198	16.17
2981	46818	15.71
2982	47141	15.81
2983	46867	15.71
2984	46880	15.71
2985	47040	15.76
2986	46925	15.72
2987	46949	15.72
2988	46945	15.71
2989	47036	15.74
2990	48749	16.30
2991	46991	15.71
2992	47038	15.72
2993	47195	15.77
2994	47035	15.71
2995	47181	15.75
2996	47052	15.70
2997	47148	15.73
2998	47274	15.77
2999	47099	15.70
3000	47257	15.75
3001	48147	16.04
3002	47227	15.73
3003	47511	15.82
3004	47186	15.71
3005	47302	15.74
3006	47237	15.71
3007	47276	15.72
3008	47338	15.74
3009	47274	15.71
3010	47398	15.75
3011	47437	15.75
3012	47350	15.72
3013	48003	15.93
3014	47351	15.71
3015	47378	15.71
3016	47541	15.76
3017	47530	15.75
3018	47732	15.82
3019	47450	15.72
3020	47900	15.86
3021	47551	15.74
3022	47517	15.72
3023	47775	15.80
3024	47526	15.72
3025	47519	15.71
3026	47653	15.75
3027	47532	15.70
3028	47629	15.73
3029	47723	15.76
3030	47777	15.77
3031	47702	15.74
3032	47779	15.76
3033	47757	15.75
3034	47661	15.71
3035	47837	15.76
3036	47577	15.67
3037	46556	15.33
3038	46558	15.33
3039	46581	15.33
3040	46558	15.32
3041	46584	15.32
3042	46671	15.34
3043	46757	15.37
3044	46676	15.33
3045	46660	15.32
3046	46780	15.36
3047	46739	15.34
3048	46795	15.35
3049	46705	15.32
3050	46747	15.33
3051	46738	15.32
3052	51249	16.79
3053	46721	15.30
3054	46761	15.31
3055	46832	15.33
3056	46790	15.31
3057	46781	15.30
3058	46875	15.33
3059	46813	15.30
3060	46816	15.30
3061	46818	15.30
3062	46965	15.34
3063	46877	15.30
3064	46942	15.32
3065	47012	15.34
3066	46942	15.31
3067	48754	15.90
3068	47010	15.32
3069	46908	15.28
3070	45872	14.94
3071	46004	14.98
3072	45922	14.95
3073	45906	14.94
3074	46066	14.99
3075	45968	14.95
3076	45989	14.95
3077	45985	14.94
3078	45974	14.94
3079	45998	14.94
3080	45978	14.93
3081	46080	14.96
3082	47261	15.33
3083	46054	14.94
3084	47011	15.24
3085	46116	14.95
3086	46113	14.94
3087	46185	14.96
3088	47919	15.52
3089	46152	14.94
3090	46165	14.94
3091	46252	14.96
3092	46167	14.93
3093	46196	14.94
3094	46330	14.97
3095	46271	14.95
3096	46269	14.94
3097	46257	14.94
3098	47896	15.46
3099	46292	14.94
3100	47060	15.18
3101	46389	14.96
3102	46320	14.93
3103	46384	14.95
3104	49203	15.85
3105	46415	14.95
3106	46420	14.95
3107	46388	14.93
3108	46429	14.94
3109	48044	15.45
3110	51476	16.55
3111	49259	15.83
3112	52245	16.79
3113	48415	15.55
3114	46609	14.97
3115	46524	14.94
3116	46562	14.94
3117	48228	15.47
3118	50232	16.11
3119	46585	14.94
3120	46571	14.93
3121	46605	14.93
3122	47483	15.21
3123	48436	15.51
3124	46842	14.99
3125	46644	14.93
3126	46692	14.94
3127	46788	14.96
3128	46725	14.94
3129	46754	14.94
3130	46723	14.93
3131	47679	15.23
3132	46754	14.93
3133	46808	14.94
3134	47721	15.23
3135	47494	15.15
3136	46839	14.94
3137	46942	14.96
3138	46870	14.94
3139	46911	14.94
3140	46904	14.94
3141	47010	14.97
3142	46964	14.95
3143	46958	14.94
3144	47017	14.95
3145	47004	14.95
3146	46992	14.94
3147	46999	14.93
3148	47038	14.94
3149	47046	14.94
3150	48001	15.24
3151	47047	14.93
3152	47941	15.21
3153	47101	14.94
3154	47168	14.95
3155	47149	14.94
3156	47185	14.95
3157	48154	15.25
3158	47159	14.93
3159	47206	14.94
3160	47238	14.95
3161	47205	14.93
3162	47247	14.94
3163	50574	15.99
3164	47246	14.93
3165	49366	15.60
3166	47310	14.94
3167	48009	15.16
3168	47312	14.93
3169	49013	15.47
3170	47446	14.97
3171	47354	14.93
3172	47389	14.94
3173	47404	14.94
3174	47409	14.94
3175	47455	14.95
3176	47418	14.93
3177	47555	14.97
3178	47464	14.94
3179	47483	14.94
3180	47556	14.95
3181	47519	14.94
3182	52219	16.41
3183	50399	15.83
3184	51346	16.13
3185	49451	15.53
3186	47689	14.97
3187	47583	14.93
3188	47642	14.94
3189	48604	15.24
3190	47665	14.94
3191	47682	14.94
3192	47691	14.94
3193	47773	14.96
3194	47736	14.95
3195	47738	14.94
3196	47759	14.94
3197	47753	14.94
3198	52309	16.36
3199	48740	15.24
3200	48575	15.18
3201	48167	15.05
3202	49107	15.34
3203	49020	15.30
3204	49043	15.31
3205	49041	15.30
3206	49047	15.30
3207	49069	15.30
3208	49108	15.31
3209	49210	15.33
3210	49149	15.31
3211	49165	15.31
3212	49256	15.33
3213	49182	15.31
3214	49209	15.31
3215	52428	16.31
3216	51886	16.13
3217	49270	15.32
3218	49234	15.30
3219	49276	15.31
3220	49312	15.31
3221	49369	15.33
3222	49350	15.32
3223	49357	15.31
3224	49461	15.34
3225	49364	15.31
3226	49391	15.31
3227	49421	15.31
3228	49498	15.33
3229	49437	15.31
3230	49416	15.30
3231	50826	15.73
3232	49479	15.31
3233	48516	15.01
3234	48355	14.95
3235	48330	14.94
3236	48340	14.94
3237	48315	14.93
3238	48360	14.94
3239	48366	14.93
3240	48457	14.96
3241	49305	15.21
3242	48425	14.94
3243	48482	14.95
3244	50443	15.55
3245	48843	15.05
3246	48483	14.94
3247	48477	14.93
3248	48495	14.93
3249	49110	15.12
3250	48624	14.96
3251	48563	14.94
3252	48575	14.94
3253	48640	14.95
3254	50191	15.42
3255	48641	14.94
3256	48681	14.95
3257	48688	14.95
3258	48668	14.94
3259	48740	14.96
3260	49419	15.16
3261	48716	14.94
3262	48733	14.94
3263	48881	14.98
3264	48746	14.93
3265	48801	14.95
3266	48841	14.95
3267	51693	15.82
3268	48805	14.93
3269	48914	14.96
3270	48864	14.94
3271	51150	15.64
3272	49019	14.98
3273	51308	15.68
3274	48901	14.94
3275	49014	14.97
3276	48987	14.95
3277	48942	14.94
3278	49689	15.16
3279	48975	14.94
3280	48980	14.93
3281	49061	14.95
3282	49058	14.95
3283	49055	14.94
3284	49074	14.94
3285	49138	14.96
3286	52139	15.87
3287	50715	15.43
3288	49121	14.94
3289	49083	14.92
3290	49112	14.93
3291	49229	14.96
3292	49172	14.94
3293	49213	14.94
3294	49935	15.16
3295	49226	14.94
3296	49265	14.95
3297	49293	14.95
3298	49289	14.95
3299	49252	14.93
3300	50877	15.42
3301	49284	14.93
3302	49354	14.95
3303	49416	14.96
3304	49376	14.94
3305	49339	14.93
3306	49391	14.94
3307	49437	14.95
3308	49433	14.94
3309	49443	14.94
3310	51977	15.70
3311	49485	14.95
3312	49455	14.93
3313	49628	14.98
3314	50350	15.19
3315	56846	17.15
3316	49574	14.95
3317	49522	14.93
3318	49607	14.95
3319	49553	14.93
3320	50439	15.19
3321	50619	15.24
3322	49605	14.93
3323	52191	15.71
3324	51216	15.41
3325	49675	14.94
3326	49716	14.95
3327	50490	15.18
3328	50333	15.12
3329	49709	14.93
3330	49722	14.93
3331	49767	14.94
3332	49748	14.93
3333	49761	14.93
3334	49811	14.94
3335	49822	14.94
3336	49881	14.95
3337	51174	15.34
3338	49827	14.93
3339	49878	14.94
3340	53109	15.90
3341	49937	14.95
3342	49900	14.93
3343	53357	15.96
3344	49981	14.95
3345	49949	14.93
3346	49977	14.94
3347	49979	14.93
3348	50021	14.94
3349	50031	14.94
3350	50961	15.21
3351	50059	14.94
3352	50971	15.21
3353	50135	14.95
3354	50114	14.94
3355	51029	15.21
3356	51141	15.24
3357	51734	15.41
3358	58643	17.46
3359	50162	14.93
3360	50166	14.93
3361	58678	17.46
3362	52754	15.69
3363	50220	14.93
3364	50213	14.93
3365	50246	14.93
3366	50211	14.92
3367	51977	15.44
3368	54762	16.26
3369	54513	16.18
3370	51242	15.21
3371	50340	14.93
3372	50384	14.94
3373	51356	15.23
3374	50419	14.94
3375	50434	14.94
3376	50662	15.01
3377	50455	14.94
3378	50503	14.95
3379	50506	14.95
3380	50477	14.93
3381	51447	15.22
3382	51362	15.19
3383	50519	14.93
3384	50559	14.94
3385	50779	15.00
3386	50618	14.95
3387	50610	14.94
3388	51910	15.32
3389	51897	15.31
3390	51891	15.31
3391	51972	15.33
3392	51941	15.31
3393	51948	15.31
3394	52026	15.33
3395	51979	15.31
3396	51974	15.30
3397	52074	15.33
3398	51998	15.30
3399	52045	15.31
3400	54067	15.90
3401	52015	15.29
3402	52099	15.31
3403	52160	15.33
3404	52112	15.31
3405	52146	15.31
3406	52237	15.34
3407	52174	15.31
3408	52202	15.32
3409	52276	15.33
3410	52211	15.31
3411	53932	15.81
3412	54301	15.91
3413	52263	15.31
3414	52258	15.31
3415	52280	15.31
3416	53709	15.72
3417	52310	15.31
3418	51409	15.04
3419	51026	14.92
3420	51049	14.93
3421	51083	14.93
3422	51112	14.94
3423	51100	14.93
3424	51311	14.99
3425	51110	14.92
3426	52912	15.44
3427	51196	14.94
3428	51155	14.92
3429	51200	14.93
3430	51228	14.94
3431	51221	14.93
3432	51280	14.94
3433	51241	14.93
3434	51265	14.93
3435	51323	14.94
3436	51326	14.94
3437	51358	14.94
3438	51313	14.93
3439	51335	14.93
3440	51378	14.94
3441	51353	14.92
3442	52999	15.40
3443	51416	14.93
3444	51433	14.93
3445	52274	15.17
3446	51443	14.93
3447	51492	14.94
3448	52240	15.15
3449	51527	14.94
3450	51548	14.94
3451	51609	14.95
3452	51583	14.94
3453	51601	14.94
3454	51593	14.94
3455	51622	14.94
3456	51627	14.94
3457	51756	14.97
3458	51674	14.94
3459	51692	14.94
3460	52498	15.17
3461	51725	14.95
3462	51704	14.93
3463	51782	14.95
3464	51757	14.94
3465	51739	14.93
3466	51836	14.96
3467	51781	14.94
3468	51811	14.94
3469	51873	14.95
3470	51812	14.93
3471	51878	14.95
3472	52793	15.21
3473	51899	14.94
3474	52632	15.15
3475	53941	15.52
3476	52086	14.98
3477	51932	14.94
3478	52795	15.18
3479	52575	15.11
3480	52618	15.12
3481	51998	14.94
3482	53857	15.47
3483	52018	14.93
3484	52103	14.95
3485	54563	15.66
3486	52137	14.96
3487	52081	14.94
3488	52177	14.96
3489	52115	14.94
3490	52205	14.96
3491	52114	14.93
3492	53025	15.18
3493	52194	14.94
3494	52175	14.93
3495	52225	14.94
3496	52188	14.93
3497	52251	14.94
3498	52324	14.96
3499	52276	14.94
3500	53853	15.39
3501	52371	14.96
3502	52301	14.93
3503	55783	15.92
3504	52459	14.97
3505	52372	14.94
3506	52396	14.94
3507	52485	14.97
3508	54391	15.50
3509	52428	14.94
3510	54777	15.61
3511	52456	14.94
3512	52447	14.93
3513	52615	14.98
3514	52480	14.93
3515	55118	15.68
3516	52658	14.98
3517	52536	14.94
3518	52543	14.94
3519	52729	14.98
3520	92124	26.17
3521	85238	24.21
3522	69884	19.84
3523	63221	17.95
3524	58305	16.55
3525	54895	15.57
3526	52654	14.93
3527	52819	14.98
3528	56289	15.95
3529	55916	15.84
3530	53587	15.18
3531	52844	14.97
3532	56839	16.09
3533	55438	15.69
3534	55092	15.59
3535	54087	15.30
3536	54106	15.30
3537	54135	15.31
3538	54124	15.30
3539	54193	15.31
3540	54185	15.31
3541	54219	15.31
3542	54240	15.31
3543	54247	15.31
3544	54234	15.30
3545	54230	15.30
3546	54338	15.32
3547	54287	15.31
3548	54292	15.30
3549	54335	15.31
3550	54360	15.31
3551	54349	15.31
3552	54435	15.33
3553	54367	15.30
3554	54383	15.30
3555	54406	15.30
3556	54420	15.30
3557	54448	15.31
3558	54457	15.31
3559	54550	15.33
3560	55238	15.52
3561	54498	15.30
3562	54350	15.26
3563	54456	15.28
3564	56522	15.86
3565	56606	15.88
3566	53210	14.92
3567	53264	14.93
3568	56315	15.78
3569	53314	14.94
3570	54264	15.20
3571	53369	14.95
3572	53436	14.96
3573	54988	15.39
3574	53391	14.94
3575	53416	14.94
3576	53420	14.94
3577	57053	15.95
3578	53431	14.93
3579	53564	14.97
3580	53459	14.93
3581	53497	14.94
3582	53572	14.96
3583	53555	14.95
3584	53538	14.94
3585	53517	14.93
3586	53563	14.94
3587	53633	14.95
3588	54400	15.16
3589	57174	15.93
3590	53631	14.94
3591	53753	14.97
3592	56213	15.65
3593	53697	14.94
3594	53692	14.94
3595	53692	14.94
3596	53769	14.95
3597	53707	14.93
3598	53727	14.93
3599	53770	14.94
3600	55355	15.38
3601	53852	14.95
3602	54853	15.23
3603	53834	14.94
3604	53833	14.94
3605	53877	14.95
3606	53884	14.94
3607	53867	14.93
3608	53994	14.97
3609	54174	15.01
3610	54133	15.00
3611	53954	14.94
3612	55529	15.37
3613	54892	15.19
3614	58894	16.30
3615	57146	15.81
3616	54717	15.13
3617	54078	14.95
3618	62736	17.34
3619	56013	15.48
3620	55527	15.34
3621	55443	15.31
3622	57956	16.00
3623	55574	15.34
3624	55487	15.31
3625	55526	15.32
3626	55566	15.32
3627	55548	15.32
3628	55597	15.32
3629	56941	15.69
3630	57165	15.75
3631	55682	15.34
3632	55621	15.31
3633	55613	15.31
3634	55721	15.33
3635	55635	15.31
3636	55697	15.32
3637	55811	15.35
3638	55712	15.31
3639	55716	15.31
3640	55730	15.31
3641	55728	15.31
3642	55830	15.33
3643	55787	15.31
3644	55776	15.31
3645	55800	15.31
3646	55811	15.31
3647	55503	15.22
3648	54472	14.93
3649	54525	14.94
3650	54542	14.94
3651	54553	14.94
3652	54559	14.94
3653	54588	14.94
3654	54650	14.96
3655	54611	14.94
3656	54573	14.93
3657	56187	15.36
3658	54629	14.93
3659	55449	15.15
3660	54674	14.94
3661	54667	14.93
3662	54792	14.96
3663	54725	14.94
3664	57616	15.72
3665	54835	14.96
3666	54765	14.94
3667	54786	14.94
3668	54866	14.96
3669	54841	14.95
3670	54813	14.94
3671	55786	15.20
3672	55743	15.18
3673	58157	15.83
3674	54853	14.93
3675	61452	16.72
3676	54903	14.94
3677	54981	14.95
3678	54896	14.93
3679	54926	14.93
3680	56537	15.36
3681	57908	15.73
3682	55786	15.15
3683	60698	16.48
3684	56868	15.44
3685	55045	14.94
3686	55079	14.94
3687	57053	15.47
3688	57046	15.47
3689	57023	15.46
3690	55115	14.94
3691	55237	14.97
3692	55187	14.95
3693	55163	14.94
3694	56129	15.19
3695	55128	14.92
3696	55207	14.94
3697	56064	15.16
3698	55240	14.94
3699	55210	14.93
3700	55359	14.96
3701	55264	14.93
3702	57599	15.56
3703	56723	15.32
3704	56714	15.31
3705	56767	15.32
3706	56721	15.31
3707	56727	15.30
3708	56747	15.30
3709	56827	15.32
3710	59591	16.06
3711	59510	16.04
3712	58460	15.75
3713	56940	15.34
3714	58388	15.72
3715	56820	15.29
3716	56908	15.31
3717	56864	15.30
3718	56927	15.31
3719	56838	15.28
3720	56908	15.30
3721	56983	15.31
3722	56954	15.30
3723	56953	15.30
3724	57054	15.32
3725	57000	15.30
3726	57007	15.30
3727	57026	15.30
3728	57048	15.30
3729	57457	15.41
3730	55684	14.93
3731	57196	15.33
3732	55841	14.96
3733	55727	14.93
3734	55772	14.94
3735	55726	14.92
3736	55755	14.92
3737	55799	14.93
3738	57369	15.35
3739	55814	14.93
3740	55912	14.95
3741	55824	14.92
3742	55829	14.92
3743	55994	14.96
3744	55910	14.93
3745	55874	14.92
3746	55976	14.94
3747	55901	14.92
3748	56006	14.94
3749	55956	14.93
3750	55942	14.92
3751	55977	14.92
3752	56024	14.93
3753	56012	14.92
3754	56183	14.97
3755	56007	14.92
3756	56799	15.12
3757	60922	16.22
3758	56076	14.92
3759	57003	15.16
3760	56113	14.92
3761	56127	14.92
3762	56131	14.92
3763	56145	14.92
3764	56156	14.92
3765	56194	14.93
3766	56227	14.93
3767	56242	14.93
3768	56229	14.92
3769	56250	14.92
3770	56265	14.92
3771	56274	14.92
3772	56292	14.92
3773	56386	14.94
3774	56344	14.93
3775	56310	14.92
3776	56424	14.94
3777	56346	14.92
3778	56397	14.93
3779	56418	14.93
3780	56406	14.92
3781	56568	14.96
3782	61342	16.22
3783	56471	14.93
3784	56516	14.94
3785	56506	14.93
3786	58078	15.34
3787	57272	15.12
3788	56516	14.92
3789	56640	14.95
3790	56574	14.93
3791	56596	14.93
3792	56620	14.93
3793	56603	14.92
3794	58205	15.34
3795	56660	14.93
3796	56637	14.92
3797	56752	14.95
3798	56691	14.93
3799	59328	15.62
3800	58483	15.39
3801	56679	14.91
3802	56751	14.93
3803	56742	14.92
3804	56755	14.92
3805	56941	14.96
3806	56847	14.94
3807	56813	14.92
3808	56918	14.95
3809	61642	16.18
3810	64286	16.87
3811	56868	14.92
3812	56844	14.91
3813	56898	14.92
3814	59410	15.58
3815	58855	15.43
3816	57001	14.94
3817	62004	16.24
3818	56987	14.93
3819	57177	14.97
3820	57037	14.93
3821	57051	14.93
3822	57048	14.93
3823	57078	14.93
3824	57104	14.93
3825	57139	14.94
3826	57104	14.93
3827	57283	14.97
3828	57144	14.93
3829	57165	14.93
3830	57193	14.93
3831	57196	14.93
3832	62030	16.19
3833	57225	14.93
3834	60300	15.73
3835	57281	14.94
3836	62192	16.21
3837	65456	17.06
3838	59328	15.46
3839	57250	14.91
3840	57268	14.91
3841	59031	15.37
3842	57297	14.91
3843	57346	14.92
3844	57386	14.93
3845	58808	15.29
3846	57351	14.91
3847	60560	15.74
3848	57413	14.92
3849	57516	14.94
3850	57408	14.91
3851	57456	14.92
3852	57476	14.92
3853	57462	14.91
3854	57481	14.91
3855	58218	15.10
3856	57488	14.91
3857	57613	14.94
3858	57559	14.92
3859	57537	14.91
3860	57550	14.91
3861	57589	14.92
3862	57574	14.91
3863	57634	14.92
3864	57641	14.92
3865	57623	14.91
3866	57675	14.92
3867	57683	14.92
3868	57682	14.91
3869	57745	14.93
3870	57820	14.94
3871	57739	14.92
3872	57777	14.92
3873	57750	14.91
3874	57789	14.92
3875	57784	14.91
3876	57828	14.92
3877	57831	14.92
3878	57852	14.92
3879	57845	14.91
3880	57846	14.91
3881	59537	15.34
3882	57857	14.90
3883	57884	14.91
3884	57905	14.91
3885	58779	15.13
3886	57988	14.92
3887	60654	15.60
3888	57975	14.91
3889	58032	14.92
3890	58002	14.91
3891	58866	15.13
3892	58060	14.92
3893	58025	14.90
3894	58026	14.90
3895	58086	14.91
3896	59968	15.39
3897	58055	14.90
3898	58118	14.91
3899	58228	14.93
3900	58827	15.08
3901	58162	14.91
3902	58257	14.93
3903	58282	14.93
3904	58306	14.93
3905	58269	14.92
3906	58259	14.92
3907	58288	14.92
3908	58272	14.91
3909	60773	15.55
3910	58325	14.92
3911	63191	16.16
3912	58385	14.92
3913	58351	14.91
3914	58403	14.92
3915	58370	14.91
3916	60228	15.38
3917	58434	14.92
3918	58396	14.90
3919	58483	14.92
3920	58451	14.91
3921	58463	14.91
3922	60439	15.41
3923	58516	14.92
3924	58511	14.91
3925	58616	14.93
3926	58517	14.90
3927	58548	14.91
3928	58553	14.91
3929	58589	14.91
3930	58571	14.90
3931	59639	15.17
3932	58675	14.92
3933	58650	14.91
3934	58657	14.91
3935	58668	14.91
3936	58788	14.94
3937	58697	14.91
3938	58723	14.91
3939	59576	15.12
3940	60307	15.31
3941	58775	14.91
3942	58782	14.91
3943	58794	14.91
3944	58862	14.92
3945	58859	14.92
3946	58833	14.91
3947	58840	14.91
3948	58877	14.91
3949	59888	15.17
3950	58889	14.91
3951	58959	14.92
3952	58916	14.91
3953	58923	14.91
3954	58965	14.91
3955	58959	14.91
3956	61831	15.63
3957	58987	14.91
3958	59036	14.92
3959	59089	14.93
3960	58981	14.89
3961	59104	14.92
3962	59030	14.90
3963	59070	14.91
3964	64514	16.27
3965	83238	20.99
3966	83266	20.99
3967	83287	20.99
3968	83293	20.99
3969	83413	21.02
3970	83364	21.00
3971	83453	21.02
3972	83378	20.99
3973	83562	21.03
3974	85982	21.64
3975	83473	21.00
3976	61371	15.44
3977	63457	15.96
3978	64507	16.22
3979	63308	15.91
3980	59348	14.91
3981	59363	14.91
3982	59389	14.91
3983	60589	15.21
3984	59410	14.91
3985	59383	14.90
3986	59421	14.91
3987	59429	14.91
3988	59570	14.94
3989	59513	14.92
3990	59492	14.91
3991	59535	14.92
3992	59528	14.91
3993	59533	14.91
3994	59571	14.92
3995	59570	14.91
3996	59754	14.95
3997	59549	14.90
3998	59592	14.91
3999	62837	15.71
4000	60283	15.07
