N	Total Time	Average CPE
1	385	385.00
2	98	49.00
3	106	35.33
4	121	30.25
5	134	26.80
6	151	25.17
7	166	23.71
8	187	23.38
9	202	22.44
10	223	22.30
11	239	21.73
12	262	21.83
13	279	21.46
14	300	21.43
15	318	21.20
16	341	21.31
17	622	36.59
18	616	34.22
19	630	33.16
20	653	32.65
21	672	32.00
22	694	31.55
23	715	31.09
24	736	30.67
25	748	29.92
26	763	29.35
27	775	28.70
28	791	28.25
29	805	27.76
30	819	27.30
31	833	26.87
32	848	26.50
33	1020	30.91
34	1025	30.15
35	1038	29.66
36	1054	29.28
37	1070	28.92
38	1086	28.58
39	1103	28.28
40	1741	43.52
41	1168	28.49
42	1183	28.17
43	1199	27.88
44	1216	27.64
45	1235	27.44
46	1277	27.76
47	1290	27.45
48	1302	27.12
49	1318	26.90
50	1340	26.80
51	1353	26.53
52	1371	26.37
53	1385	26.13
54	1404	26.00
55	1421	25.84
56	1441	25.73
57	1461	25.63
58	1478	25.48
59	1498	25.39
60	1513	25.22
61	1552	25.44
62	1603	25.85
63	1636	25.97
64	1655	25.86
65	1967	30.26
66	1971	29.86
67	1995	29.78
68	2015	29.63
69	2033	29.46
70	2053	29.33
71	2073	29.20
72	2107	29.26
73	2127	29.14
74	2142	28.95
75	2166	28.88
76	2187	28.78
77	2838	36.86
78	2298	29.46
79	2319	29.35
80	2352	29.40
81	2370	29.26
82	2390	29.15
83	2416	29.11
84	2433	28.96
85	2456	28.89
86	2475	28.78
87	2499	28.72
88	2520	28.64
89	3157	35.47
90	2489	27.66
91	2538	27.89
92	2536	27.57
93	2554	27.46
94	2582	27.47
95	2600	27.37
96	2644	27.54
97	2663	27.45
98	2687	27.42
99	2707	27.34
100	2735	27.35
101	2757	27.30
102	3329	32.64
103	2724	26.45
104	2745	26.39
105	2773	26.41
106	2788	26.30
107	2809	26.25
108	2832	26.22
109	2859	26.23
110	2879	26.17
111	2926	26.36
112	3527	31.49
113	2896	25.63
114	2918	25.60
115	2942	25.58
116	2953	25.46
117	2978	25.45
118	3002	25.44
119	3026	25.43
120	3047	25.39
121	3070	25.37
122	3673	30.11
123	3039	24.71
124	3058	24.66
125	3077	24.62
126	3103	24.63
127	3147	24.78
128	3167	24.74
129	3492	27.07
130	3420	26.31
131	3454	26.37
132	3475	26.33
133	3489	26.23
134	3535	26.38
135	3554	26.33
136	3608	26.53
137	3639	26.56
138	3630	26.30
139	3650	26.26
140	3685	26.32
141	3695	26.21
142	3733	26.29
143	3756	26.27
144	3780	26.25
145	3799	26.20
146	3824	26.19
147	3857	26.24
148	3881	26.22
149	3909	26.23
150	3929	26.19
151	3941	26.10
152	3976	26.16
153	3998	26.13
154	4029	26.16
155	4055	26.16
156	4074	26.12
157	4101	26.12
158	4143	26.22
159	4179	26.28
160	4212	26.32
161	4229	26.27
162	4257	26.28
163	4281	26.26
164	4291	26.16
165	4314	26.15
166	4341	26.15
167	4373	26.19
168	4394	26.15
169	4430	26.21
170	4501	26.48
171	4500	26.32
172	4514	26.24
173	4570	26.42
174	4577	26.30
175	4611	26.35
176	4626	26.28
177	4649	26.27
178	4687	26.33
179	4696	26.23
180	4722	26.23
181	4749	26.24
182	4785	26.29
183	4810	26.28
184	4884	26.54
185	5003	27.04
186	4986	26.81
187	5132	27.44
188	5386	28.65
189	16945	89.66
190	7272	38.27
191	7309	38.27
192	7427	38.68
193	9955	51.58
194	7439	38.35
195	7513	38.53
196	7532	38.43
197	7625	38.71
198	7645	38.61
199	7700	38.69
200	7794	38.97
201	7805	38.83
202	7835	38.79
203	7844	38.64
204	7918	38.81
205	7981	38.93
206	8048	39.07
207	9406	45.44
208	5375	25.84
209	5446	26.06
210	5568	26.51
211	5678	26.91
212	5774	27.24
213	5703	26.77
214	5701	26.64
215	5589	26.00
216	5789	26.80
217	5842	26.92
218	5643	25.89
219	5821	26.58
220	5791	26.32
221	5800	26.24
222	5815	26.19
223	6053	27.14
224	6029	26.92
225	6009	26.71
226	6293	27.85
227	6162	27.15
228	6161	27.02
229	6196	27.06
230	6183	26.88
231	6182	26.76
232	6203	26.74
233	6225	26.72
234	6238	26.66
235	6272	26.69
236	6340	26.86
237	6365	26.86
238	6395	26.87
239	6436	26.93
240	6459	26.91
241	6546	27.16
242	6576	27.17
243	6654	27.38
244	6614	27.11
245	6573	26.83
246	6695	27.22
247	6776	27.43
248	7210	29.07
249	6723	27.00
250	6719	26.88
251	6755	26.91
252	6800	26.98
253	6898	27.26
254	6967	27.43
255	7077	27.75
256	7182	28.05
257	7880	30.66
258	7972	30.90
259	7713	29.78
260	8018	30.84
261	8291	31.77
262	7985	30.48
263	7867	29.91
264	7918	29.99
265	8138	30.71
266	7980	30.00
267	7994	29.94
268	8012	29.90
269	8122	30.19
270	8070	29.89
271	8370	30.89
272	8334	30.64
273	8322	30.48
274	8298	30.28
275	8279	30.11
276	8249	29.89
277	8282	29.90
278	8382	30.15
279	9422	33.77
280	8252	29.47
281	8236	29.31
282	8280	29.36
283	8311	29.37
284	8386	29.53
285	8402	29.48
286	8453	29.56
287	8533	29.73
288	8790	30.52
289	8924	30.88
290	8867	30.58
291	8935	30.70
292	8971	30.72
293	8972	30.62
294	10073	34.26
295	9237	31.31
296	9440	31.89
297	10553	35.53
298	9584	32.16
299	9615	32.16
300	9748	32.49
301	10022	33.30
302	10102	33.45
303	10119	33.40
304	10995	36.17
305	10447	34.25
306	10501	34.32
307	10523	34.28
308	10561	34.29
309	10602	34.31
310	10648	34.35
311	10699	34.40
312	10738	34.42
313	11110	35.50
314	11074	35.27
315	10979	34.85
316	10909	34.52
317	10674	33.67
318	10712	33.69
319	11479	35.98
320	10563	33.01
321	10573	32.94
322	10909	33.88
323	10384	32.15
324	10453	32.26
325	10532	32.41
326	10304	31.61
327	10257	31.37
328	10325	31.48
329	10324	31.38
330	10387	31.48
331	10435	31.53
332	10521	31.69
333	10553	31.69
334	10584	31.69
335	10662	31.83
336	10703	31.85
337	10712	31.79
338	10746	31.79
339	10787	31.82
340	10831	31.86
341	10876	31.89
342	10911	31.90
343	10949	31.92
344	11119	32.32
345	11448	33.18
346	11081	32.03
347	11110	32.02
348	11182	32.13
349	11246	32.22
350	11275	32.21
351	11332	32.28
352	11383	32.34
353	11556	32.74
354	11453	32.35
355	11505	32.41
356	13532	38.01
357	11758	32.94
358	11726	32.75
359	11788	32.84
360	11829	32.86
361	11854	32.84
362	12358	34.14
363	12391	34.13
364	12613	34.65
365	12564	34.42
366	13130	35.87
367	14973	40.80
368	14921	40.55
369	12284	33.29
370	12247	33.10
371	12290	33.13
372	12319	33.12
373	12371	33.17
374	12401	33.16
375	12463	33.23
376	12501	33.25
377	12554	33.30
378	12600	33.33
379	12632	33.33
380	12678	33.36
381	12714	33.37
382	12747	33.37
383	13058	34.09
384	12847	33.46
385	12896	33.50
386	12948	33.54
387	12979	33.54
388	13026	33.57
389	13060	33.57
390	13097	33.58
391	13165	33.67
392	13204	33.68
393	13232	33.67
394	13276	33.70
395	13604	34.44
396	13422	33.89
397	13485	33.97
398	13527	33.99
399	13619	34.13
400	14080	35.20
401	14317	35.70
402	13833	34.41
403	13819	34.29
404	13828	34.23
405	13862	34.23
406	14006	34.50
407	13898	34.15
408	14043	34.42
409	15094	36.90
410	14391	35.10
411	15425	37.53
412	15041	36.51
413	15624	37.83
414	14681	35.46
415	14766	35.58
416	15186	36.50
417	14379	34.48
418	14432	34.53
419	14506	34.62
420	14534	34.60
421	14576	34.62
422	14619	34.64
423	14663	34.66
424	14697	34.66
425	14729	34.66
426	14810	34.77
427	14879	34.85
428	14929	34.88
429	14976	34.91
430	15015	34.92
431	15119	35.08
432	15301	35.42
433	15141	34.97
434	15198	35.02
435	15256	35.07
436	15522	35.60
437	15465	35.39
438	15422	35.21
439	15464	35.23
440	15495	35.22
441	15591	35.35
442	15673	35.46
443	15808	35.68
444	15829	35.65
445	15798	35.50
446	15857	35.55
447	15840	35.44
448	15892	35.47
449	15935	35.49
450	15998	35.55
451	16013	35.51
452	16086	35.59
453	16145	35.64
454	16420	36.17
455	16248	35.71
456	16267	35.67
457	16342	35.76
458	16401	35.81
459	16450	35.84
460	16510	35.89
461	16545	35.89
462	16603	35.94
463	16650	35.96
464	16694	35.98
465	16752	36.03
466	16796	36.04
467	16858	36.10
468	16887	36.08
469	16953	36.15
470	16978	36.12
471	17029	36.15
472	17103	36.24
473	17127	36.21
474	17233	36.36
475	17593	37.04
476	17309	36.36
477	17369	36.41
478	17404	36.41
479	19321	40.34
480	17493	36.44
481	17536	36.46
482	17580	36.47
483	17629	36.50
484	17708	36.59
485	17764	36.63
486	21088	43.39
487	18070	37.10
488	17894	36.67
489	17935	36.68
490	18003	36.74
491	18494	37.67
492	18620	37.85
493	18272	37.06
494	18864	38.19
495	18403	37.18
496	18395	37.09
497	18867	37.96
498	18790	37.73
499	19040	38.16
500	18916	37.83
501	19008	37.94
502	18838	37.53
503	18832	37.44
504	18812	37.33
505	26374	52.23
506	26620	52.61
507	21507	42.42
508	19089	37.58
509	19353	38.02
510	19173	37.59
511	19372	37.91
512	19257	37.61
513	18608	36.27
514	18665	36.31
515	18700	36.31
516	18426	35.71
517	18629	36.03
518	18814	36.32
519	19254	37.10
520	18901	36.35
521	18798	36.08
522	19402	37.17
523	22406	42.84
524	18894	36.06
525	18867	35.94
526	19041	36.20
527	19109	36.26
528	20705	39.21
529	19069	36.05
530	19104	36.05
531	19146	36.06
532	20227	38.02
533	24860	46.64
534	22419	41.98
535	22338	41.75
536	26709	49.83
537	27848	51.86
538	19905	37.00
539	21238	39.40
540	20809	38.54
541	21941	40.56
542	21617	39.88
543	22092	40.69
544	22134	40.69
545	22205	40.74
546	22262	40.77
547	22677	41.46
548	21755	39.70
549	21457	39.08
550	21848	39.72
551	20798	37.75
552	21135	38.29
553	20418	36.92
554	20479	36.97
555	20544	37.02
556	20759	37.34
557	20636	37.05
558	20728	37.15
559	20787	37.19
560	20887	37.30
561	20907	37.27
562	20943	37.27
563	20962	37.23
564	21030	37.29
565	21410	37.89
566	21750	38.43
567	21476	37.88
568	21569	37.97
569	21550	37.87
570	21450	37.63
571	21552	37.74
572	21800	38.11
573	21860	38.15
574	21720	37.84
575	21768	37.86
576	21821	37.88
577	21900	37.95
578	21957	37.99
579	22017	38.03
580	22073	38.06
581	22134	38.10
582	22200	38.14
583	22251	38.17
584	22300	38.18
585	22367	38.23
586	22468	38.34
587	22542	38.40
588	22703	38.61
589	22708	38.55
590	22715	38.50
591	22786	38.55
592	22855	38.61
593	22880	38.58
594	22956	38.65
595	23289	39.14
596	23066	38.70
597	23126	38.74
598	23165	38.74
599	23230	38.78
600	23317	38.86
601	23335	38.83
602	23416	38.90
603	23501	38.97
604	23703	39.24
605	23615	39.03
606	23676	39.07
607	23743	39.12
608	23806	39.15
609	23854	39.17
610	23927	39.22
611	23994	39.27
612	24065	39.32
613	24107	39.33
614	24154	39.34
615	24214	39.37
616	24270	39.40
617	24327	39.43
618	24463	39.58
619	24452	39.50
620	24504	39.52
621	24589	39.60
622	24665	39.65
623	24719	39.68
624	24804	39.75
625	24834	39.73
626	24853	39.70
627	24908	39.73
628	24962	39.75
629	25031	39.79
630	25092	39.83
631	25146	39.85
632	25213	39.89
633	25384	40.10
634	25351	39.99
635	25422	40.03
636	25537	40.15
637	25537	40.09
638	25570	40.08
639	25626	40.10
640	25683	40.13
641	25756	40.18
642	25801	40.19
643	25857	40.21
644	25961	40.31
645	26020	40.34
646	26049	40.32
647	26260	40.59
648	26165	40.38
649	26300	40.52
650	26366	40.56
651	26345	40.47
652	26435	40.54
653	26478	40.55
654	26528	40.56
655	26618	40.64
656	26641	40.61
657	26706	40.65
658	26766	40.68
659	26902	40.82
660	26949	40.83
661	27009	40.86
662	27043	40.85
663	27105	40.88
664	27147	40.88
665	27194	40.89
666	27308	41.00
667	27333	40.98
668	27429	41.06
669	27476	41.07
670	27527	41.09
671	27629	41.18
672	27646	41.14
673	27828	41.35
674	27760	41.19
675	27828	41.23
676	27903	41.28
677	27949	41.28
678	28020	41.33
679	28611	42.14
680	28182	41.44
681	28204	41.42
682	28295	41.49
683	28359	41.52
684	28404	41.53
685	28470	41.56
686	28529	41.59
687	28641	41.69
688	28636	41.62
689	28706	41.66
690	28768	41.69
691	28835	41.73
692	28879	41.73
693	28941	41.76
694	29029	41.83
695	29076	41.84
696	29141	41.87
697	29215	41.92
698	29295	41.97
699	29491	42.19
700	29489	42.13
701	29528	42.12
702	29576	42.13
703	29638	42.16
704	29711	42.20
705	29766	42.22
706	29831	42.25
707	29901	42.29
708	29970	42.33
709	30036	42.36
710	30122	42.43
711	30176	42.44
712	30224	42.45
713	30281	42.47
714	30378	42.55
715	30450	42.59
716	30536	42.65
717	30583	42.65
718	30709	42.77
719	30719	42.72
720	30800	42.78
721	30841	42.78
722	30918	42.82
723	31040	42.93
724	31045	42.88
725	31109	42.91
726	31041	42.76
727	30480	41.93
728	30582	42.01
729	30609	41.99
730	30688	42.04
731	30765	42.09
732	30827	42.11
733	30893	42.15
734	30967	42.19
735	31062	42.26
736	31086	42.24
737	31199	42.33
738	31248	42.34
739	31301	42.36
740	34944	47.22
741	32377	43.69
742	31467	42.41
743	31557	42.47
744	31611	42.49
745	31671	42.51
746	31904	42.77
747	31815	42.59
748	31933	42.69
749	31976	42.69
750	32053	42.74
751	32132	42.79
752	32184	42.80
753	32238	42.81
754	32347	42.90
755	32496	43.04
756	32501	42.99
757	32605	43.07
758	41496	54.74
759	33727	44.44
760	34917	45.94
761	42414	55.73
762	32848	43.11
763	32905	43.13
764	32994	43.19
765	34996	45.75
766	34797	45.43
767	33946	44.26
768	35594	46.35
769	35326	45.94
770	35291	45.83
771	33419	43.35
772	33548	43.46
773	33588	43.45
774	33698	43.54
775	33703	43.49
776	33858	43.63
777	36565	47.06
778	36183	46.51
779	34385	44.14
780	34065	43.67
781	38532	49.34
782	34336	43.91
783	34282	43.78
784	34327	43.78
785	34462	43.90
786	34573	43.99
787	34533	43.88
788	34603	43.91
789	34762	44.06
790	34762	44.00
791	34851	44.06
792	34900	44.07
793	35018	44.16
794	35045	44.14
795	35207	44.29
796	35247	44.28
797	35297	44.29
798	35375	44.33
799	35435	44.35
800	47006	58.76
801	46116	57.57
802	46102	57.48
803	46124	57.44
804	46213	57.48
805	46302	57.52
806	46392	57.56
807	46475	57.59
808	46643	57.73
809	46640	57.65
810	46782	57.76
811	46821	57.73
812	46900	57.76
813	46978	57.78
814	47137	57.91
815	47133	57.83
816	47278	57.94
817	47304	57.90
818	47400	57.95
819	47541	58.05
820	47581	58.03
821	49672	60.50
822	47753	58.09
823	47844	58.13
824	47983	58.23
825	48005	58.19
826	48148	58.29
827	48309	58.41
828	48287	58.32
829	48338	58.31
830	48424	58.34
831	48509	58.37
832	48663	58.49
833	48670	58.43
834	48822	58.54
835	48868	58.52
836	52232	62.48
837	51495	61.52
838	50430	60.18
839	49578	59.09
840	49289	58.68
841	49376	58.71
842	49527	58.82
843	49543	58.77
844	49625	58.80
845	49709	58.83
846	49789	58.85
847	49880	58.89
848	50038	59.01
849	50051	58.95
850	50202	59.06
851	50246	59.04
852	50337	59.08
853	52168	61.16
854	50512	59.15
855	50666	59.26
856	50694	59.22
857	50829	59.31
858	50892	59.31
859	50967	59.33
860	51069	59.38
861	51169	59.43
862	53269	61.80
863	55111	63.86
864	51385	59.47
865	51666	59.73
866	53451	61.72
867	51666	59.59
868	51757	59.63
869	51930	59.76
870	51950	59.71
871	52041	59.75
872	52167	59.82
873	52201	59.79
874	52305	59.85
875	52386	59.87
876	52477	59.91
877	52619	60.00
878	52643	59.96
879	52781	60.05
880	52811	60.01
881	52904	60.05
882	53001	60.09
883	53104	60.14
884	53294	60.29
885	53282	60.21
886	53515	60.40
887	53509	60.33
888	53561	60.32
889	53720	60.43
890	53730	60.37
891	53883	60.47
892	53926	60.46
893	54019	60.49
894	54149	60.57
895	54182	60.54
896	54272	60.57
897	54365	60.61
898	54516	60.71
899	54582	60.71
900	54694	60.77
901	54817	60.84
902	54847	60.81
903	54939	60.84
904	55029	60.87
905	55175	60.97
906	55208	60.94
907	55298	60.97
908	55378	60.99
909	55457	61.01
910	55550	61.04
911	55637	61.07
912	55785	61.17
913	55869	61.19
914	56261	61.55
915	56018	61.22
916	56110	61.26
917	56214	61.30
918	56289	61.32
919	56442	61.42
920	56468	61.38
921	56621	61.48
922	56655	61.45
923	56790	61.53
924	58951	63.80
925	56926	61.54
926	57075	61.64
927	57104	61.60
928	57241	61.68
929	57292	61.67
930	57386	61.71
931	62264	66.88
932	57677	61.89
933	62011	66.46
934	57772	61.85
935	58021	62.05
936	57971	61.93
937	58058	61.96
938	58147	61.99
939	65205	69.44
940	67999	72.34
941	59181	62.89
942	58617	62.23
943	71278	75.59
944	59086	62.59
945	67182	71.09
946	60916	64.39
947	59035	62.34
948	59192	62.44
949	59249	62.43
950	59334	62.46
951	59503	62.57
952	59625	62.63
953	59807	62.76
954	63426	66.48
955	62491	65.44
956	64046	66.99
957	60074	62.77
958	60134	62.77
959	60162	62.73
960	60251	62.76
961	60409	62.86
962	60459	62.85
963	60556	62.88
964	60717	62.98
965	61142	63.36
966	64088	66.34
967	61084	63.17
968	61053	63.07
969	61117	63.07
970	61344	63.24
971	61299	63.13
972	61396	63.16
973	61508	63.21
974	61589	63.23
975	61703	63.29
976	64246	65.83
977	65696	67.24
978	61959	63.35
979	62051	63.38
980	62625	63.90
981	62258	63.46
982	62384	63.53
983	62524	63.61
984	62566	63.58
985	62634	63.59
986	65782	66.72
987	66310	67.18
988	62925	63.69
989	63121	63.82
990	63228	63.87
991	68178	68.80
992	63456	63.97
993	63407	63.85
994	63510	63.89
995	63783	64.10
996	66981	67.25
997	65982	66.18
998	63975	64.10
999	64028	64.09
1000	64157	64.16
1001	64281	64.22
1002	64285	64.16
1003	64400	64.21
1004	64542	64.28
1005	64589	64.27
1006	67209	66.81
1007	68744	68.27
1008	64870	64.36
1009	64970	64.39
1010	65161	64.52
1011	65185	64.48
1012	65290	64.52
1013	65439	64.60
1014	65482	64.58
1015	65638	64.67
1016	68157	67.08
1017	66824	65.71
1018	65892	64.73
1019	65992	64.76
1020	66266	64.97
1021	66253	64.89
1022	66267	64.84
1023	69102	67.55
1024	70660	69.00
1025	67057	65.42
1026	66940	65.24
1027	66945	65.19
1028	67118	65.29
1029	67156	65.26
1030	67272	65.31
1031	67370	65.34
1032	67477	65.38
1033	67781	65.62
1034	67709	65.48
1035	67794	65.50
1036	67864	65.51
1037	67971	65.55
1038	68119	65.63
1039	68158	65.60
1040	68705	66.06
1041	68374	65.68
1042	68497	65.74
1043	68575	65.75
1044	68784	65.89
1045	69097	66.12
1046	69094	66.06
1047	69005	65.91
1048	69193	66.02
1049	69185	65.95
1050	69357	66.05
1051	69495	66.12
1052	69501	66.07
1053	69598	66.09
1054	69691	66.12
1055	69949	66.30
1056	69951	66.24
1057	70008	66.23
1058	70118	66.27
1059	76264	72.02
1060	84638	79.85
1061	71054	66.97
1062	70520	66.40
1063	70814	66.62
1064	70724	66.47
1065	70770	66.45
1066	70888	66.50
1067	71007	66.55
1068	71159	66.63
1069	71271	66.67
1070	72960	68.19
1071	71703	66.95
1072	72209	67.36
1073	75818	70.66
1074	71735	66.79
1075	71930	66.91
1076	72084	66.99
1077	72054	66.90
1078	72175	66.95
1079	72332	67.04
1080	72517	67.15
1081	72529	67.09
1082	72648	67.14
1083	72651	67.08
1084	72808	67.17
1085	68969	63.57
1086	65643	60.44
1087	58829	54.12
1088	62971	57.88
1089	59241	54.40
1090	62639	57.47
1091	59293	54.35
1092	59074	54.10
1093	59174	54.14
1094	59260	54.17
1095	59357	54.21
1096	59453	54.25
1097	59746	54.46
1098	59825	54.49
1099	59776	54.39
1100	60560	55.05
1101	59921	54.42
1102	60001	54.45
1103	60121	54.51
1104	60383	54.69
1105	60348	54.61
1106	60386	54.60
1107	60554	54.70
1108	60615	54.71
1109	60641	54.68
1110	60887	54.85
1111	60834	54.76
1112	60933	54.80
1113	61067	54.87
1114	61196	54.93
1115	61189	54.88
1116	61404	55.02
1117	61369	54.94
1118	61466	54.98
1119	61572	55.02
1120	61648	55.04
1121	61849	55.17
1122	69064	61.55
1123	61963	55.18
1124	62026	55.18
1125	62107	55.21
1126	62196	55.24
1127	62301	55.28
1128	62494	55.40
1129	66867	59.23
1130	66970	59.27
1131	67291	59.50
1132	62791	55.47
1133	62933	55.55
1134	63169	55.70
1135	63146	55.64
1136	63225	55.66
1137	63305	55.68
1138	63351	55.67
1139	63517	55.77
1140	63638	55.82
1141	63635	55.77
1142	63792	55.86
1143	63925	55.93
1144	63875	55.83
1145	64068	55.95
1146	64274	56.09
1147	64309	56.07
1148	64306	56.02
1149	64508	56.14
1150	64539	56.12
1151	64631	56.15
1152	64841	56.29
1153	64923	56.31
1154	64965	56.30
1155	65122	56.38
1156	65323	56.51
1157	65340	56.47
1158	72124	62.28
1159	65436	56.46
1160	65609	56.56
1161	65804	56.68
1162	65742	56.58
1163	65885	56.65
1164	65940	56.65
1165	70368	60.40
1166	73942	63.42
1167	75903	65.04
1168	71958	61.61
1169	75063	64.21
1170	74807	63.94
1171	66641	56.91
1172	67032	57.19
1173	66857	57.00
1174	66952	57.03
1175	67062	57.07
1176	67155	57.10
1177	69914	59.40
1178	67815	57.57
1179	71548	60.69
1180	67549	57.24
1181	67632	57.27
1182	67726	57.30
1183	67974	57.46
1184	67956	57.40
1185	68062	57.44
1186	68182	57.49
1187	68285	57.53
1188	68448	57.62
1189	68730	57.80
1190	68626	57.67
1191	68723	57.70
1192	68838	57.75
1193	68963	57.81
1194	69217	57.97
1195	69130	57.85
1196	69241	57.89
1197	69320	57.91
1198	69442	57.96
1199	69605	58.05
1200	69767	58.14
1201	69794	58.11
1202	69899	58.15
1203	69951	58.15
1204	70043	58.18
1205	70204	58.26
1206	70258	58.26
1207	70360	58.29
1208	70461	58.33
1209	70545	58.35
1210	70731	58.46
1211	70835	58.49
1212	70889	58.49
1213	71009	58.54
1214	71088	58.56
1215	71206	58.61
1216	71449	58.76
1217	71453	58.71
1218	71647	58.82
1219	71675	58.80
1220	71806	58.86
1221	72059	59.02
1222	74541	61.00
1223	76408	62.48
1224	72235	59.02
1225	72344	59.06
1226	72554	59.18
1227	72592	59.16
1228	72629	59.14
1229	72736	59.18
1230	72835	59.22
1231	72908	59.23
1232	73092	59.33
1233	73147	59.32
1234	73235	59.35
1235	73425	59.45
1236	73512	59.48
1237	73773	59.64
1238	73726	59.55
1239	73846	59.60
1240	73989	59.67
1241	74021	59.65
1242	74269	59.80
1243	74270	59.75
1244	74379	59.79
1245	74501	59.84
1246	74580	59.86
1247	74783	59.97
1248	74778	59.92
1249	74919	59.98
1250	74674	59.74
1251	73322	58.61
1252	73485	58.69
1253	73532	58.68
1254	73655	58.74
1255	86042	68.56
1256	95906	76.36
1257	77411	61.58
1258	75974	60.39
1259	81279	64.56
1260	90764	72.03
1261	102969	81.66
1262	74751	59.23
1263	74862	59.27
1264	90545	71.63
1265	79330	62.71
1266	83624	66.05
1267	78461	61.93
1268	77371	61.02
1269	75562	59.54
1270	75687	59.60
1271	75696	59.56
1272	75746	59.55
1273	78653	61.79
1274	75949	59.61
1275	76201	59.77
1276	76141	59.67
1277	76245	59.71
1278	78190	61.18
1279	77571	60.65
1280	83152	64.96
1281	76591	59.79
1282	76596	59.75
1283	76723	59.80
1284	76833	59.84
1285	77116	60.01
1286	77080	59.94
1287	77201	59.99
1288	77275	60.00
1289	77575	60.18
1290	77776	60.29
1291	77718	60.20
1292	77919	60.31
1293	77989	60.32
1294	78031	60.30
1295	78205	60.39
1296	78234	60.37
1297	78343	60.40
1298	78465	60.45
1299	80651	62.09
1300	80659	62.05
1301	80638	61.98
1302	82848	63.63
1303	81069	62.22
1304	81143	62.23
1305	81310	62.31
1306	81396	62.32
1307	81566	62.41
1308	81629	62.41
1309	81842	62.52
1310	81841	62.47
1311	81925	62.49
1312	82134	62.60
1313	82010	62.46
1314	82274	62.61
1315	82361	62.63
1316	84641	64.32
1317	100175	76.06
1318	105371	79.95
1319	100502	76.20
1320	98353	74.51
1321	115683	87.57
1322	102788	77.75
1323	99852	75.47
1324	101471	76.64
1325	106824	80.62
1326	90313	68.11
1327	114187	86.05
1328	107636	81.05
1329	85653	64.45
1330	83617	62.87
1331	83525	62.75
1332	83533	62.71
1333	83900	62.94
1334	83912	62.90
1335	89889	67.33
1336	92506	69.24
1337	91651	68.55
1338	103757	77.55
1339	90959	67.93
1340	97312	72.62
1341	97392	72.63
1342	97184	72.42
1343	97108	72.31
1344	100214	74.56
1345	102392	76.13
1346	98275	73.01
1347	97861	72.65
1348	97918	72.64
1349	98199	72.79
1350	97921	72.53
1351	99157	73.40
1352	100933	74.65
1353	98231	72.60
1354	93338	68.94
1355	88838	65.56
1356	89387	65.92
1357	88835	65.46
1358	89171	65.66
1359	89602	65.93
1360	91944	67.61
1361	89791	65.97
1362	89702	65.86
1363	92580	67.92
1364	89976	65.96
1365	90828	66.54
1366	90456	66.22
1367	90471	66.18
1368	90491	66.15
1369	90053	65.78
1370	90568	66.11
1371	91437	66.69
1372	91878	66.97
1373	91154	66.39
1374	90979	66.21
1375	92551	67.31
1376	91131	66.23
1377	91553	66.49
1378	92216	66.92
1379	92943	67.40
1380	91894	66.59
1381	92000	66.62
1382	95769	69.30
1383	93416	67.55
1384	92080	66.53
1385	92964	67.12
1386	94814	68.41
1387	105237	75.87
1388	111428	80.28
1389	111670	80.40
1390	110982	79.84
1391	111868	80.42
1392	113646	81.64
1393	112957	81.09
1394	113104	81.14
1395	112735	80.81
1396	108941	78.04
1397	94361	67.55
1398	94490	67.59
1399	94862	67.81
1400	94328	67.38
1401	95563	68.21
1402	94455	67.37
1403	95768	68.26
1404	96835	68.97
1405	98176	69.88
1406	94546	67.24
1407	97134	69.04
1408	94871	67.38
1409	95264	67.61
1410	96624	68.53
1411	96933	68.70
1412	95822	67.86
1413	95904	67.87
1414	95676	67.66
1415	95365	67.40
1416	95852	67.69
1417	96218	67.90
1418	97359	68.66
1419	98061	69.11
1420	97361	68.56
1421	96814	68.13
1422	96987	68.20
1423	97019	68.18
1424	98301	69.03
1425	98163	68.89
1426	97036	68.05
1427	97322	68.20
1428	97385	68.20
1429	97705	68.37
1430	98341	68.77
1431	99739	69.70
1432	98862	69.04
1433	98113	68.47
1434	98341	68.58
1435	98169	68.41
1436	98722	68.75
1437	99685	69.37
1438	102136	71.03
1439	100474	69.82
1440	100043	69.47
1441	101047	70.12
1442	98878	68.57
1443	113408	78.59
1444	120531	83.47
1445	120475	83.37
1446	119517	82.65
1447	119450	82.55
1448	121035	83.59
1449	120137	82.91
1450	120233	82.92
1451	120363	82.95
1452	118904	81.89
1453	119118	81.98
1454	121299	83.42
1455	121717	83.65
1456	120718	82.91
1457	119332	81.90
1458	119945	82.27
1459	121058	82.97
1460	124685	85.40
1461	120598	82.54
1462	121252	82.94
1463	120452	82.33
1464	120586	82.37
1465	122101	83.35
1466	122683	83.69
1467	121386	82.74
1468	122257	83.28
1469	121311	82.58
1470	121842	82.89
1471	124132	84.39
1472	122642	83.32
1473	122991	83.50
1474	114131	77.43
1475	109608	74.31
1476	116994	79.26
1477	104822	70.97
1478	103845	70.26
1479	103700	70.11
1480	103403	69.87
1481	103760	70.06
1482	104212	70.32
1483	105857	71.38
1484	106378	71.68
1485	106271	71.56
1486	104229	70.14
1487	105338	70.84
1488	116146	78.06
1489	125935	84.58
1490	124915	83.84
1491	125683	84.29
1492	124678	83.56
1493	125729	84.21
1494	127892	85.60
1495	125098	83.68
1496	125736	84.05
1497	124923	83.45
1498	125324	83.66
1499	126878	84.64
1500	128131	85.42
1501	126995	84.61
1502	125725	83.71
1503	126077	83.88
1504	127828	84.99
1505	128167	85.16
1506	127620	84.74
1507	128256	85.11
1508	124237	82.39
1509	108384	71.83
1510	109706	72.65
1511	109019	72.15
1512	108363	71.67
1513	107933	71.34
1514	108466	71.64
1515	108728	71.77
1516	109242	72.06
1517	112102	73.90
1518	111259	73.29
1519	109155	71.86
1520	109857	72.27
1521	110987	72.97
1522	110454	72.57
1523	109947	72.19
1524	109284	71.71
1525	109156	71.58
1526	109190	71.55
1527	111492	73.01
1528	111068	72.69
1529	110395	72.20
1530	110419	72.17
1531	109977	71.83
1532	110281	71.98
1533	111333	72.62
1534	113696	74.12
1535	110879	72.23
1536	110831	72.16
1537	110683	72.01
1538	111248	72.33
1539	112062	72.81
1540	113655	73.80
1541	112035	72.70
1542	111593	72.37
1543	111715	72.40
1544	112462	72.84
1545	113831	73.68
1546	112744	72.93
1547	118764	76.77
1548	113347	73.22
1549	112217	72.44
1550	113849	73.45
1551	114331	73.71
1552	116165	74.85
1553	115587	74.43
1554	113623	73.12
1555	114902	73.89
1556	132334	85.05
1557	134815	86.59
1558	134563	86.37
1559	134448	86.24
1560	131143	84.07
1561	134326	86.05
1562	135140	86.52
1563	131771	84.31
1564	130963	83.74
1565	131248	83.86
1566	135203	86.34
1567	132880	84.80
1568	133265	84.99
1569	131656	83.91
1570	132028	84.09
1571	136039	86.59
1572	136007	86.52
1573	144490	91.86
1574	136202	86.53
1575	117247	74.44
1576	117607	74.62
1577	115229	73.07
1578	116329	73.72
1579	113883	72.12
1580	117021	74.06
1581	124126	78.51
1582	114356	72.29
1583	117296	74.10
1584	116325	73.44
1585	117003	73.82
1586	120579	76.03
1587	122844	77.41
1588	116925	73.63
1589	115688	72.81
1590	117153	73.68
1591	121049	76.08
1592	118980	74.74
1593	120523	75.66
1594	119019	74.67
1595	118697	74.42
1596	118338	74.15
1597	118928	74.47
1598	120291	75.28
1599	120515	75.37
1600	119681	74.80
1601	119025	74.34
1602	119598	74.66
1603	120108	74.93
1604	121607	75.81
1605	120826	75.28
1606	120149	74.81
1607	119831	74.57
1608	120778	75.11
1609	121573	75.56
1610	121753	75.62
1611	121529	75.44
1612	120559	74.79
1613	120842	74.92
1614	121031	74.99
1615	122641	75.94
1616	123283	76.29
1617	122463	75.73
1618	123414	76.28
1619	121767	75.21
1620	123691	76.35
1621	123203	76.00
1622	122473	75.51
1623	122037	75.19
1624	120467	74.18
1625	122230	75.22
1626	121195	74.54
1627	124978	76.81
1628	125052	76.81
1629	119930	73.62
1630	124833	76.58
1631	122003	74.80
1632	120648	73.93
1633	124960	76.52
1634	120722	73.88
1635	134663	82.36
1636	122588	74.93
1637	121833	74.42
1638	127198	77.65
1639	130308	79.50
1640	125620	76.60
1641	125021	76.19
1642	125797	76.61
1643	123707	75.29
1644	124594	75.79
1645	128549	78.15
1646	138409	84.09
1647	137075	83.23
1648	137884	83.67
1649	128360	77.84
1650	125200	75.88
1651	123695	74.92
1652	126416	76.52
1653	125285	75.79
1654	125675	75.98
1655	128033	77.36
1656	127862	77.21
1657	128651	77.64
1658	127264	76.76
1659	127162	76.65
1660	127285	76.68
1661	128657	77.46
1662	130306	78.40
1663	128292	77.14
1664	127630	76.70
1665	129138	77.56
1666	129165	77.53
1667	129754	77.84
1668	129105	77.40
1669	128656	77.09
1670	128409	76.89
1671	129380	77.43
1672	130481	78.04
1673	129669	77.51
1674	129794	77.54
1675	129351	77.22
1676	130247	77.71
1677	131234	78.26
1678	129928	77.43
1679	129939	77.39
1680	130081	77.43
1681	130446	77.60
1682	131788	78.35
1683	131321	78.03
1684	130744	77.64
1685	129809	77.04
1686	132841	78.79
1687	129240	76.61
1688	128407	76.07
1689	129412	76.62
1690	128189	75.85
1691	129588	76.63
1692	135833	80.28
1693	128793	76.07
1694	132890	78.45
1695	129041	76.13
1696	131536	77.56
1697	130441	76.87
1698	130104	76.62
1699	131673	77.50
1700	129549	76.21
1701	132028	77.62
1702	130998	76.97
1703	130213	76.46
1704	134695	79.05
1705	130017	76.26
1706	132738	77.81
1707	131492	77.03
1708	131619	77.06
1709	130664	76.46
1710	153286	89.64
1711	154223	90.14
1712	154042	89.98
1713	156327	91.26
1714	155398	90.66
1715	165194	96.32
1716	132687	77.32
1717	132944	77.43
1718	132132	76.91
1719	147428	85.76
1720	138839	80.72
1721	133700	77.69
1722	136264	79.13
1723	134417	78.01
1724	139667	81.01
1725	148719	86.21
1726	134351	77.84
1727	133881	77.52
1728	136743	79.13
1729	146171	84.54
1730	138887	80.28
1731	135500	78.28
1732	137645	79.47
1733	136406	78.71
1734	151662	87.46
1735	135715	78.22
1736	138075	79.54
1737	138946	79.99
1738	141973	81.69
1739	142762	82.09
1740	137095	78.79
1741	137342	78.89
1742	139088	79.84
1743	139218	79.87
1744	141359	81.05
1745	141364	81.01
1746	140240	80.32
1747	141208	80.83
1748	140290	80.26
1749	143050	81.79
1750	143791	82.17
1751	140179	80.06
1752	139988	79.90
1753	141108	80.50
1754	142248	81.10
1755	143056	81.51
1756	143783	81.88
1757	165299	94.08
1758	165258	94.00
1759	165572	94.13
1760	146759	83.39
1761	141644	80.43
1762	142407	80.82
1763	143536	81.42
1764	142487	80.77
1765	141898	80.40
1766	144311	81.72
1767	144178	81.59
1768	143530	81.18
1769	143006	80.84
1770	142750	80.65
1771	144318	81.49
1772	145104	81.89
1773	149243	84.18
1774	165576	93.33
1775	166575	93.85
1776	168239	94.73
1777	166798	93.86
1778	166343	93.56
1779	167570	94.19
1780	169099	95.00
1781	168506	94.61
1782	166770	93.59
1783	168273	94.38
1784	169952	95.26
1785	168964	94.66
1786	168683	94.45
1787	167928	93.97
1788	171529	95.93
1789	169195	94.58
1790	163553	91.37
1791	150482	84.02
1792	148526	82.88
1793	147537	82.28
1794	146609	81.72
1795	145594	81.11
1796	146875	81.78
1797	148451	82.61
1798	145157	80.73
1799	145644	80.96
1800	156270	86.82
1801	167224	92.85
1802	166944	92.64
1803	167459	92.88
1804	169011	93.69
1805	168587	93.40
1806	169714	93.97
1807	171018	94.64
1808	173890	96.18
1809	168811	93.32
1810	172556	95.33
1811	167163	92.30
1812	169564	93.58
1813	173771	95.85
1814	168724	93.01
1815	171613	94.55
1816	172608	95.05
1817	175697	96.70
1818	169246	93.09
1819	172832	95.01
1820	158386	87.03
1821	161031	88.43
1822	149267	81.92
1823	156793	86.01
1824	149520	81.97
1825	148933	81.61
1826	151005	82.70
1827	150332	82.28
1828	151368	82.81
1829	154700	84.58
1830	148850	81.34
1831	155108	84.71
1832	151103	82.48
1833	151058	82.41
1834	158033	86.17
1835	173048	94.30
1836	154759	84.29
1837	168952	91.97
1838	151150	82.24
1839	167055	90.84
1840	159035	86.43
1841	164618	89.42
1842	151906	82.47
1843	173033	93.89
1844	181995	98.70
1845	180959	98.08
1846	183573	99.44
1847	178234	96.50
1848	181132	98.02
1849	193070	104.42
1850	197042	106.51
1851	216325	116.87
1852	245794	132.72
1853	252779	136.42
1854	222930	120.24
1855	205559	110.81
1856	219226	118.12
1857	199173	107.26
1858	192479	103.59
1859	185875	99.99
1860	192999	103.76
1861	178575	95.96
1862	189088	101.55
1863	176621	94.80
1864	157497	84.49
1865	157402	84.40
1866	159211	85.32
1867	157127	84.16
1868	157576	84.36
1869	157565	84.30
1870	157984	84.48
1871	158085	84.49
1872	158121	84.47
1873	158442	84.59
1874	158218	84.43
1875	159484	85.06
1876	158904	84.70
1877	158871	84.64
1878	159048	84.69
1879	159181	84.72
1880	159337	84.75
1881	160080	85.10
1882	159452	84.72
1883	160871	85.43
1884	183318	97.30
1885	183050	97.11
1886	183262	97.17
1887	184360	97.70
1888	186649	98.86
1889	185005	97.94
1890	183847	97.27
1891	184229	97.42
1892	184686	97.61
1893	184244	97.33
1894	184665	97.50
1895	184600	97.41
1896	184746	97.44
1897	180600	95.20
1898	163152	85.96
1899	162610	85.63
1900	164883	86.78
1901	167120	87.91
1902	174386	91.69
1903	163174	85.75
1904	163756	86.01
1905	165519	86.89
1906	190357	99.87
1907	179688	94.23
1908	177299	92.92
1909	185438	97.14
1910	180900	94.71
1911	165965	86.85
1912	165472	86.54
1913	165547	86.54
1914	166484	86.98
1915	165288	86.31
1916	167225	87.28
1917	166728	86.97
1918	166725	86.93
1919	173600	90.46
1920	169913	88.50
1921	168027	87.47
1922	166481	86.62
1923	166744	86.71
1924	166984	86.79
1925	168325	87.44
1926	167361	86.90
1927	166983	86.65
1928	167620	86.94
1929	168988	87.60
1930	167602	86.84
1931	167206	86.59
1932	168349	87.14
1933	169487	87.68
1934	168246	86.99
1935	167388	86.51
1936	166313	85.91
1937	165503	85.44
1938	167570	86.47
1939	164378	84.77
1940	166200	85.67
1941	166465	85.76
1942	167441	86.22
1943	178409	91.82
1944	172634	88.80
1945	167219	85.97
1946	169680	87.19
1947	165531	85.02
1948	169144	86.83
1949	167020	85.70
1950	169881	87.12
1951	177154	90.80
1952	174481	89.39
1953	183878	94.15
1954	175754	89.95
1955	190486	97.44
1956	169557	86.69
1957	173287	88.55
1958	180030	91.95
1959	173922	88.78
1960	173560	88.55
1961	174201	88.83
1962	174472	88.93
1963	173839	88.56
1964	175398	89.31
1965	173236	88.16
1966	173893	88.45
1967	175085	89.01
1968	173974	88.40
1969	173403	88.07
1970	174434	88.55
1971	176344	89.47
1972	174362	88.42
1973	173710	88.04
1974	176138	89.23
1975	176257	89.24
1976	175316	88.72
1977	174635	88.33
1978	176553	89.26
1979	177419	89.65
1980	183687	92.77
1981	182477	92.11
1982	205894	103.88
1983	205102	103.43
1984	201996	101.81
1985	203184	102.36
1986	205098	103.27
1987	202009	101.67
1988	204626	102.93
1989	203280	102.20
1990	203087	102.05
1991	201378	101.14
1992	204248	102.53
1993	203607	102.16
1994	201469	101.04
1995	203664	102.09
1996	203711	102.06
1997	203886	102.10
1998	203533	101.87
1999	204959	102.53
2000	203991	102.00
2001	203184	101.54
2002	206282	103.04
2003	205101	102.40
2004	203462	101.53
2005	205658	102.57
2006	205564	102.47
2007	204504	101.90
2008	204766	101.98
2009	207370	103.22
2010	206172	102.57
2011	183461	91.23
2012	181943	90.43
2013	181429	90.13
2014	180734	89.74
2015	181635	90.14
2016	182449	90.50
2017	181891	90.18
2018	181237	89.81
2019	183296	90.79
2020	182784	90.49
2021	182107	90.11
2022	182348	90.18
2023	181419	89.68
2024	198682	98.16
2025	183094	90.42
2026	205944	101.65
2027	181820	89.70
2028	180585	89.05
2029	181488	89.45
2030	186577	91.91
2031	180835	89.04
2032	184927	91.01
2033	181629	89.34
2034	181574	89.27
2035	181096	88.99
2036	179731	88.28
2037	184990	90.81
2038	181646	89.13
2039	182557	89.53
2040	180583	88.52
2041	198069	97.05
2042	206359	101.06
2043	207582	101.61
2044	208857	102.18
2045	207107	101.27
2046	206582	100.97
2047	215849	105.45
2048	207544	101.34
2049	208181	101.60
2050	209306	102.10
2051	208970	101.89
2052	208028	101.38
2053	207150	100.90
2054	210990	102.72
2055	208920	101.66
2056	207829	101.08
2057	211922	103.02
2058	208671	101.40
2059	209573	101.78
2060	211894	102.86
2061	209951	101.87
2062	209973	101.83
2063	214126	103.79
2064	211465	102.45
2065	209932	101.66
2066	214050	103.61
2067	211709	102.42
2068	213638	103.31
2069	209740	101.37
2070	216786	104.73
2071	213410	103.05
2072	188308	90.88
2073	189620	91.47
2074	187826	90.56
2075	188617	90.90
2076	190254	91.64
2077	188790	90.90
2078	187721	90.34
2079	189399	91.10
2080	190584	91.63
2081	189095	90.87
2082	190018	91.27
2083	192187	92.26
2084	190283	91.31
2085	194336	93.21
2086	203303	97.46
2087	193080	92.52
2088	192882	92.38
2089	190042	90.97
2090	202000	96.65
2091	190615	91.16
2092	190395	91.01
2093	191915	91.69
2094	203307	97.09
2095	199237	95.10
2096	201916	96.33
2097	207018	98.72
2098	194681	92.79
2099	192524	91.72
2100	218317	103.96
2101	193532	92.11
2102	193435	92.02
2103	195961	93.18
2104	198729	94.45
2105	197325	93.74
2106	196038	93.09
2107	211161	100.22
2108	225920	107.17
2109	224061	106.24
2110	216157	102.44
2111	198964	94.25
2112	198250	93.87
2113	198779	94.07
2114	200265	94.73
2115	199396	94.28
2116	207045	97.85
2117	206393	97.49
2118	199471	94.18
2119	197975	93.43
2120	205191	96.79
2121	200197	94.39
2122	199325	93.93
2123	199699	94.06
2124	201881	95.05
2125	199823	94.03
2126	199957	94.05
2127	201654	94.81
2128	201247	94.57
2129	199593	93.75
2130	200889	94.31
2131	202429	94.99
2132	200795	94.18
2133	201014	94.24
2134	203037	95.14
2135	202052	94.64
2136	201622	94.39
2137	202538	94.78
2138	204328	95.57
2139	202984	94.90
2140	205103	95.84
2141	206934	96.65
2142	204046	95.26
2143	223301	104.20
2144	226588	105.68
2145	224390	104.61
2146	236474	110.19
2147	200877	93.56
2148	201301	93.72
2149	215515	100.29
2150	203836	94.81
2151	201969	93.90
2152	206513	95.96
2153	207388	96.33
2154	200325	93.00
2155	206026	95.60
2156	214214	99.36
2157	201764	93.54
2158	213063	98.73
2159	236444	109.52
2160	202443	93.72
2161	224243	103.77
2162	225944	104.51
2163	210322	97.24
2164	208274	96.24
2165	209591	96.81
2166	209216	96.59
2167	207080	95.56
2168	206944	95.45
2169	210110	96.87
2170	208055	95.88
2171	207321	95.50
2172	209731	96.56
2173	209093	96.22
2174	210182	96.68
2175	211036	97.03
2176	209395	96.23
2177	234291	107.62
2178	236122	108.41
2179	240251	110.26
2180	239158	109.71
2181	251203	115.18
2182	234716	107.57
2183	234391	107.37
2184	235036	107.62
2185	233354	106.80
2186	230343	105.37
2187	236031	107.92
2188	232212	106.13
2189	233638	106.73
2190	218307	99.68
2191	214446	97.88
2192	205636	93.81
2193	209086	95.34
2194	208536	95.05
2195	208753	95.10
2196	209590	95.44
2197	208101	94.72
2198	209848	95.47
2199	215396	97.95
2200	209085	95.04
2201	216092	98.18
2202	228854	103.93
2203	209383	95.04
2204	212119	96.24
2205	212753	96.49
2206	239341	108.50
2207	212983	96.50
2208	224753	101.79
2209	238109	107.79
2210	241261	109.17
2211	237095	107.23
2212	211138	95.45
2213	214357	96.86
2214	213556	96.46
2215	212397	95.89
2216	214366	96.74
2217	215608	97.25
2218	219514	98.97
2219	216703	97.66
2220	216918	97.71
2221	220474	99.27
2222	217202	97.75
2223	217685	97.92
2224	219636	98.76
2225	220748	99.21
2226	228444	102.63
2227	223434	100.33
2228	221724	99.52
2229	241057	108.15
2230	266080	119.32
2231	265231	118.88
2232	246378	110.38
2233	227002	101.66
2234	219281	98.16
2235	220255	98.55
2236	221461	99.04
2237	218754	97.79
2238	221232	98.85
2239	221765	99.05
2240	219628	98.05
2241	221340	98.77
2242	221924	98.98
2243	220470	98.29
2244	221728	98.81
2245	222947	99.31
2246	221062	98.42
2247	229356	102.07
2248	225780	100.44
2249	234224	104.15
2250	252649	112.29
2251	253706	112.71
2252	253637	112.63
2253	248989	110.51
2254	245151	108.76
2255	246197	109.18
2256	247790	109.84
2257	244750	108.44
2258	242234	107.28
2259	219715	97.26
2260	221918	98.19
2261	226424	100.14
2262	220187	97.34
2263	222944	98.52
2264	246494	108.88
2265	246138	108.67
2266	221194	97.61
2267	229915	101.42
2268	231252	101.96
2269	225199	99.25
2270	230680	101.62
2271	228109	100.44
2272	226091	99.51
2273	227864	100.25
2274	229325	100.85
2275	225942	99.32
2276	228992	100.61
2277	228505	100.35
2278	232260	101.96
2279	235815	103.47
2280	231211	101.41
2281	228210	100.05
2282	229547	100.59
2283	229706	100.62
2284	228385	99.99
2285	231369	101.26
2286	232855	101.86
2287	228675	99.99
2288	232706	101.71
2289	231901	101.31
2290	248326	108.44
2291	232089	101.30
2292	230542	100.59
2293	230590	100.56
2294	231713	101.01
2295	245520	106.98
2296	251306	109.45
2297	231389	100.74
2298	231485	100.73
2299	231769	100.81
2300	234472	101.94
2301	258444	112.32
2302	261713	113.69
2303	253166	109.93
2304	237211	102.96
2305	235360	102.11
2306	233948	101.45
2307	233529	101.23
2308	235304	101.95
2309	236645	102.49
2310	243752	105.52
2311	265672	114.96
2312	260870	112.83
2313	265183	114.65
2314	262806	113.57
2315	262377	113.34
2316	265267	114.54
2317	261533	112.88
2318	264674	114.18
2319	264138	113.90
2320	262056	112.96
2321	257885	111.11
2322	261200	112.49
2323	260200	112.01
2324	260987	112.30
2325	258293	111.09
2326	261615	112.47
2327	258241	110.98
2328	260235	111.78
2329	261767	112.39
2330	258204	110.82
2331	262662	112.68
2332	261030	111.93
2333	260616	111.71
2334	261332	111.97
2335	259084	110.96
2336	262033	112.17
2337	260182	111.33
2338	260124	111.26
2339	264060	112.89
2340	260837	111.47
2341	262606	112.18
2342	261840	111.80
2343	259892	110.92
2344	263951	112.61
2345	262526	111.95
2346	259870	110.77
2347	265199	112.99
2348	265694	113.16
2349	266921	113.63
2350	263440	112.10
2351	262176	111.52
2352	266530	113.32
2353	263187	111.85
2354	264668	112.43
2355	264600	112.36
2356	265524	112.70
2357	272070	115.43
2358	264169	112.03
2359	265913	112.72
2360	264902	112.25
2361	264014	111.82
2362	267716	113.34
2363	268271	113.53
2364	266280	112.64
2365	266833	112.83
2366	267206	112.94
2367	270758	114.39
2368	266519	112.55
2369	270977	114.38
2370	268423	113.26
2371	268004	113.03
2372	268878	113.35
2373	268526	113.16
2374	266310	112.18
2375	270626	113.95
2376	267561	112.61
2377	270027	113.60
2378	267940	112.67
2379	267734	112.54
2380	271580	114.11
2381	268805	112.90
2382	271191	113.85
2383	268847	112.82
2384	268967	112.82
2385	272629	114.31
2386	269449	112.93
2387	249060	104.34
2388	244206	102.26
2389	246573	103.21
2390	248662	104.04
2391	245307	102.60
2392	243162	101.66
2393	246390	102.96
2394	245309	102.47
2395	251555	105.03
2396	255970	106.83
2397	245650	102.48
2398	245584	102.41
2399	245329	102.26
2400	246328	102.64
2401	248355	103.44
2402	247957	103.23
2403	245090	101.99
2404	247308	102.87
2405	249535	103.76
2406	247917	103.04
2407	246994	102.61
2408	252156	104.72
2409	247474	102.73
2410	246818	102.41
2411	246984	102.44
2412	249225	103.33
2413	253109	104.89
2414	247581	102.56
2415	247882	102.64
2416	250776	103.80
2417	248936	102.99
2418	248695	102.85
2419	248683	102.80
2420	250343	103.45
2421	296208	122.35
2422	263567	108.82
2423	250890	103.55
2424	252356	104.11
2425	251243	103.61
2426	250381	103.21
2427	250677	103.29
2428	252801	104.12
2429	252026	103.76
2430	251581	103.53
2431	251877	103.61
2432	252024	103.63
2433	252773	103.89
2434	252064	103.56
2435	252039	103.51
2436	254239	104.37
2437	253444	104.00
2438	253256	103.88
2439	258393	105.94
2440	253427	103.86
2441	253630	103.90
2442	252862	103.55
2443	254876	104.33
2444	262013	107.21
2445	258057	105.54
2446	261234	106.80
2447	297283	121.49
2448	317022	129.50
2449	337335	137.74
2450	337984	137.95
2451	341608	139.37
2452	338427	138.02
2453	341861	139.36
2454	339237	138.24
2455	342380	139.46
2456	339680	138.31
2457	343898	139.97
2458	340871	138.68
2459	343505	139.69
2460	341111	138.66
2461	338411	137.51
2462	319668	129.84
2463	307164	124.71
2464	295034	119.74
2465	294049	119.29
2466	286481	116.17
2467	261182	105.87
2468	257551	104.36
2469	260026	105.32
2470	261273	105.78
2471	259904	105.18
2472	258848	104.71
2473	258728	104.62
2474	266742	107.82
2475	264394	106.83
2476	260771	105.32
2477	259373	104.71
2478	262908	106.10
2479	261904	105.65
2480	272482	109.87
2481	260802	105.12
2482	263102	106.00
2483	266426	107.30
2484	260490	104.87
2485	263961	106.22
2486	262574	105.62
2487	266470	107.15
2488	264464	106.30
2489	263222	105.75
2490	262179	105.29
2491	263003	105.58
2492	261810	105.06
2493	264792	106.21
2494	263658	105.72
2495	260775	104.52
2496	269188	107.85
2497	264314	105.85
2498	265555	106.31
2499	263702	105.52
2500	266576	106.63
2501	266578	106.59
2502	265698	106.19
2503	274244	109.57
2504	288183	115.09
2505	301819	120.49
2506	296373	118.27
2507	296470	118.26
2508	296784	118.33
2509	299233	119.26
2510	298626	118.97
2511	295842	117.82
2512	295306	117.56
2513	296496	117.98
2514	295148	117.40
2515	298565	118.71
2516	295851	117.59
2517	292487	116.20
2518	266240	105.73
2519	269101	106.83
2520	268235	106.44
2521	268199	106.39
2522	269909	107.02
2523	268109	106.27
2524	268563	106.40
2525	271429	107.50
2526	268441	106.27
2527	270089	106.88
2528	269113	106.45
2529	272169	107.62
2530	271514	107.32
2531	271961	107.45
2532	271206	107.11
2533	269600	106.44
2534	268865	106.10
2535	272911	107.66
2536	270931	106.83
2537	272298	107.33
2538	271065	106.80
2539	271744	107.03
2540	272828	107.41
2541	272026	107.05
2542	274753	108.09
2543	274948	108.12
2544	273393	107.47
2545	275028	108.07
2546	273798	107.54
2547	274662	107.84
2548	272476	106.94
2549	284331	111.55
2550	274159	107.51
2551	273249	107.11
2552	283403	111.05
2553	275013	107.72
2554	275178	107.74
2555	275604	107.87
2556	275470	107.77
2557	283059	110.70
2558	281410	110.01
2559	276532	108.06
2560	284002	110.94
2561	278140	108.61
2562	315610	123.19
2563	305790	119.31
2564	308571	120.35
2565	306029	119.31
2566	313570	122.20
2567	308530	120.19
2568	308599	120.17
2569	307570	119.72
2570	307901	119.81
2571	311151	121.02
2572	306484	119.16
2573	317298	123.32
2574	306080	118.91
2575	310862	120.72
2576	307765	119.47
2577	310464	120.47
2578	313971	121.79
2579	309846	120.14
2580	309908	120.12
2581	310355	120.25
2582	310606	120.30
2583	293905	113.78
2584	282466	109.31
2585	280967	108.69
2586	292821	113.23
2587	312196	120.68
2588	315390	121.87
2589	304907	117.77
2590	285755	110.33
2591	289253	111.64
2592	282453	108.97
2593	315374	121.63
2594	288472	111.21
2595	289453	111.54
2596	283692	109.28
2597	286010	110.13
2598	286154	110.14
2599	283446	109.06
2600	288216	110.85
2601	287039	110.36
2602	288603	110.92
2603	291044	111.81
2604	289908	111.33
2605	291846	112.03
2606	290428	111.45
2607	290934	111.60
2608	293509	112.54
2609	296562	113.67
2610	311916	119.51
2611	290999	111.45
2612	293493	112.36
2613	291941	111.73
2614	293862	112.42
2615	292559	111.88
2616	292806	111.93
2617	293679	112.22
2618	297911	113.79
2619	325935	124.45
2620	325247	124.14
2621	327281	124.87
2622	324903	123.91
2623	328267	125.15
2624	325545	124.06
2625	327348	124.70
2626	327303	124.64
2627	328330	124.98
2628	315025	119.87
2629	292656	111.32
2630	289744	110.17
2631	294064	111.77
2632	290256	110.28
2633	292446	111.07
2634	302058	114.68
2635	291281	110.54
2636	293966	111.52
2637	293594	111.34
2638	295191	111.90
2639	295168	111.85
2640	299425	113.42
2641	294120	111.37
2642	294554	111.49
2643	293743	111.14
2644	293795	111.12
2645	293006	110.78
2646	292802	110.66
2647	297846	112.52
2648	293439	110.82
2649	295032	111.37
2650	298159	112.51
2651	294708	111.17
2652	295379	111.38
2653	294247	110.91
2654	303849	114.49
2655	294766	111.02
2656	295441	111.24
2657	299352	112.67
2658	295689	111.24
2659	295182	111.01
2660	295102	110.94
2661	298102	112.03
2662	296083	111.23
2663	295961	111.14
2664	300738	112.89
2665	294969	110.68
2666	298263	111.88
2667	298693	112.00
2668	298489	111.88
2669	297138	111.33
2670	300137	112.41
2671	298206	111.65
2672	298093	111.56
2673	310765	116.26
2674	298215	111.52
2675	302413	113.05
2676	298982	111.73
2677	304426	113.72
2678	299556	111.86
2679	301988	112.72
2680	300754	112.22
2681	300651	112.14
2682	304895	113.68
2683	310828	115.85
2684	302460	112.69
2685	302703	112.74
2686	303864	113.13
2687	301687	112.28
2688	304682	113.35
2689	302202	112.38
2690	305540	113.58
2691	304780	113.26
2692	306594	113.89
2693	306238	113.72
2694	304327	112.96
2695	305945	113.52
2696	304415	112.91
2697	304165	112.78
2698	303526	112.50
2699	304215	112.71
2700	309928	114.79
2701	304427	112.71
2702	306275	113.35
2703	305573	113.05
2704	328350	121.43
2705	338328	125.08
2706	336178	124.23
2707	337027	124.50
2708	348443	128.67
2709	349431	128.99
2710	338877	125.05
2711	341096	125.82
2712	344787	127.13
2713	337861	124.53
2714	350736	129.23
2715	327158	120.50
2716	310678	114.39
2717	309324	113.85
2718	309136	113.74
2719	308213	113.36
2720	308560	113.44
2721	313002	115.03
2722	308312	113.27
2723	310727	114.11
2724	311608	114.39
2725	311570	114.34
2726	310304	113.83
2727	310508	113.86
2728	312120	114.41
2729	310169	113.66
2730	310418	113.71
2731	320774	117.46
2732	311023	113.84
2733	310892	113.75
2734	315171	115.28
2735	316619	115.77
2736	313617	114.63
2737	311750	113.90
2738	313769	114.60
2739	313480	114.45
2740	312881	114.19
2741	312902	114.16
2742	313529	114.34
2743	313106	114.15
2744	313326	114.19
2745	316196	115.19
2746	314613	114.57
2747	344443	125.39
2748	344778	125.47
2749	350510	127.50
2750	344764	125.37
2751	349032	126.87
2752	347014	126.10
2753	324387	117.83
2754	317432	115.26
2755	324612	117.83
2756	316370	114.79
2757	317830	115.28
2758	319067	115.69
2759	325781	118.08
2760	317885	115.18
2761	320011	115.90
2762	318294	115.24
2763	322793	116.83
2764	316959	114.67
2765	318010	115.01
2766	317789	114.89
2767	320229	115.73
2768	322596	116.54
2769	320913	115.89
2770	322298	116.35
2771	319187	115.19
2772	323515	116.71
2773	330336	119.13
2774	357137	128.74
2775	351027	126.50
2776	354420	127.67
2777	352946	127.10
2778	354401	127.57
2779	353809	127.32
2780	360803	129.79
2781	350938	126.19
2782	359014	129.05
2783	355258	127.65
2784	362955	130.37
2785	362694	130.23
2786	340967	122.39
2787	327369	117.46
2788	322820	115.79
2789	322372	115.59
2790	325064	116.51
2791	323410	115.88
2792	325727	116.66
2793	323066	115.67
2794	326191	116.75
2795	324340	116.04
2796	326436	116.75
2797	325206	116.27
2798	326390	116.65
2799	326028	116.48
2800	329326	117.62
2801	326919	116.72
2802	328157	117.12
2803	324831	115.89
2804	331194	118.11
2805	327270	116.67
2806	334879	119.34
2807	326418	116.29
2808	328827	117.10
2809	329460	117.29
2810	329231	117.16
2811	327331	116.45
2812	331635	117.94
2813	327549	116.44
2814	328297	116.67
2815	330347	117.35
2816	330067	117.21
2817	330659	117.38
2818	329728	117.01
2819	331225	117.50
2820	329210	116.74
2821	331544	117.53
2822	334728	118.61
2823	365100	129.33
2824	362445	128.34
2825	365017	129.21
2826	364508	128.98
2827	337116	119.25
2828	331567	117.24
2829	333565	117.91
2830	333635	117.89
2831	334278	118.08
2832	332029	117.24
2833	333803	117.83
2834	335059	118.23
2835	335022	118.17
2836	335024	118.13
2837	333742	117.64
2838	333490	117.51
2839	335200	118.07
2840	333791	117.53
2841	336061	118.29
2842	341290	120.09
2843	338095	118.92
2844	339335	119.32
2845	336511	118.28
2846	335820	118.00
2847	337367	118.50
2848	341091	119.77
2849	341664	119.92
2850	339717	119.20
2851	341963	119.94
2852	336720	118.06
2853	343074	120.25
2854	342996	120.18
2855	339403	118.88
2856	337696	118.24
2857	341159	119.41
2858	338272	118.36
2859	339549	118.76
2860	339372	118.66
2861	342749	119.80
2862	339315	118.56
2863	340193	118.82
2864	339693	118.61
2865	350063	122.19
2866	340093	118.66
2867	341933	119.27
2868	340277	118.65
2869	341833	119.15
2870	341013	118.82
2871	342449	119.28
2872	341507	118.91
2873	345662	120.31
2874	343996	119.69
2875	349916	121.71
2876	344359	119.74
2877	343910	119.54
2878	342608	119.04
2879	344491	119.66
2880	344540	119.63
2881	348680	121.03
2882	348742	121.01
2883	345143	119.72
2884	343697	119.17
2885	345789	119.86
2886	344138	119.24
2887	349056	120.91
2888	346823	120.09
2889	346050	119.78
2890	347182	120.13
2891	346743	119.94
2892	347031	120.00
2893	350058	121.00
2894	345527	119.39
2895	348337	120.32
2896	346458	119.63
2897	348748	120.38
2898	348444	120.24
2899	348576	120.24
2900	351187	121.10
2901	349421	120.45
2902	346845	119.52
2903	348390	120.01
2904	349874	120.48
2905	350696	120.72
2906	353588	121.68
2907	347900	119.68
2908	364097	125.21
2909	348831	119.91
2910	373782	128.45
2911	383303	131.67
2912	385390	132.35
2913	382440	131.29
2914	385448	132.27
2915	386686	132.65
2916	393610	134.98
2917	393673	134.96
2918	353510	121.15
2919	356386	122.09
2920	354075	121.26
2921	353832	121.13
2922	352757	120.72
2923	355810	121.73
2924	353647	120.95
2925	353402	120.82
2926	354190	121.05
2927	362939	124.00
2928	354350	121.02
2929	355719	121.45
2930	354693	121.06
2931	355584	121.32
2932	356100	121.45
2933	359282	122.50
2934	354693	120.89
2935	357170	121.69
2936	355494	121.08
2937	358117	121.93
2938	356234	121.25
2939	361211	122.90
2940	357610	121.64
2941	356529	121.23
2942	358634	121.90
2943	356602	121.17
2944	361337	122.74
2945	359016	121.91
2946	357575	121.38
2947	364304	123.62
2948	395138	134.04
2949	389196	131.98
2950	359791	121.96
2951	358664	121.54
2952	363005	122.97
2953	361062	122.27
2954	360250	121.95
2955	361480	122.33
2956	424577	143.63
2957	417825	141.30
2958	373478	126.26
2959	362014	122.34
2960	364260	123.06
2961	366709	123.85
2962	423933	143.12
2963	423902	143.07
2964	370061	124.85
2965	370656	125.01
2966	382385	128.92
2967	449754	151.59
2968	442882	149.22
2969	412967	139.09
2970	402099	135.39
2971	392355	132.06
2972	467361	157.25
2973	439295	147.76
2974	414871	139.50
2975	397247	133.53
2976	402006	135.08
2977	414549	139.25
2978	415175	139.41
2979	373810	125.48
2980	374323	125.61
2981	376732	126.38
2982	373443	125.23
2983	375208	125.78
2984	372919	124.97
2985	375965	125.95
2986	376150	125.97
2987	376917	126.19
2988	377639	126.39
2989	377229	126.21
2990	375727	125.66
2991	375391	125.51
2992	378988	126.67
2993	377230	126.04
2994	377689	126.15
2995	375402	125.34
2996	378367	126.29
2997	376865	125.75
2998	379792	126.68
2999	378597	126.24
3000	377998	126.00
3001	378882	126.25
3002	377848	125.87
3003	382248	127.29
3004	377889	125.80
3005	380056	126.47
3006	379402	126.21
3007	380417	126.51
3008	380195	126.39
3009	381891	126.92
3010	381115	126.62
3011	378914	125.84
3012	381721	126.73
3013	378752	125.71
3014	383061	127.09
3015	384355	127.48
3016	383284	127.08
3017	382331	126.73
3018	382289	126.67
3019	385320	127.63
3020	382383	126.62
3021	396228	131.16
3022	421158	139.36
3023	423055	139.95
3024	404802	133.86
3025	385419	127.41
3026	385500	127.40
3027	383138	126.57
3028	385810	127.41
3029	384140	126.82
3030	385530	127.24
3031	413904	136.56
3032	421994	139.18
3033	422776	139.39
3034	423651	139.63
3035	427241	140.77
3036	425985	140.31
3037	421498	138.79
3038	423237	139.31
3039	425209	139.92
3040	425852	140.08
3041	426036	140.10
3042	422952	139.04
3043	426071	140.02
3044	426242	140.03
3045	426136	139.95
3046	426823	140.13
3047	418563	137.37
3048	389943	127.93
3049	390734	128.15
3050	390710	128.10
3051	392020	128.49
3052	389914	127.76
3053	393459	128.88
3054	393325	128.79
3055	636168	208.24
3056	528218	172.85
3057	510366	166.95
3058	633025	207.01
3059	593917	194.15
3060	468794	153.20
3061	448463	146.51
3062	550969	179.94
3063	517147	168.84
3064	438591	143.14
3065	426188	139.05
3066	395995	129.16
3067	396816	129.38
3068	395937	129.05
3069	395229	128.78
3070	396954	129.30
3071	394999	128.62
3072	397338	129.34
3073	396670	129.08
3074	396267	128.91
3075	396785	129.04
3076	395684	128.64
3077	397719	129.26
3078	398582	129.49
3079	402378	130.68
3080	397005	128.90
3081	397565	129.04
3082	400179	129.84
3083	401116	130.11
3084	391561	126.97
3085	391586	126.93
3086	396513	128.49
3087	402903	130.52
3088	745508	241.42
3089	559425	181.10
3090	562713	182.11
3091	669909	216.73
3092	512344	165.70
3093	488799	158.03
3094	454302	146.83
3095	456338	147.44
3096	462345	149.34
3097	400295	129.25
3098	403494	130.24
3099	403895	130.33
3100	406231	131.04
3101	403864	130.24
3102	401485	129.43
3103	405166	130.57
3104	402013	129.51
3105	405245	130.51
3106	409362	131.80
3107	403817	129.97
3108	405821	130.57
3109	403802	129.88
3110	406097	130.58
3111	405981	130.50
3112	405356	130.26
3113	407647	130.95
3114	408513	131.19
3115	412750	132.50
3116	436651	140.13
3117	420916	135.04
3118	414718	133.01
3119	416810	133.64
3120	412110	132.09
3121	416738	133.53
3122	406385	130.17
3123	408998	130.96
3124	407921	130.58
3125	408905	130.85
3126	409336	130.95
3127	407349	130.27
3128	410403	131.20
3129	412834	131.94
3130	413390	132.07
3131	413780	132.16
3132	408553	130.44
3133	410588	131.05
3134	427406	136.38
3135	448428	143.04
3136	448860	143.13
3137	446961	142.48
3138	449386	143.21
3139	422540	134.61
3140	430642	137.15
3141	443250	141.12
3142	449648	143.11
3143	447465	142.37
3144	459948	146.29
3145	414591	131.83
3146	412956	131.26
3147	414179	131.61
3148	411987	130.87
3149	485628	154.22
3150	452707	143.72
3151	437743	138.92
3152	443029	140.55
3153	455082	144.33
3154	587867	186.39
3155	548785	173.94
3156	632019	200.26
3157	611245	193.62
3158	541460	171.46
3159	511449	161.90
3160	474906	150.29
3161	462142	146.20
3162	421064	133.16
3163	417406	131.97
3164	429783	135.84
3165	424532	134.13
3166	512509	161.88
3167	811338	256.19
3168	906351	286.10
3169	2707218	854.28
3170	3247621	1024.49
3171	763172	240.67
3172	1098262	346.24
3173	534776	168.54
3174	645990	203.53
3175	431781	135.99
3176	407332	128.25
3177	408415	128.55
3178	458014	144.12
3179	449204	141.30
3180	418644	131.65
3181	418839	131.67
3182	419285	131.77
3183	420068	131.97
3184	419518	131.76
3185	419851	131.82
3186	419841	131.78
3187	420422	131.92
3188	420400	131.87
3189	420199	131.77
3190	423391	132.72
3191	418499	131.15
3192	416831	130.59
3193	421821	132.11
3194	417581	130.74
3195	423064	132.41
3196	432788	135.42
3197	433742	135.67
3198	456834	142.85
3199	424735	132.77
3200	423909	132.47
3201	424175	132.51
3202	444150	138.71
3203	439278	137.15
3204	449445	140.28
3205	432841	135.05
3206	430469	134.27
3207	431970	134.70
3208	425872	132.75
3209	425673	132.65
3210	426714	132.93
3211	426435	132.80
3212	429788	133.81
3213	431955	134.44
3214	427900	133.14
3215	429635	133.63
3216	427342	132.88
3217	427840	132.99
3218	454847	141.34
3219	452016	140.42
3220	437759	135.95
3221	427131	132.61
3222	419034	130.05
3223	418365	129.81
3224	419176	130.02
3225	419021	129.93
3226	418675	129.78
3227	419621	130.03
3228	437053	135.39
3229	485603	150.39
3230	461754	142.96
3231	518524	160.48
3232	463515	143.41
3233	456965	141.34
3234	456906	141.28
3235	493566	152.57
3236	442469	136.73
3237	432511	133.61
3238	433214	133.79
3239	433832	133.94
3240	434956	134.25
3241	433628	133.79
3242	433501	133.71
3243	438274	135.14
3244	438608	135.21
3245	437980	134.97
3246	426174	131.29
3247	425089	130.92
3248	425484	131.00
3249	427816	131.68
3250	432606	133.11
3251	446565	137.36
3252	447625	137.65
3253	429748	132.11
3254	426903	131.19
3255	428062	131.51
3256	430714	132.28
3257	428389	131.53
3258	428250	131.45
3259	444449	136.38
3260	448031	137.43
3261	466447	143.04
3262	475107	145.65
3263	492096	150.81
3264	458294	140.41
3265	460164	140.94
3266	451285	138.18
3267	536311	164.16
3268	447980	137.08
3269	442323	135.31
3270	441995	135.17
3271	441298	134.91
3272	452213	138.21
3273	443539	135.51
3274	448714	137.05
3275	452686	138.22
3276	456037	139.21
3277	481126	146.82
3278	448389	136.79
3279	445400	135.83
3280	444760	135.60
3281	474890	144.74
3282	460640	140.35
3283	466477	142.09
3284	475432	144.77
3285	444435	135.29
3286	471695	143.55
3287	483078	146.97
3288	483613	147.08
3289	477975	145.33
3290	448046	136.18
3291	446328	135.62
3292	446530	135.64
3293	446943	135.73
3294	447303	135.79
3295	447642	135.85
3296	447789	135.86
3297	460232	139.59
3298	451487	136.90
3299	480545	145.66
3300	449339	136.16
3301	449409	136.14
3302	450111	136.31
3303	450523	136.40
3304	467373	141.46
3305	494698	149.68
3306	477425	144.41
3307	450672	136.28
3308	450423	136.16
3309	450811	136.24
3310	450860	136.21
3311	451296	136.30
3312	456363	137.79
3313	454562	137.21
3314	453360	136.80
3315	453402	136.77
3316	454033	136.92
3317	454065	136.89
3318	454328	136.93
3319	446958	134.67
3320	462910	139.43
3321	445181	134.05
3322	451493	135.91
3323	445907	134.19
3324	447166	134.53
3325	445875	134.10
3326	444778	133.73
3327	462613	139.05
3328	468293	140.71
3329	452588	135.95
3330	451878	135.70
3331	455252	136.67
3332	460231	138.12
3333	482542	144.78
3334	487125	146.11
3335	487085	146.05
3336	453319	135.89
3337	460152	137.89
3338	448960	134.50
3339	450937	135.05
3340	449415	134.56
3341	449807	134.63
3342	463948	138.82
3343	468923	140.27
3344	460431	137.69
3345	452695	135.33
3346	449715	134.40
3347	453834	135.59
3348	458383	136.91
3349	451233	134.74
3350	512640	153.03
3351	454019	135.49
3352	462040	137.84
3353	462681	137.99
3354	481027	143.42
3355	462742	137.93
3356	462521	137.82
3357	464316	138.31
3358	466419	138.90
3359	466195	138.79
3360	464576	138.27
3361	464190	138.11
3362	464563	138.18
3363	464323	138.07
3364	455327	135.35
3365	489450	145.45
3366	508692	151.13
3367	497959	147.89
3368	497006	147.57
3369	496307	147.32
3370	494498	146.74
3371	497372	147.54
3372	496160	147.14
3373	469327	139.14
3374	460188	136.39
3375	465818	138.02
3376	461214	136.62
3377	460297	136.30
3378	460282	136.26
3379	476484	141.01
3380	464043	137.29
3381	469498	138.86
3382	469806	138.91
3383	469279	138.72
3384	470213	138.95
3385	469975	138.84
3386	472278	139.48
3387	475699	140.45
3388	473138	139.65
3389	472380	139.39
3390	462984	136.57
3391	485742	143.24
3392	485613	143.16
3393	463602	136.63
3394	481907	141.99
3395	476053	140.22
3396	468577	137.98
3397	464935	136.87
3398	470155	138.36
3399	465141	136.85
3400	464676	136.67
3401	470805	138.43
3402	486394	142.97
3403	499825	146.88
3404	475509	139.69
3405	468714	137.65
3406	469154	137.74
3407	481934	141.45
3408	477117	140.00
3409	505542	148.30
3410	520692	152.70
3411	517641	151.76
3412	480384	140.79
3413	478103	140.08
3414	478838	140.26
3415	478377	140.08
3416	483351	141.50
3417	479910	140.45
3418	477938	139.83
3419	479387	140.21
3420	479558	140.22
3421	480006	140.31
3422	480177	140.32
3423	484224	141.46
3424	515275	150.49
3425	520442	151.95
3426	520147	151.82
3427	521716	152.24
3428	520850	151.94
3429	521687	152.14
3430	525985	153.35
3431	524521	152.88
3432	518016	150.94
3433	513416	149.55
3434	512908	149.36
3435	511754	148.98
3436	518341	150.86
3437	488084	142.01
3438	480035	139.63
3439	474105	137.86
3440	477994	138.95
3441	478468	139.05
3442	475315	138.09
3443	477300	138.63
3444	507968	147.49
3445	492753	143.03
3446	474027	137.56
3447	476936	138.36
3448	478043	138.64
3449	476924	138.28
3450	477507	138.41
3451	495774	143.66
3452	497976	144.26
3453	479920	138.99
3454	479101	138.71
3455	481425	139.34
3456	479705	138.80
3457	480479	138.99
3458	496780	143.66
3459	500685	144.75
3460	482157	139.35
3461	483810	139.79
3462	479224	138.42
3463	483363	139.58
3464	480858	138.82
3465	514402	148.46
3466	502660	145.03
3467	492247	141.98
3468	493724	142.37
3469	493514	142.26
3470	493139	142.11
3471	494792	142.55
3472	498587	143.60
3473	495321	142.62
3474	494520	142.35
3475	494477	142.30
3476	502215	144.48
3477	534750	153.80
3478	535354	153.93
3479	518128	148.93
3480	496231	142.60
3481	496271	142.57
3482	495803	142.39
3483	486154	139.58
3484	488371	140.18
3485	487063	139.76
3486	517449	148.44
3487	496053	142.26
3488	488768	140.13
3489	488740	140.08
3490	488280	139.91
3491	488425	139.91
3492	490976	140.60
3493	510861	146.25
3494	506602	144.99
3495	488269	139.71
3496	491229	140.51
3497	489174	139.88
3498	493377	141.05
3499	490408	140.16
3500	504817	144.23
3501	497559	142.12
3502	505089	144.23
3503	496359	141.70
3504	494912	141.24
3505	496493	141.65
3506	491672	140.24
3507	524747	149.63
3508	507949	144.80
3509	503365	143.45
3510	503594	143.47
3511	503609	143.44
3512	503833	143.46
3513	504347	143.57
3514	507990	144.56
3515	521378	148.33
3516	505473	143.76
3517	505798	143.82
3518	505409	143.66
3519	506060	143.81
3520	506909	144.01
3521	515995	146.55
3522	547948	155.58
3523	542245	153.92
3524	506967	143.86
3525	506830	143.78
3526	507639	143.97
3527	510357	144.70
3528	512592	145.29
3529	509483	144.37
3530	509783	144.41
3531	509491	144.29
3532	509910	144.37
3533	511173	144.69
3534	513680	145.35
3535	511727	144.76
3536	511614	144.69
3537	511620	144.65
3538	511614	144.61
3539	512741	144.88
3540	523054	147.76
3541	512950	144.86
3542	513110	144.86
3543	524235	147.96
3544	540098	152.40
3545	536799	151.42
3546	541512	152.71
3547	540791	152.46
3548	535901	151.04
3549	553344	155.92
3550	554585	156.22
3551	534248	150.45
3552	515813	145.22
3553	516385	145.34
3554	517153	145.51
3555	518149	145.75
3556	537536	151.16
3557	557064	156.61
3558	553881	155.67
3559	519370	145.93
3560	517057	145.24
3561	518037	145.48
3562	520223	146.05
3563	518898	145.64
3564	514023	144.23
3565	511508	143.48
3566	508106	142.49
3567	527148	147.78
3568	526060	147.44
3569	526490	147.52
3570	511484	143.27
3571	550204	154.08
3572	547549	153.29
3573	561309	157.10
3574	530022	148.30
3575	521934	146.00
3576	521220	145.76
3577	526111	147.08
3578	541784	151.42
3579	559168	156.24
3580	523073	146.11
3581	537516	150.10
3582	539837	150.71
3583	526203	146.86
3584	525413	146.60
3585	523958	146.15
3586	525093	146.43
3587	529525	147.62
3588	524939	146.30
3589	525824	146.51
3590	525480	146.37
3591	530057	147.61
3592	526077	146.46
3593	526101	146.42
3594	529988	147.46
3595	529719	147.35
3596	528461	146.96
3597	563766	156.73
3598	552986	153.69
3599	527141	146.47
3600	527651	146.57
3601	528395	146.74
3602	530826	147.37
3603	532001	147.66
3604	519840	144.24
3605	526534	146.06
3606	519501	144.07
3607	538556	149.31
3608	552542	153.14
3609	519708	144.00
3610	519094	143.79
3611	522625	144.73
3612	519162	143.73
3613	553406	153.17
3614	575255	159.17
3615	520676	144.03
3616	525919	145.44
3617	534522	147.78
3618	525060	145.12
3619	533326	147.37
3620	535309	147.88
3621	540776	149.34
3622	541389	149.47
3623	576562	159.14
3624	563650	155.53
3625	536362	147.96
3626	535144	147.59
3627	536262	147.85
3628	535088	147.49
3629	537054	147.99
3630	542539	149.46
3631	561004	154.50
3632	540555	148.83
3633	540592	148.80
3634	528722	145.49
3635	530467	145.93
3636	528178	145.26
3637	533820	146.77
3638	527287	144.94
3639	529197	145.42
3640	537247	147.60
3641	556784	152.92
3642	575032	157.89
3643	572216	157.07
3644	532703	146.19
3645	535685	146.96
3646	531480	145.77
3647	535507	146.83
3648	539340	147.85
3649	530664	145.43
3650	536677	147.03
3651	530350	145.26
3652	541172	148.19
3653	541753	148.30
3654	570221	156.05
3655	542730	148.49
3656	537659	147.06
3657	543144	148.52
3658	543960	148.70
3659	544758	148.88
3660	545084	148.93
3661	544841	148.82
3662	545478	148.96
3663	546169	149.10
3664	544426	148.59
3665	536080	146.27
3666	555168	151.44
3667	556802	151.84
3668	540241	147.28
3669	542847	147.96
3670	541227	147.47
3671	553727	150.84
3672	553627	150.77
3673	548614	149.36
3674	553556	150.67
3675	553414	150.59
3676	548274	149.15
3677	548527	149.18
3678	581329	158.06
3679	740740	201.34
3680	600952	163.30
3681	551186	149.74
3682	553835	150.42
3683	552515	150.02
3684	556293	151.00
3685	551741	149.73
3686	554360	150.40
3687	542254	147.07
3688	546071	148.07
3689	567703	153.89
3690	547433	148.36
3691	552499	149.69
3692	543706	147.27
3693	544591	147.47
3694	548488	148.48
3695	564427	152.75
3696	558217	151.03
3697	549105	148.53
3698	550880	148.97
3699	547016	147.88
3700	555176	150.05
3701	544098	147.01
3702	555618	150.09
3703	556758	150.35
3704	560909	151.43
3705	597799	161.35
3706	579235	156.30
3707	560537	151.21
3708	559834	150.98
3709	558316	150.53
3710	569028	153.38
3711	563033	151.72
3712	560312	150.95
3713	560403	150.93
3714	559856	150.74
3715	569050	153.18
3716	561954	151.23
3717	560548	150.81
3718	561109	150.92
3719	561394	150.95
3720	561115	150.84
3721	560941	150.75
3722	563056	151.28
3723	563092	151.25
3724	555101	149.06
3725	552945	148.44
3726	554685	148.87
3727	553819	148.60
3728	565720	151.75
3729	558135	149.67
3730	551694	147.91
3731	553862	148.45
3732	566113	151.69
3733	595115	159.42
3734	689117	184.55
3735	651422	174.41
3736	744001	199.14
3737	680488	182.09
3738	751996	201.18
3739	647193	173.09
3740	613657	164.08
3741	571375	152.73
3742	582489	155.66
3743	612672	163.68
3744	779777	208.27
3745	628778	167.90
3746	572076	152.72
3747	569488	151.99
3748	572464	152.74
3749	576409	153.75
3750	570086	152.02
3751	567072	151.18
3752	555875	148.15
3753	562405	149.85
3754	557875	148.61
3755	559578	149.02
3756	677324	180.33
3757	621842	165.52
3758	686889	182.78
3759	675619	179.73
3760	686894	182.68
3761	686353	182.49
3762	726866	193.21
3763	740806	196.87
3764	673235	178.86
3765	716670	190.35
3766	688579	182.84
3767	695448	184.62
3768	660199	175.21
3769	675284	179.17
3770	689140	182.80
3771	681170	180.63
3772	695591	184.41
3773	687525	182.22
3774	677243	179.45
3775	688816	182.47
3776	693441	183.64
3777	687633	182.06
3778	627554	166.11
3779	581565	153.89
3780	582543	154.11
3781	580502	153.53
3782	583055	154.17
3783	573622	151.63
3784	567075	149.86
3785	565291	149.35
3786	573520	151.48
3787	566722	149.65
3788	570701	150.66
3789	570161	150.48
3790	571244	150.72
3791	562273	148.32
3792	570679	150.50
3793	563158	148.47
3794	571645	150.67
3795	561442	147.94
3796	568756	149.83
3797	567270	149.40
3798	569302	149.90
3799	575221	151.41
3800	573410	150.90
3801	572546	150.63
3802	578026	152.03
3803	583244	153.36
3804	589603	155.00
3805	616098	161.92
3806	617858	162.34
3807	618259	162.40
3808	623687	163.78
3809	620456	162.89
3810	593479	155.77
3811	589026	154.56
3812	580671	152.33
3813	580368	152.21
3814	600685	157.49
3815	607970	159.36
3816	587021	153.83
3817	582864	152.70
3818	580629	152.08
3819	585633	153.35
3820	583751	152.81
3821	605109	158.36
3822	681397	178.28
3823	625606	163.64
3824	628021	164.23
3825	628846	164.40
3826	596264	155.85
3827	594417	155.32
3828	594701	155.36
3829	594316	155.21
3830	600367	156.75
3831	596750	155.77
3832	594827	155.23
3833	610315	159.23
3834	588206	153.42
3835	582932	152.00
3836	593454	154.71
3837	585618	152.62
3838	579379	150.96
3839	585341	152.47
3840	580366	151.14
3841	593419	154.50
3842	606757	157.93
3843	588681	153.18
3844	589961	153.48
3845	582668	151.54
3846	586708	152.55
3847	583152	151.59
3848	587300	152.62
3849	596499	154.98
3850	602086	156.39
3851	597946	155.27
3852	583836	151.57
3853	590809	153.34
3854	584917	151.77
3855	591077	153.33
3856	586017	151.98
3857	678792	175.99
3858	633520	164.21
3859	620573	160.81
3860	641837	166.28
3861	646412	167.42
3862	647594	167.68
3863	646828	167.44
3864	631213	163.36
3865	606437	156.90
3866	603992	156.23
3867	607379	157.07
3868	620080	160.31
3869	604532	156.25
3870	597168	154.31
3871	627117	162.00
3872	601772	155.42
3873	590841	152.55
3874	602402	155.50
3875	607169	156.69
3876	606931	156.59
3877	618946	159.65
3878	642089	165.57
3879	649548	167.45
3880	637200	164.23
3881	599776	154.54
3882	655697	168.91
3883	654745	168.62
3884	601343	154.83
3885	598357	154.02
3886	604662	155.60
3887	604651	155.56
3888	610396	156.99
3889	611248	157.17
3890	611628	157.23
3891	611505	157.16
3892	612909	157.48
3893	611535	157.09
3894	604653	155.28
3895	655950	168.41
3896	654392	167.97
3897	593382	152.27
3898	592482	152.00
3899	584454	149.90
3900	591798	151.74
3901	592572	151.90
3902	599323	153.59
3903	638088	163.49
3904	615094	157.55
3905	602938	154.40
3906	621459	159.10
3907	614680	157.33
3908	612053	156.62
3909	617506	157.97
3910	617997	158.06
3911	616919	157.74
3912	617262	157.79
3913	618409	158.04
3914	631884	161.44
3915	608855	155.52
3916	602624	153.89
3917	607241	155.03
3918	621653	158.67
3919	621195	158.51
3920	622180	158.72
3921	614376	156.69
3922	607453	154.88
3923	605709	154.40
3924	611907	155.94
3925	623204	158.78
3926	607051	154.62
3927	611826	155.80
3928	609071	155.06
3929	618740	157.48
3930	620927	158.00
3931	610498	155.30
3932	617910	157.15
3933	653198	166.08
3934	627316	159.46
3935	612319	155.61
3936	616875	156.73
3937	610369	155.03
3938	609372	154.74
3939	615780	156.33
3940	610082	154.84
3941	611784	155.24
3942	663474	168.31
3943	621184	157.54
3944	627161	159.02
3945	656052	166.30
3946	657752	166.69
3947	655445	166.06
3948	630897	159.80
3949	636495	161.18
3950	629734	159.43
3951	690282	174.71
3952	665465	168.39
3953	622041	157.36
3954	621941	157.29
3955	627665	158.70
3956	632506	159.89
3957	634819	160.43
3958	640990	161.95
3959	631398	159.48
3960	632866	159.81
3961	632816	159.76
3962	632598	159.67
3963	632660	159.64
3964	638472	161.07
3965	633151	159.68
3966	633411	159.71
3967	662129	166.91
3968	668982	168.59
3969	665710	167.73
3970	679327	171.12
3971	665108	167.49
3972	663074	166.94
3973	673531	169.53
3974	663766	167.03
3975	641048	161.27
3976	621624	156.34
3977	625189	157.20
3978	633415	159.23
3979	623802	156.77
3980	668358	167.93
3981	624315	156.82
3982	620340	155.79
3983	622910	156.39
3984	641398	160.99
3985	624506	156.71
3986	628565	157.69
3987	627440	157.37
3988	628048	157.48
3989	623688	156.35
3990	628386	157.49
3991	624923	156.58
3992	629257	157.63
3993	628569	157.42
3994	652621	163.40
3995	700140	175.25
3996	679914	170.15
3997	715449	179.00
3998	759915	190.07
3999	640005	160.04
4000	663117	165.78
