N	Total Time	Average CPE
1	96	96.00
2	208	104.00
3	303	101.00
4	400	100.00
5	520	104.00
6	636	106.00
7	749	107.00
8	879	109.88
9	972	108.00
10	1103	110.30
11	1225	111.36
12	1329	110.75
13	1474	113.38
14	1573	112.36
15	1690	112.67
16	1806	112.88
17	1920	112.94
18	2039	113.28
19	2156	113.47
20	2274	113.70
21	2388	113.71
22	2512	114.18
23	2649	115.17
24	2751	114.62
25	2860	114.40
26	2978	114.54
27	3096	114.67
28	3208	114.57
29	3324	114.62
30	3440	114.67
31	3557	114.74
32	3673	114.78
33	3792	114.91
34	3907	114.91
35	4130	118.00
36	4150	115.28
37	4271	115.43
38	4447	117.03
39	4500	115.38
40	4618	115.45
41	4734	115.46
42	4856	115.62
43	4994	116.14
44	5130	116.59
45	5224	116.09
46	5308	115.39
47	5426	115.45
48	5538	115.38
49	5679	115.90
50	5774	115.48
51	5890	115.49
52	6006	115.50
53	6127	115.60
54	6240	115.56
55	6359	115.62
56	6494	115.96
57	6741	118.26
58	6706	115.62
59	6925	117.37
60	6957	115.95
61	7075	115.98
62	7176	115.74
63	7294	115.78
64	7409	115.77
65	7529	115.83
66	7642	115.79
67	7760	115.82
68	8042	118.26
69	7995	115.87
70	8111	115.87
71	8226	115.86
72	8379	116.38
73	8475	116.10
74	8592	116.11
75	8705	116.07
76	8801	115.80
77	8907	115.68
78	9011	115.53
79	9110	115.32
80	9710	121.38
81	9280	114.57
82	9370	114.27
83	9475	114.16
84	9588	114.14
85	9700	114.12
86	9879	114.87
87	9895	113.74
88	9995	113.58
89	10097	113.45
90	10206	113.40
91	10308	113.27
92	10415	113.21
93	10514	113.05
94	10618	112.96
95	10722	112.86
96	10828	112.79
97	11008	113.48
98	11026	112.51
99	11131	112.43
100	11250	112.50
101	11343	112.31
102	11464	112.39
103	11564	112.27
104	11670	112.21
105	11775	112.14
106	11887	112.14
107	11989	112.05
108	12289	113.79
109	12225	112.16
110	12483	113.48
111	12520	112.79
112	12501	111.62
113	12595	111.46
114	12702	111.42
115	12802	111.32
116	12920	111.38
117	13154	112.43
118	13207	111.92
119	13252	111.36
120	13336	111.13
121	13438	111.06
122	13549	111.06
123	15025	122.15
124	14494	116.89
125	13910	111.28
126	14002	111.13
127	14451	113.79
128	14248	111.31
129	14342	111.18
130	14519	111.68
131	14519	110.83
132	14613	110.70
133	14720	110.68
134	14816	110.57
135	15003	111.13
136	15149	111.39
137	15122	110.38
138	15228	110.35
139	15329	110.28
140	15470	110.50
141	15561	110.36
142	15645	110.18
143	15742	110.08
144	15847	110.05
145	15964	110.10
146	16072	110.08
147	16314	110.98
148	16270	109.93
149	16375	109.90
150	16474	109.83
151	16653	110.28
152	16682	109.75
153	16785	109.71
154	16885	109.64
155	16991	109.62
156	17096	109.59
157	17356	110.55
158	17314	109.58
159	17420	109.56
160	17520	109.50
161	17634	109.53
162	17780	109.75
163	17839	109.44
164	17951	109.46
165	18058	109.44
166	18239	109.87
167	18280	109.46
168	18373	109.36
169	18474	109.31
170	18573	109.25
171	18672	109.19
172	18777	109.17
173	18881	109.14
174	18984	109.10
175	19169	109.54
176	19209	109.14
177	19310	109.10
178	19408	109.03
179	19534	109.13
180	19653	109.18
181	19721	108.96
182	19833	108.97
183	19928	108.90
184	20098	109.23
185	20141	108.87
186	20242	108.83
187	20341	108.78
188	20447	108.76
189	20555	108.76
190	20780	109.37
191	20768	108.73
192	21626	112.64
193	20960	108.60
194	21063	108.57
195	21191	108.67
196	21273	108.54
197	21426	108.76
198	21490	108.54
199	21591	108.50
200	21718	108.59
201	21786	108.39
202	22008	108.95
203	26971	132.86
204	21980	107.75
205	22082	107.72
206	22187	107.70
207	22345	107.95
208	22441	107.89
209	22543	107.86
210	22639	107.80
211	22829	108.19
212	23006	108.52
213	22986	107.92
214	23052	107.72
215	23192	107.87
216	23253	107.65
217	23359	107.65
218	23466	107.64
219	23564	107.60
220	23677	107.62
221	23853	107.93
222	25096	113.05
223	24021	107.72
224	24121	107.68
225	24226	107.67
226	24334	107.67
227	24450	107.71
228	24560	107.72
229	24728	107.98
230	24956	108.50
231	24929	107.92
232	24961	107.59
233	25058	107.55
234	25162	107.53
235	25269	107.53
236	25547	108.25
237	25475	107.49
238	25574	107.45
239	25688	107.48
240	25787	107.45
241	25933	107.61
242	26105	107.87
243	26087	107.35
244	26217	107.45
245	26332	107.48
246	26478	107.63
247	26686	108.04
248	26608	107.29
249	26847	107.82
250	26826	107.30
251	26924	107.27
252	27033	107.27
253	27132	107.24
254	27371	107.76
255	27586	108.18
256	27396	107.02
257	27655	107.61
258	27606	107.00
259	27711	106.99
260	27820	107.00
261	28444	108.98
262	28068	107.13
263	28177	107.14
264	28280	107.12
265	28385	107.11
266	28497	107.13
267	28639	107.26
268	28698	107.08
269	28851	107.25
270	28915	107.09
271	29006	107.03
272	29179	107.28
273	29206	106.98
274	29315	106.99
275	29414	106.96
276	29604	107.26
277	29659	107.07
278	29950	107.73
279	29827	106.91
280	29935	106.91
281	30048	106.93
282	30134	106.86
283	30397	107.41
284	30348	106.86
285	30444	106.82
286	30554	106.83
287	30664	106.84
288	30767	106.83
289	30870	106.82
290	31651	109.14
291	31086	106.82
292	31180	106.78
293	31280	106.76
294	31373	106.71
295	31487	106.74
296	31595	106.74
297	31743	106.88
298	31794	106.69
299	31900	106.69
300	32009	106.70
301	32105	106.66
302	32211	106.66
303	32384	106.88
304	32512	106.95
305	32516	106.61
306	32627	106.62
307	32745	106.66
308	32835	106.61
309	32923	106.55
310	33046	106.60
311	33145	106.58
312	33247	106.56
313	33320	106.45
314	33436	106.48
315	33533	106.45
316	33627	106.41
317	33785	106.58
318	33848	106.44
319	33983	106.53
320	34080	106.50
321	34296	106.84
322	34347	106.67
323	34390	106.47
324	34524	106.56
325	34650	106.62
326	34721	106.51
327	34805	106.44
328	34970	106.62
329	35014	106.43
330	35118	106.42
331	35076	105.97
332	34420	103.67
333	35728	107.29
334	34770	104.10
335	34765	103.78
336	34917	103.92
337	34937	103.67
338	35052	103.70
339	35146	103.68
340	35234	103.63
341	35348	103.66
342	35451	103.66
343	35542	103.62
344	35638	103.60
345	35747	103.61
346	35902	103.76
347	35943	103.58
348	36055	103.61
349	36152	103.59
350	36261	103.60
351	36353	103.57
352	36457	103.57
353	36537	103.50
354	36666	103.58
355	36780	103.61
356	36864	103.55
357	37032	103.73
358	37049	103.49
359	37141	103.46
360	37230	103.42
361	37340	103.43
362	37439	103.42
363	37587	103.55
364	37631	103.38
365	37778	103.50
366	37882	103.50
367	37974	103.47
368	38071	103.45
369	38200	103.52
370	38254	103.39
371	38364	103.41
372	38466	103.40
373	38565	103.39
374	38668	103.39
375	38762	103.37
376	38879	103.40
377	38981	103.40
378	39074	103.37
379	39175	103.36
380	39306	103.44
381	39404	103.42
382	39503	103.41
383	39577	103.33
384	39810	103.67
385	39785	103.34
386	39960	103.52
387	39465	101.98
388	39139	100.87
389	40819	104.93
390	39388	100.99
391	39431	100.85
392	46305	118.12
393	39631	100.84
394	39726	100.83
395	39892	100.99
396	39931	100.84
397	40028	100.83
398	40128	100.82
399	40223	100.81
400	40291	100.73
401	40420	100.80
402	40466	100.66
403	41418	102.77
404	42208	104.48
405	40820	100.79
406	40963	100.89
407	41014	100.77
408	43868	107.52
409	42057	102.83
410	41349	100.85
411	41476	100.91
412	41506	100.74
413	41610	100.75
414	41710	100.75
415	41861	100.87
416	41905	100.73
417	46865	112.39
418	42027	100.54
419	42131	100.55
420	42232	100.55
421	42373	100.65
422	44923	106.45
423	42604	100.72
424	48183	113.64
425	46153	108.60
426	42900	100.70
427	42992	100.68
428	43096	100.69
429	43185	100.66
430	43327	100.76
431	43311	100.49
432	43447	100.57
433	43578	100.64
434	43727	100.75
435	43813	100.72
436	43877	100.64
437	43973	100.62
438	44064	100.60
439	45779	104.28
440	47296	107.49
441	44371	100.61
442	44476	100.62
443	44527	100.51
444	44644	100.55
445	44692	100.43
446	44797	100.44
447	44894	100.43
448	44986	100.42
449	45090	100.42
450	46107	102.46
451	45358	100.57
452	45463	100.58
453	45550	100.55
454	46413	102.23
455	45698	100.44
456	45800	100.44
457	46790	102.39
458	46087	100.63
459	46137	100.52
460	46224	100.49
461	46340	100.52
462	46428	100.49
463	50124	108.26
464	48403	104.32
465	52767	113.48
466	51586	110.70
467	46907	100.44
468	47012	100.45
469	47100	100.43
470	48090	102.32
471	47362	100.56
472	47453	100.54
473	47570	100.57
474	47649	100.53
475	47748	100.52
476	47892	100.61
477	47942	100.51
478	48042	100.51
479	51398	107.30
480	48198	100.41
481	48288	100.39
482	48416	100.45
483	49198	101.86
484	48645	100.51
485	48687	100.39
486	48765	100.34
487	48873	100.36
488	48969	100.35
489	49074	100.36
490	49185	100.38
491	49292	100.39
492	49370	100.35
493	49473	100.35
494	49585	100.37
495	49680	100.36
496	49776	100.35
497	49988	100.58
498	49970	100.34
499	50081	100.36
500	51707	103.41
501	58484	116.73
502	53712	107.00
503	58797	116.89
504	50636	100.47
505	52364	103.69
506	50854	100.50
507	50952	100.50
508	53018	104.37
509	51263	100.71
510	51245	100.48
511	51342	100.47
512	51442	100.47
513	55824	108.82
514	51622	100.43
515	51728	100.44
516	51826	100.44
517	51936	100.46
518	53807	103.87
519	56257	108.39
520	52221	100.42
521	52488	100.74
522	52417	100.42
523	53750	102.77
524	53959	102.98
525	54223	103.28
526	54184	103.01
527	54295	103.03
528	54401	103.03
529	54578	103.17
530	54635	103.08
531	54761	103.13
532	54881	103.16
533	57912	108.65
534	55163	103.30
535	55274	103.32
536	55356	103.28
537	59108	110.07
538	55568	103.29
539	55673	103.29
540	55841	103.41
541	55928	103.38
542	56031	103.38
543	56144	103.40
544	56360	103.60
545	56364	103.42
546	56474	103.43
547	56581	103.44
548	56764	103.58
549	56833	103.52
550	56936	103.52
551	57101	103.63
552	57161	103.55
553	57260	103.54
554	57387	103.59
555	57547	103.69
556	57630	103.65
557	57756	103.69
558	57852	103.68
559	58014	103.78
560	57244	102.22
561	57586	102.65
562	56867	101.19
563	56941	101.14
564	57931	102.71
565	57145	101.14
566	57341	101.31
567	57364	101.17
568	57479	101.20
569	57580	101.20
570	57783	101.37
571	58042	101.65
572	57985	101.37
573	58104	101.40
574	58203	101.40
575	58328	101.44
576	58439	101.46
577	59323	102.81
578	61946	107.17
579	58759	101.48
580	58925	101.59
581	58978	101.51
582	59086	101.52
583	59201	101.55
584	59381	101.68
585	62288	106.48
586	62975	107.47
587	59722	101.74
588	60601	103.06
589	59862	101.63
590	59974	101.65
591	60116	101.72
592	60165	101.63
593	60271	101.64
594	60407	101.70
595	62884	105.69
596	60507	101.52
597	61510	103.03
598	63251	105.77
599	64086	106.99
600	61695	102.83
601	61130	101.71
602	61168	101.61
603	61284	101.63
604	61380	101.62
605	61582	101.79
606	61587	101.63
607	61702	101.65
608	61891	101.79
609	61896	101.64
610	62002	101.64
611	66159	108.28
612	62204	101.64
613	63351	103.35
614	66890	108.94
615	65548	106.58
616	62550	101.54
617	62638	101.52
618	62885	101.76
619	69041	111.54
620	64345	103.78
621	62436	100.54
622	61737	99.26
623	61749	99.12
624	61860	99.13
625	61940	99.10
626	62117	99.23
627	62101	99.04
628	62190	99.03
629	62336	99.10
630	63238	100.38
631	62449	98.97
632	62558	98.98
633	62655	98.98
634	62747	98.97
635	62886	99.03
636	63016	99.08
637	63083	99.03
638	63218	99.09
639	63291	99.05
640	63446	99.13
641	63432	98.96
642	63609	99.08
643	63633	98.96
644	63713	98.93
645	63815	98.94
646	64067	99.17
647	65271	100.88
648	64109	98.93
649	64241	98.98
650	73177	112.58
651	68289	104.90
652	66838	102.51
653	67181	102.88
654	66401	101.53
655	66219	101.10
656	65583	99.97
657	65616	99.87
658	65723	99.88
659	69065	104.80
660	67492	102.26
661	66006	99.86
662	66166	99.95
663	66944	100.97
664	66313	99.87
665	66412	99.87
666	66569	99.95
667	66609	99.86
668	66710	99.87
669	66846	99.92
670	66898	99.85
671	69475	103.54
672	68672	102.19
673	67301	100.00
674	67393	99.99
675	68671	101.73
676	67591	99.99
677	70130	103.59
678	67824	100.04
679	69569	102.46
680	67972	99.96
681	68166	100.10
682	68160	99.94
683	68256	99.94
684	69376	101.43
685	68458	99.94
686	68555	99.93
687	68696	99.99
688	68742	99.92
689	68848	99.92
690	68951	99.93
691	69047	99.92
692	69144	99.92
693	70222	101.33
694	73334	105.67
695	69467	99.95
696	69611	100.02
697	69668	99.95
698	69748	99.93
699	71653	102.51
700	71658	102.37
701	70052	99.93
702	70222	100.03
703	71120	101.17
704	70367	99.95
705	70516	100.02
706	70529	99.90
707	70624	99.89
708	70815	100.02
709	70856	99.94
710	76534	107.79
711	70959	99.80
712	75379	105.87
713	71251	99.93
714	76307	106.87
715	73514	102.82
716	74756	104.41
717	73095	101.95
718	71729	99.90
719	74796	104.03
720	71962	99.95
721	73348	101.73
722	73945	102.42
723	74035	102.40
724	74138	102.40
725	74593	102.89
726	73615	101.40
727	73603	101.24
728	75089	103.14
729	73814	101.25
730	73932	101.28
731	74173	101.47
732	74114	101.25
733	74245	101.29
734	74319	101.25
735	74399	101.22
736	74566	101.31
737	74714	101.38
738	74734	101.27
739	75528	102.20
740	75775	102.40
741	75866	102.38
742	76038	102.48
743	76076	102.39
744	76173	102.38
745	76376	102.52
746	76371	102.37
747	80274	107.46
748	76568	102.36
749	80438	107.39
750	74955	99.94
751	82217	109.48
752	75005	99.74
753	75167	99.82
754	75187	99.72
755	75295	99.73
756	75443	99.79
757	75486	99.72
758	75641	99.79
759	75687	99.72
760	75800	99.74
761	75931	99.78
762	75974	99.70
763	76080	99.71
764	76222	99.77
765	76287	99.72
766	76464	99.82
767	80775	105.31
768	76638	99.79
769	80976	105.30
770	76880	99.84
771	76966	99.83
772	77128	99.91
773	77154	99.81
774	79667	102.93
775	77362	99.82
776	77426	99.78
777	77584	99.85
778	78303	100.65
779	77651	99.68
780	77807	99.75
781	77855	99.69
782	77942	99.67
783	78044	99.67
784	78147	99.68
785	78289	99.73
786	78335	99.66
787	80012	101.67
788	82009	104.07
789	79500	100.76
790	78737	99.67
791	78881	99.72
792	78937	99.67
793	79085	99.73
794	80221	101.03
795	86572	108.90
796	85576	107.51
797	79530	99.79
798	79700	99.87
799	79738	99.80
800	81417	101.77
801	79979	99.85
802	80022	99.78
803	81648	101.68
804	81742	101.67
805	80213	99.64
806	80331	99.67
807	80410	99.64
808	80522	99.66
809	90419	111.77
810	82921	102.37
811	80972	99.84
812	81021	99.78
813	84857	104.38
814	83173	102.18
815	81205	99.64
816	85882	105.25
817	82443	100.91
818	81608	99.77
819	81582	99.61
820	83618	101.97
821	81916	99.78
822	82114	99.90
823	83214	101.11
824	82264	99.83
825	86565	104.93
826	82390	99.75
827	82583	99.86
828	83360	100.68
829	91570	110.46
830	82786	99.74
831	82894	99.75
832	84705	101.81
833	82987	99.62
834	83133	99.68
835	85833	102.79
836	85980	102.85
837	84350	100.78
838	83578	99.74
839	83675	99.73
840	83779	99.74
841	84665	100.67
842	84132	99.92
843	84091	99.75
844	84283	99.86
845	84280	99.74
846	85147	100.65
847	84588	99.87
848	84586	99.75
849	84772	99.85
850	84768	99.73
851	88082	103.50
852	84935	99.69
853	85040	99.70
854	85237	99.81
855	87753	102.64
856	85235	99.57
857	85352	99.59
858	87107	101.52
859	85667	99.73
860	86311	100.36
861	85880	99.74
862	87470	101.47
863	85930	99.57
864	86134	99.69
865	86137	99.58
866	86272	99.62
867	86312	99.55
868	86439	99.58
869	87775	101.01
870	86744	99.71
871	87785	100.79
872	86954	99.72
873	87034	99.70
874	87141	99.70
875	87245	99.71
876	87307	99.67
877	88268	100.65
878	101186	115.25
879	94150	107.11
880	87666	99.62
881	87718	99.57
882	94826	107.51
883	91414	103.53
884	89772	101.55
885	88252	99.72
886	88339	99.71
887	88435	99.70
888	88537	99.70
889	88643	99.71
890	90429	101.61
891	88685	99.53
892	88854	99.61
893	88973	99.63
894	89079	99.64
895	91596	102.34
896	89455	99.84
897	89373	99.64
898	89632	99.81
899	90484	100.65
900	89875	99.86
901	92085	102.20
902	92190	102.21
903	92284	102.20
904	92368	102.18
905	92484	102.19
906	92699	102.32
907	92716	102.22
908	92930	102.35
909	92888	102.19
910	95359	104.79
911	95354	104.67
912	93184	102.18
913	93294	102.18
914	93376	102.16
915	93620	102.32
916	93605	102.19
917	97139	105.93
918	93793	102.17
919	93998	102.28
920	94008	102.18
921	94093	102.16
922	94239	102.21
923	93639	101.45
924	92227	99.81
925	92157	99.63
926	92380	99.76
927	92358	99.63
928	94547	101.88
929	92555	99.63
930	92656	99.63
931	92800	99.68
932	92754	99.52
933	92911	99.58
934	92946	99.51
935	95594	102.24
936	93247	99.62
937	93333	99.61
938	93426	99.60
939	93529	99.60
940	93640	99.62
941	96335	102.38
942	93878	99.66
943	93951	99.63
944	94129	99.71
945	94151	99.63
946	94254	99.63
947	95302	100.64
948	96049	101.32
949	94549	99.63
950	94651	99.63
951	96382	101.35
952	94703	99.48
953	94821	99.50
954	94915	99.49
955	95070	99.55
956	95124	99.50
957	95209	99.49
958	95307	99.49
959	95416	99.50
960	95507	99.49
961	104254	108.48
962	96556	100.37
963	95945	99.63
964	100264	104.01
965	95999	99.48
966	96122	99.51
967	96189	99.47
968	96307	99.49
969	98042	101.18
970	96687	99.68
971	98437	101.38
972	96818	99.61
973	97799	100.51
974	97008	99.60
975	97103	99.59
976	97208	99.60
977	98863	101.19
978	97403	99.59
979	98676	100.79
980	97604	99.60
981	97716	99.61
982	97794	99.59
983	97904	99.60
984	98011	99.60
985	98165	99.66
986	98798	100.20
987	98377	99.67
988	98333	99.53
989	98365	99.46
990	106073	107.14
991	103059	103.99
992	98759	99.56
993	98861	99.56
994	98950	99.55
995	99085	99.58
996	99163	99.56
997	99254	99.55
998	100265	100.47
999	99455	99.55
1000	100470	100.47
1001	99522	99.42
1002	99660	99.46
1003	99735	99.44
1004	99857	99.46
1005	99933	99.44
1006	100051	99.45
1007	105581	104.85
1008	102255	101.44
1009	102344	101.43
1010	100673	99.68
1011	102158	101.05
1012	102715	101.50
1013	100765	99.47
1014	101705	100.30
1015	105639	104.08
1016	101147	99.55
1017	101335	99.64
1018	101370	99.58
1019	101470	99.58
1020	101562	99.57
1021	101675	99.58
1022	101765	99.57
1023	101829	99.54
1024	108799	106.25
1025	103088	100.57
1026	109706	106.93
1027	109414	106.54
1028	103257	100.44
1029	109210	106.13
1030	104874	101.82
1031	106611	103.41
1032	106044	102.76
1033	105459	102.09
1034	109669	106.06
1035	107440	103.81
1036	109911	106.09
1037	110254	106.32
1038	105931	102.05
1039	114205	109.92
1040	114080	109.69
1041	111563	107.17
1042	116895	112.18
1043	117400	112.56
1044	121693	116.56
1045	118735	113.62
1046	116162	111.05
1047	123544	118.00
1048	113671	108.46
1049	112227	106.98
1050	113782	108.36
1051	110334	104.98
1052	110829	105.35
1053	110492	104.93
1054	111048	105.36
1055	110544	104.78
1056	110783	104.91
1057	113802	107.67
1058	113782	107.54
1059	114057	107.70
1060	111545	105.23
1061	111143	104.75
1062	111713	105.19
1063	112263	105.61
1064	111529	104.82
1065	111841	105.02
1066	113417	106.39
1067	112105	105.07
1068	111986	104.86
1069	114713	107.31
1070	115288	107.75
1071	112316	104.87
1072	112824	105.25
1073	112707	105.04
1074	116749	108.70
1075	123238	114.64
1076	117445	109.15
1077	112599	104.55
1078	113090	104.91
1079	115040	106.62
1080	112778	104.42
1081	113551	105.04
1082	116185	107.38
1083	113323	104.64
1084	114345	105.48
1085	121485	111.97
1086	121368	111.76
1087	116039	106.75
1088	117223	107.74
1089	118405	108.73
1090	114356	104.91
1091	113932	104.43
1092	113586	104.02
1093	113703	104.03
1094	114523	104.68
1095	114550	104.61
1096	114650	104.61
1097	114787	104.64
1098	114882	104.63
1099	115138	104.77
1100	115213	104.74
1101	115324	104.74
1102	116107	105.36
1103	114164	103.50
1104	114350	103.58
1105	115884	104.87
1106	115942	104.83
1107	116175	104.95
1108	118994	107.40
1109	116707	105.24
1110	116306	104.78
1111	116428	104.80
1112	115932	104.26
1113	115002	103.33
1114	115397	103.59
1115	115625	103.70
1116	115384	103.39
1117	115742	103.62
1118	115654	103.45
1119	115846	103.53
1120	115865	103.45
1121	115991	103.47
1122	116236	103.60
1123	116202	103.47
1124	116175	103.36
1125	116247	103.33
1126	116398	103.37
1127	116594	103.46
1128	116800	103.55
1129	116792	103.45
1130	116950	103.50
1131	117005	103.45
1132	117172	103.51
1133	117366	103.59
1134	117416	103.54
1135	117847	103.83
1136	117563	103.49
1137	117711	103.53
1138	117731	103.45
1139	117837	103.46
1140	115142	101.00
1141	115896	101.57
1142	113987	99.81
1143	112425	98.36
1144	114130	99.76
1145	112611	98.35
1146	120264	104.94
1147	123005	107.24
1148	114423	99.67
1149	122033	106.21
1150	121326	105.50
1151	117278	101.89
1152	126259	109.60
1153	137009	118.83
1154	121496	105.28
1155	121120	104.87
1156	123637	106.95
1157	118949	102.81
1158	120839	104.35
1159	139997	120.79
1160	125891	108.53
1161	124296	107.06
1162	133420	114.82
1163	120570	103.67
1164	128008	109.97
1165	129486	111.15
1166	118767	101.86
1167	133432	114.34
1168	128796	110.27
1169	125265	107.16
1170	128068	109.46
1171	123929	105.83
1172	122289	104.34
1173	143202	122.08
1174	130631	111.27
1175	124589	106.03
1176	128144	108.97
1177	125057	106.25
1178	125553	106.58
1179	129890	110.17
1180	138368	117.26
1181	138536	117.30
1182	141542	119.75
1183	142386	120.36
1184	140096	118.32
1185	140135	118.26
1186	139645	117.74
1187	138825	116.95
1188	143996	121.21
1189	174612	146.86
1190	163889	137.72
1191	188358	158.15
1192	161360	135.37
1193	156100	130.85
1194	160162	134.14
1195	156361	130.85
1196	170439	142.51
1197	155204	129.66
1198	149280	124.61
1199	151101	126.02
1200	146870	122.39
1201	145652	121.28
1202	137323	114.25
1203	139554	116.00
1204	141876	117.84
1205	139705	115.94
1206	140956	116.88
1207	141049	116.86
1208	131156	108.57
1209	130803	108.19
1210	129500	107.02
1211	126857	104.75
1212	126660	104.50
1213	126464	104.26
1214	127195	104.77
1215	127030	104.55
1216	128427	105.61
1217	130729	107.42
1218	127388	104.59
1219	131701	108.04
1220	128959	105.70
1221	129206	105.82
1222	132495	108.42
1223	141636	115.81
1224	128405	104.91
1225	130706	106.70
1226	128634	104.92
1227	129233	105.32
1228	128938	105.00
1229	128510	104.56
1230	129118	104.97
1231	129098	104.87
1232	128718	104.48
1233	130243	105.63
1234	129020	104.55
1235	129034	104.48
1236	130538	105.61
1237	129409	104.62
1238	129660	104.73
1239	129417	104.45
1240	129668	104.57
1241	129803	104.60
1242	129843	104.54
1243	130322	104.84
1244	133124	107.01
1245	133640	107.34
1246	133193	106.90
1247	133235	106.84
1248	133549	107.01
1249	133465	106.86
1250	129940	103.95
1251	130309	104.16
1252	131143	104.75
1253	133066	106.20
1254	130592	104.14
1255	129713	103.36
1256	129841	103.38
1257	138754	110.39
1258	131506	104.54
1259	132141	104.96
1260	132021	104.78
1261	131779	104.50
1262	132767	105.20
1263	133744	105.89
1264	130650	103.36
1265	131600	104.03
1266	131114	103.57
1267	131883	104.09
1268	132530	104.52
1269	132715	104.58
1270	133580	105.18
1271	133827	105.29
1272	133294	104.79
1273	134846	105.93
1274	136182	106.89
1275	139971	109.78
1276	133143	104.34
1277	133302	104.39
1278	133947	104.81
1279	133603	104.46
1280	133865	104.58
1281	134289	104.83
1282	133960	104.49
1283	145291	113.24
1284	132913	103.51
1285	137451	106.97
1286	137402	106.84
1287	138083	107.29
1288	141212	109.64
1289	151725	117.71
1290	161200	124.96
1291	165952	128.55
1292	171212	132.52
1293	176436	136.45
1294	177101	136.86
1295	171609	132.52
1296	180558	139.32
1297	179246	138.20
1298	183319	141.23
1299	178655	137.53
1300	180560	138.89
1301	177730	136.61
1302	169351	130.07
1303	156373	120.01
1304	152229	116.74
1305	155937	119.49
1306	155489	119.06
1307	155619	119.07
1308	146077	111.68
1309	137880	105.33
1310	136995	104.58
1311	138458	105.61
1312	138775	105.77
1313	135988	103.57
1314	138330	105.27
1315	136356	103.69
1316	136299	103.57
1317	138823	105.41
1318	137920	104.64
1319	139731	105.94
1320	137888	104.46
1321	138108	104.55
1322	139793	105.74
1323	138465	104.66
1324	141484	106.86
1325	138453	104.49
1326	138688	104.59
1327	138868	104.65
1328	138148	104.03
1329	141026	106.11
1330	137241	103.19
1331	137915	103.62
1332	143280	107.57
1333	142244	106.71
1334	142104	106.52
1335	139527	104.51
1336	139570	104.47
1337	140084	104.77
1338	139975	104.62
1339	139996	104.55
1340	140099	104.55
1341	140487	104.76
1342	144507	107.68
1343	142880	106.39
1344	140905	104.84
1345	140675	104.59
1346	140905	104.68
1347	143903	106.83
1348	143826	106.70
1349	144004	106.75
1350	144039	106.70
1351	144065	106.64
1352	143361	106.04
1353	143169	105.82
1354	141953	104.84
1355	141627	104.52
1356	142056	104.76
1357	141985	104.63
1358	142380	104.85
1359	142336	104.74
1360	140482	103.30
1361	142265	104.53
1362	143639	105.46
1363	141945	104.14
1364	145407	106.60
1365	145605	106.67
1366	145263	106.34
1367	142871	104.51
1368	144706	105.78
1369	143197	104.60
1370	143262	104.57
1371	144534	105.42
1372	143333	104.47
1373	143802	104.74
1374	142255	103.53
1375	142300	103.49
1376	142587	103.62
1377	142325	103.36
1378	146564	106.36
1379	144208	104.57
1380	144278	104.55
1381	145160	105.11
1382	144349	104.45
1383	147962	106.99
1384	144561	104.45
1385	144868	104.60
1386	144995	104.61
1387	147461	106.32
1388	148046	106.66
1389	147990	106.54
1390	148744	107.01
1391	144221	103.68
1392	144054	103.49
1393	144503	103.74
1394	146146	104.84
1395	151378	108.51
1396	145725	104.39
1397	146004	104.51
1398	146210	104.59
1399	146993	105.07
1400	146308	104.51
1401	146358	104.47
1402	151316	107.93
1403	146505	104.42
1404	152266	108.45
1405	146938	104.58
1406	147423	104.85
1407	148265	105.38
1408	147736	104.93
1409	149435	106.06
1410	150305	106.60
1411	149992	106.30
1412	147834	104.70
1413	147435	104.34
1414	150158	106.19
1415	146362	103.44
1416	147858	104.42
1417	150127	105.95
1418	148419	104.67
1419	150219	105.86
1420	149430	105.23
1421	150706	106.06
1422	153216	107.75
1423	151653	106.57
1424	161024	113.08
1425	153280	107.56
1426	157576	110.50
1427	154986	108.61
1428	155702	109.04
1429	167892	117.49
1430	165882	116.00
1431	168019	117.41
1432	170939	119.37
1433	166372	116.10
1434	168990	117.85
1435	167674	116.85
1436	166332	115.83
1437	167666	116.68
1438	162088	112.72
1439	168870	117.35
1440	160486	111.45
1441	168415	116.87
1442	159431	110.56
1443	164771	114.19
1444	161928	112.14
1445	152590	105.60
1446	150207	103.88
1447	152162	105.16
1448	151844	104.86
1449	152704	105.39
1450	150326	103.67
1451	153892	106.06
1452	151816	104.56
1453	152469	104.93
1454	153528	105.59
1455	153013	105.16
1456	152373	104.65
1457	151653	104.09
1458	155348	106.55
1459	152169	104.30
1460	152644	104.55
1461	152568	104.43
1462	154273	105.52
1463	163628	111.84
1464	152971	104.49
1465	155571	106.19
1466	151775	103.53
1467	151832	103.50
1468	151930	103.49
1469	154668	105.29
1470	151786	103.26
1471	152056	103.37
1472	154697	105.09
1473	154718	105.04
1474	155738	105.66
1475	157078	106.49
1476	157412	106.65
1477	154991	104.94
1478	153358	103.76
1479	153476	103.77
1480	153113	103.45
1481	167564	113.14
1482	154834	104.48
1483	158472	106.86
1484	154775	104.30
1485	157273	105.91
1486	155721	104.79
1487	157949	106.22
1488	157813	106.06
1489	153955	103.39
1490	154577	103.74
1491	154139	103.38
1492	155895	104.49
1493	155900	104.42
1494	157839	105.65
1495	154996	103.68
1496	155620	104.02
1497	156710	104.68
1498	156753	104.64
1499	157862	105.31
1500	158579	105.72
1501	157314	104.81
1502	156753	104.36
1503	163010	108.46
1504	158264	105.23
1505	162151	107.74
1506	156867	104.16
1507	159778	106.02
1508	155800	103.32
1509	155973	103.36
1510	156367	103.55
1511	158879	105.15
1512	158592	104.89
1513	157985	104.42
1514	164822	108.87
1515	156378	103.22
1516	160616	105.95
1517	158647	104.58
1518	164786	108.55
1519	158856	104.58
1520	162315	106.79
1521	162417	106.78
1522	163331	107.31
1523	160990	105.71
1524	159386	104.58
1525	165747	108.69
1526	158043	103.57
1527	165103	108.12
1528	161633	105.78
1529	160576	105.02
1530	158218	103.41
1531	162981	106.45
1532	160057	104.48
1533	165947	108.25
1534	161355	105.19
1535	160606	104.63
1536	162237	105.62
1537	160802	104.62
1538	162927	105.93
1539	160391	104.22
1540	161353	104.77
1541	160885	104.40
1542	163689	106.15
1543	161143	104.43
1544	164032	106.24
1545	161372	104.45
1546	161720	104.61
1547	163546	105.72
1548	162068	104.70
1549	164766	106.37
1550	164832	106.34
1551	164330	105.95
1552	165107	106.38
1553	171723	110.58
1554	162377	104.49
1555	163265	104.99
1556	162698	104.56
1557	162937	104.65
1558	163164	104.73
1559	163782	105.06
1560	164097	105.19
1561	166036	106.37
1562	163294	104.54
1563	163775	104.78
1564	163178	104.33
1565	163397	104.41
1566	164337	104.94
1567	166399	106.19
1568	167547	106.85
1569	167819	106.96
1570	167187	106.49
1571	167014	106.31
1572	166549	105.95
1573	164098	104.32
1574	164480	104.50
1575	164593	104.50
1576	164917	104.64
1577	164771	104.48
1578	165705	105.01
1579	165139	104.58
1580	165507	104.75
1581	165609	104.75
1582	165630	104.70
1583	165904	104.80
1584	165505	104.49
1585	165436	104.38
1586	163903	103.34
1587	164313	103.54
1588	164171	103.38
1589	170345	107.20
1590	167402	105.28
1591	169445	106.50
1592	169162	106.26
1593	177530	111.44
1594	166452	104.42
1595	166448	104.36
1596	167161	104.74
1597	165597	103.69
1598	165164	103.36
1599	169082	105.74
1600	167424	104.64
1601	170771	106.67
1602	167328	104.45
1603	168032	104.82
1604	168822	105.25
1605	165685	103.23
1606	166696	103.80
1607	166447	103.58
1608	166888	103.79
1609	166534	103.50
1610	170250	105.75
1611	168881	104.83
1612	170657	105.87
1613	171795	106.51
1614	169116	104.78
1615	170258	105.42
1616	169052	104.61
1617	168362	104.12
1618	167314	103.41
1619	167989	103.76
1620	170320	105.14
1621	169442	104.53
1622	169663	104.60
1623	174615	107.59
1624	172711	106.35
1625	171178	105.34
1626	174123	107.09
1627	168447	103.53
1628	172006	105.65
1629	170376	104.59
1630	175449	107.64
1631	170769	104.70
1632	172289	105.57
1633	170887	104.65
1634	173794	106.36
1635	173052	105.84
1636	174082	106.41
1637	171341	104.67
1638	171878	104.93
1639	174075	106.21
1640	177792	108.41
1641	174450	106.31
1642	174929	106.53
1643	172883	105.22
1644	171737	104.46
1645	170042	103.37
1646	173794	105.59
1647	174205	105.77
1648	186332	113.07
1649	172027	104.32
1650	173387	105.08
1651	172769	104.65
1652	172771	104.58
1653	173088	104.71
1654	173519	104.91
1655	172801	104.41
1656	175135	105.76
1657	173273	104.57
1658	173080	104.39
1659	171248	103.22
1660	171948	103.58
1661	172268	103.71
1662	172856	104.00
1663	174069	104.67
1664	177672	106.77
1665	176715	106.14
1666	177976	106.83
1667	174283	104.55
1668	174221	104.45
1669	172885	103.59
1670	172844	103.50
1671	172734	103.37
1672	175251	104.82
1673	175021	104.62
1674	175522	104.85
1675	174848	104.39
1676	181130	108.07
1677	173682	103.57
1678	174820	104.18
1679	177788	105.89
1680	178692	106.36
1681	179386	106.71
1682	178716	106.25
1683	177702	105.59
1684	175669	104.32
1685	174249	103.41
1686	178496	105.87
1687	176052	104.36
1688	175972	104.25
1689	177192	104.91
1690	176490	104.43
1691	173265	102.46
1692	177356	104.82
1693	173184	102.29
1694	182023	107.45
1695	172727	101.90
1696	181466	107.00
1697	174640	102.91
1698	177409	104.48
1699	176235	103.73
1700	181812	106.95
1701	173160	101.80
1702	195353	114.78
1703	180976	106.27
1704	178455	104.73
1705	178105	104.46
1706	182048	106.71
1707	179854	105.36
1708	181507	106.27
1709	182842	106.99
1710	181856	106.35
1711	182193	106.48
1712	177948	103.94
1713	177466	103.60
1714	177641	103.64
1715	178639	104.16
1716	177984	103.72
1717	177521	103.39
1718	179274	104.35
1719	181423	105.54
1720	179557	104.39
1721	187655	109.04
1722	178727	103.79
1723	179322	104.08
1724	180569	104.74
1725	187518	108.71
1726	178775	103.58
1727	178645	103.44
1728	178565	103.34
1729	179067	103.57
1730	178933	103.43
1731	183200	105.83
1732	183995	106.23
1733	184644	106.55
1734	182059	104.99
1735	188037	108.38
1736	180611	104.04
1737	179600	103.40
1738	179737	103.42
1739	180597	103.85
1740	187769	107.91
1741	182179	104.64
1742	181096	103.96
1743	180339	103.46
1744	190427	109.19
1745	182511	104.59
1746	183957	105.36
1747	182305	104.35
1748	182845	104.60
1749	182610	104.41
1750	182627	104.36
1751	180952	103.34
1752	181951	103.85
1753	180976	103.24
1754	184708	105.31
1755	183015	104.28
1756	183297	104.38
1757	181702	103.42
1758	182889	104.03
1759	182556	103.78
1760	182778	103.85
1761	184469	104.75
1762	184062	104.46
1763	191092	108.39
1764	187530	106.31
1765	187803	106.40
1766	182465	103.32
1767	182838	103.47
1768	182678	103.32
1769	189197	106.95
1770	182787	103.27
1771	183986	103.89
1772	183454	103.53
1773	187588	105.80
1774	183413	103.39
1775	183803	103.55
1776	183690	103.43
1777	183382	103.20
1778	187237	105.31
1779	185976	104.54
1780	185265	104.08
1781	183851	103.23
1782	188558	105.81
1783	186704	104.71
1784	184269	103.29
1785	184871	103.57
1786	184966	103.56
1787	184851	103.44
1788	199512	111.58
1789	193039	107.90
1790	186705	104.30
1791	194288	108.48
1792	193218	107.82
1793	189148	105.49
1794	187731	104.64
1795	187468	104.44
1796	186179	103.66
1797	194800	108.40
1798	183833	102.24
1799	190032	105.63
1800	183571	101.98
1801	187926	104.35
1802	183173	101.65
1803	185589	102.93
1804	183590	101.77
1805	189700	105.10
1806	190657	105.57
1807	189627	104.94
1808	212277	117.41
1809	224265	123.97
1810	231247	127.76
1811	220509	121.76
1812	219825	121.32
1813	225136	124.18
1814	213208	117.53
1815	204872	112.88
1816	187849	103.44
1817	187773	103.34
1818	190910	105.01
1819	188778	103.78
1820	188013	103.30
1821	189318	103.96
1822	190274	104.43
1823	191837	105.23
1824	193588	106.13
1825	194512	106.58
1826	190721	104.45
1827	192294	105.25
1828	194050	106.15
1829	191089	104.48
1830	192158	105.00
1831	191168	104.41
1832	191495	104.53
1833	191838	104.66
1834	191985	104.68
1835	192496	104.90
1836	201409	109.70
1837	194160	105.69
1838	190080	103.42
1839	190144	103.40
1840	191888	104.29
1841	193502	105.11
1842	193365	104.98
1843	190792	103.52
1844	190683	103.41
1845	194560	105.45
1846	190742	103.33
1847	190709	103.25
1848	190605	103.14
1849	191785	103.72
1850	191895	103.73
1851	194532	105.10
1852	191684	103.50
1853	191159	103.16
1854	197930	106.76
1855	193719	104.43
1856	193863	104.45
1857	194086	104.52
1858	194123	104.48
1859	201150	108.20
1860	197161	106.00
1861	192877	103.64
1862	192388	103.32
1863	195723	105.06
1864	193854	104.00
1865	193023	103.50
1866	193112	103.49
1867	193548	103.67
1868	195789	104.81
1869	195449	104.57
1870	196514	105.09
1871	195108	104.28
1872	196336	104.88
1873	196401	104.86
1874	202191	107.89
1875	198713	105.98
1876	198686	105.91
1877	201267	107.23
1878	196257	104.50
1879	200662	106.79
1880	194078	103.23
1881	203969	108.44
1882	199492	106.00
1883	196069	104.13
1884	195288	103.66
1885	194882	103.39
1886	198567	105.28
1887	197311	104.56
1888	203225	107.64
1889	200505	106.14
1890	199702	105.66
1891	195640	103.46
1892	195505	103.33
1893	195752	103.41
1894	195825	103.39
1895	204309	107.81
1896	197914	104.39
1897	199854	105.35
1898	201255	106.04
1899	202905	106.85
1900	201219	105.90
1901	198553	104.45
1902	195072	102.56
1903	203521	106.95
1904	196130	103.01
1905	205213	107.72
1906	200416	105.15
1907	216258	113.40
1908	198756	104.17
1909	197130	103.26
1910	202541	106.04
1911	196110	102.62
1912	201038	105.15
1913	198550	103.79
1914	199666	104.32
1915	198083	103.44
1916	207144	108.11
1917	202134	105.44
1918	200476	104.52
1919	202862	105.71
1920	200750	104.56
1921	206527	107.51
1922	199217	103.65
1923	198949	103.46
1924	206237	107.19
1925	209809	108.99
1926	202091	104.93
1927	201215	104.42
1928	202743	105.16
1929	205017	106.28
1930	202084	104.71
1931	201656	104.43
1932	201566	104.33
1933	205001	106.05
1934	206240	106.64
1935	200155	103.44
1936	200247	103.43
1937	200602	103.56
1938	203031	104.76
1939	203059	104.72
1940	200638	103.42
1941	200652	103.38
1942	204622	105.37
1943	204014	105.00
1944	205717	105.82
1945	205865	105.84
1946	201154	103.37
1947	215064	110.46
1948	202807	104.11
1949	201435	103.35
1950	207928	106.63
1951	201885	103.48
1952	205111	105.08
1953	202663	103.77
1954	208927	106.92
1955	197595	101.07
1956	197015	100.72
1957	198302	101.33
1958	197566	100.90
1959	203056	103.65
1960	201478	102.79
1961	210317	107.25
1962	235512	120.04
1963	215447	109.75
1964	226823	115.49
1965	229665	116.88
1966	229478	116.72
1967	232050	117.97
1968	217671	110.61
1969	224176	113.85
1970	219928	111.64
1971	232530	117.98
1972	236539	119.95
1973	237680	120.47
1974	233929	118.51
1975	242955	123.02
1976	238794	120.85
1977	239045	120.91
1978	235538	119.08
1979	239759	121.15
1980	240372	121.40
1981	234738	118.49
1982	236339	119.24
1983	237822	119.93
1984	235020	118.46
1985	239222	120.51
1986	221716	111.64
1987	230327	115.92
1988	236727	119.08
1989	233502	117.40
1990	243208	122.22
1991	239217	120.15
1992	244225	122.60
1993	235757	118.29
1994	224468	112.57
1995	212817	106.68
1996	209238	104.83
1997	211726	106.02
1998	213348	106.78
1999	209304	104.70
2000	217219	108.61
2001	212250	106.07
2002	209885	104.84
2003	212153	105.92
2004	210260	104.92
2005	210920	105.20
2006	212748	106.06
2007	212149	105.70
2008	214098	106.62
2009	210381	104.72
2010	212337	105.64
2011	212111	105.48
2012	209132	103.94
2013	212241	105.44
2014	214585	106.55
2015	213627	106.02
2016	212437	105.38
2017	210758	104.49
2018	212197	105.15
2019	210865	104.44
2020	212739	105.32
2021	212434	105.11
2022	212367	105.03
2023	212333	104.96
2024	210964	104.23
2025	217959	107.63
2026	212015	104.65
2027	212384	104.78
2028	212518	104.79
2029	214617	105.77
2030	213182	105.02
2031	216358	106.53
2032	214117	105.37
2033	215404	105.95
2034	212005	104.23
2035	214056	105.19
2036	215796	105.99
2037	215683	105.88
2038	216540	106.25
2039	211599	103.78
2040	215733	105.75
2041	217419	106.53
2042	216435	105.99
2043	217268	106.35
2044	214769	105.07
2045	214118	104.70
2046	217367	106.24
2047	229582	112.16
2048	233836	114.18
2049	225376	109.99
2050	217736	106.21
2051	219531	107.04
2052	230408	112.28
2053	231499	112.76
2054	237267	115.51
2055	222753	108.40
2056	232755	113.21
2057	236226	114.84
2058	241273	117.24
2059	233488	113.40
2060	234944	114.05
2061	220457	106.97
2062	223937	108.60
2063	218242	105.79
2064	216024	104.66
2065	235312	113.95
2066	241495	116.89
2067	226112	109.39
2068	216172	104.53
2069	218069	105.40
2070	216469	104.57
2071	215885	104.24
2072	217593	105.02
2073	217490	104.92
2074	217348	104.80
2075	217685	104.91
2076	218261	105.14
2077	218769	105.33
2078	218834	105.31
2079	219574	105.62
2080	217123	104.39
2081	215073	103.35
2082	219471	105.41
2083	218827	105.05
2084	217686	104.46
2085	220895	105.94
2086	222134	106.49
2087	221276	106.03
2088	222224	106.43
2089	221433	106.00
2090	219427	104.99
2091	219716	105.08
2092	219107	104.74
2093	221931	106.03
2094	219764	104.95
2095	218946	104.51
2096	219440	104.69
2097	218725	104.30
2098	218976	104.37
2099	219111	104.39
2100	218930	104.25
2101	218995	104.23
2102	219194	104.28
2103	221933	105.53
2104	219546	104.35
2105	214705	102.00
2106	217188	103.13
2107	214518	101.81
2108	214659	101.83
2109	214775	101.84
2110	215544	102.15
2111	215077	101.88
2112	215186	101.89
2113	215116	101.81
2114	217780	103.02
2115	209648	99.12
2116	233657	110.42
2117	232253	109.71
2118	221013	104.35
2119	224601	105.99
2120	237332	111.95
2121	219413	103.45
2122	228342	107.61
2123	240462	113.27
2124	221947	104.49
2125	226462	106.57
2126	226373	106.48
2127	222099	104.42
2128	225122	105.79
2129	222885	104.69
2130	222556	104.49
2131	223684	104.97
2132	222873	104.54
2133	222518	104.32
2134	222694	104.36
2135	220859	103.45
2136	228088	106.78
2137	223062	104.38
2138	223940	104.74
2139	223416	104.45
2140	223526	104.45
2141	223596	104.44
2142	221377	103.35
2143	216133	100.86
2144	217776	101.57
2145	216071	100.73
2146	218339	101.74
2147	216308	100.75
2148	217720	101.36
2149	219913	102.33
2150	224277	104.31
2151	218928	101.78
2152	220890	102.64
2153	213620	99.22
2154	215071	99.85
2155	214839	99.69
2156	219724	101.91
2157	218096	101.11
2158	214281	99.30
2159	235676	109.16
2160	223168	103.32
2161	221377	102.44
2162	223261	103.27
2163	220888	102.12
2164	220033	101.68
2165	221456	102.29
2166	225423	104.07
2167	219071	101.09
2168	220109	101.53
2169	218682	100.82
2170	219445	101.13
2171	222243	102.37
2172	221287	101.88
2173	221584	101.97
2174	225090	103.54
2175	223446	102.73
2176	219647	100.94
2177	229225	105.29
2178	219782	100.91
2179	219466	100.72
2180	218235	100.11
2181	222102	101.83
2182	214624	98.36
2183	219305	100.46
2184	214456	98.19
2185	218959	100.21
2186	215735	98.69
2187	219131	100.20
2188	220138	100.61
2189	216091	98.72
2190	216980	99.08
2191	217867	99.44
2192	217314	99.14
2193	219504	100.09
2194	217410	99.09
2195	220176	100.31
2196	217811	99.19
2197	221674	100.90
2198	218464	99.39
2199	219259	99.71
2200	221904	100.87
2201	223501	101.55
2202	218534	99.24
2203	221532	100.56
2204	226617	102.82
2205	225802	102.40
2206	218359	98.98
2207	221126	100.19
2208	224246	101.56
2209	226709	102.63
2210	230483	104.29
2211	231092	104.52
2212	227258	102.74
2213	231629	104.67
2214	227193	102.62
2215	230607	104.11
2216	228813	103.25
2217	231404	104.38
2218	227122	102.40
2219	231364	104.26
2220	230934	104.02
2221	252091	113.50
2222	251137	113.02
2223	234606	105.54
2224	245602	110.43
2225	254708	114.48
2226	252674	113.51
2227	231661	104.02
2228	235943	105.90
2229	236567	106.13
2230	234488	105.15
2231	252226	113.06
2232	244381	109.49
2233	237204	106.23
2234	233994	104.74
2235	235900	105.55
2236	241176	107.86
2237	239004	106.84
2238	248066	110.84
2239	245526	109.66
2240	263158	117.48
2241	268995	120.03
2242	262694	117.17
2243	237542	105.90
2244	252122	112.35
2245	249918	111.32
2246	236349	105.23
2247	235476	104.80
2248	234289	104.22
2249	233152	103.67
2250	232853	103.49
2251	233833	103.88
2252	235515	104.58
2253	235738	104.63
2254	237099	105.19
2255	235966	104.64
2256	235448	104.37
2257	236273	104.68
2258	236908	104.92
2259	236275	104.59
2260	236429	104.61
2261	238167	105.34
2262	256462	113.38
2263	236919	104.69
2264	233255	103.03
2265	244575	107.98
2266	231729	102.26
2267	233228	102.88
2268	230448	101.61
2269	233813	103.05
2270	230537	101.56
2271	234962	103.46
2272	234628	103.27
2273	235242	103.49
2274	235288	103.47
2275	235331	103.44
2276	235292	103.38
2277	235863	103.58
2278	235702	103.47
2279	233881	102.62
2280	229590	100.70
2281	232741	102.03
2282	230180	100.87
2283	230051	100.77
2284	230327	100.84
2285	230506	100.88
2286	232567	101.74
2287	232647	101.73
2288	230863	100.90
2289	225148	98.36
2290	226598	98.95
2291	226812	99.00
2292	230397	100.52
2293	225826	98.48
2294	237848	103.68
2295	228160	99.42
2296	233084	101.52
2297	237384	103.35
2298	236873	103.08
2299	252120	109.67
2300	260843	113.41
2301	259978	112.98
2302	252502	109.69
2303	257056	111.62
2304	270356	117.34
2305	260026	112.81
2306	241566	104.76
2307	241133	104.52
2308	239637	103.83
2309	240918	104.34
2310	243524	105.42
2311	241943	104.69
2312	242125	104.73
2313	240609	104.02
2314	246933	106.71
2315	243985	105.39
2316	244364	105.51
2317	254183	109.70
2318	251860	108.65
2319	258400	111.43
2320	261507	112.72
2321	253828	109.36
2322	271940	117.11
2323	273794	117.86
2324	271688	116.91
2325	272084	117.03
2326	264458	113.70
2327	271915	116.85
2328	273050	117.29
2329	273227	117.32
2330	267018	114.60
2331	255201	109.48
2332	246533	105.72
2333	244578	104.83
2334	244086	104.58
2335	245236	105.03
2336	241923	103.56
2337	243371	104.14
2338	245567	105.03
2339	247661	105.88
2340	248282	106.10
2341	244751	104.55
2342	245505	104.83
2343	244937	104.54
2344	245305	104.65
2345	245145	104.54
2346	248645	105.99
2347	247437	105.43
2348	239527	102.01
2349	241268	102.71
2350	243410	103.58
2351	240233	102.18
2352	239991	102.04
2353	241073	102.45
2354	240034	101.97
2355	243121	103.24
2356	246766	104.74
2357	241936	102.65
2358	244029	103.49
2359	243991	103.43
2360	238102	100.89
2361	246602	104.45
2362	242730	102.76
2363	243768	103.16
2364	242576	102.61
2365	245797	103.93
2366	244493	103.34
2367	246321	104.06
2368	241718	102.08
2369	244787	103.33
2370	250513	105.70
2371	252217	106.38
2372	248608	104.81
2373	245475	103.45
2374	285843	120.41
2375	265557	111.81
2376	250237	105.32
2377	272039	114.45
2378	266680	112.14
2379	265874	111.76
2380	251981	105.87
2381	256430	107.70
2382	250636	105.22
2383	251253	105.44
2384	250470	105.06
2385	253922	106.47
2386	252863	105.98
2387	251592	105.40
2388	250645	104.96
2389	254088	106.36
2390	252203	105.52
2391	252810	105.73
2392	251999	105.35
2393	252926	105.69
2394	250741	104.74
2395	253243	105.74
2396	253989	106.01
2397	254703	106.26
2398	254946	106.32
2399	254101	105.92
2400	254264	105.94
2401	254458	105.98
2402	254486	105.95
2403	253141	105.34
2404	253918	105.62
2405	254533	105.83
2406	252164	104.81
2407	258493	107.39
2408	253332	105.20
2409	255057	105.88
2410	253948	105.37
2411	254755	105.66
2412	252507	104.69
2413	254685	105.55
2414	253587	105.05
2415	251028	103.95
2416	249236	103.16
2417	250052	103.46
2418	257462	106.48
2419	253656	104.86
2420	264780	109.41
2421	253214	104.59
2422	262633	108.44
2423	256913	106.03
2424	257590	106.27
2425	257090	106.02
2426	253839	104.63
2427	254211	104.74
2428	256243	105.54
2429	256162	105.46
2430	252632	103.96
2431	257244	105.82
2432	260508	107.12
2433	260267	106.97
2434	251442	103.30
2435	250125	102.72
2436	249931	102.60
2437	258311	106.00
2438	258552	106.05
2439	255134	104.61
2440	257775	105.65
2441	256884	105.24
2442	256764	105.14
2443	256002	104.79
2444	256075	104.78
2445	258131	105.58
2446	256856	105.01
2447	256243	104.72
2448	254172	103.83
2449	253674	103.58
2450	253699	103.55
2451	254008	103.63
2452	254225	103.68
2453	254172	103.62
2454	254239	103.60
2455	252244	102.75
2456	248287	101.09
2457	250127	101.80
2458	247819	100.82
2459	248058	100.88
2460	248294	100.93
2461	248460	100.96
2462	248688	101.01
2463	252875	102.67
2464	244283	99.14
2465	246103	99.84
2466	243008	98.54
2467	247898	100.49
2468	247387	100.24
2469	243222	98.51
2470	249045	100.83
2471	244996	99.15
2472	249268	100.84
2473	251737	101.79
2474	248682	100.52
2475	246821	99.73
2476	250593	101.21
2477	246102	99.35
2478	244097	98.51
2479	248139	100.10
2480	251303	101.33
2481	250224	100.86
2482	244226	98.40
2483	247591	99.71
2484	252810	101.78
2485	244685	98.46
2486	244805	98.47
2487	249502	100.32
2488	256383	103.05
2489	247646	99.50
2490	250008	100.40
2491	245183	98.43
2492	245429	98.49
2493	248062	99.50
2494	245635	98.49
2495	251505	100.80
2496	248840	99.70
2497	254730	102.01
2498	248987	99.67
2499	253562	101.47
2500	247637	99.05
2501	250411	100.12
2502	256663	102.58
2503	249455	99.66
2504	271650	108.49
2505	251120	100.25
2506	253606	101.20
2507	253181	100.99
2508	255135	101.73
2509	253096	100.88
2510	253304	100.92
2511	255327	101.68
2512	253213	100.80
2513	256849	102.21
2514	255576	101.66
2515	255044	101.41
2516	255610	101.59
2517	250345	99.46
2518	253017	100.48
2519	248096	98.49
2520	264176	104.83
2521	258893	102.69
2522	254874	101.06
2523	255016	101.08
2524	254641	100.89
2525	254955	100.97
2526	254788	100.87
2527	261705	103.56
2528	254799	100.79
2529	255035	100.84
2530	255516	100.99
2531	259148	102.39
2532	255671	100.98
2533	257848	101.80
2534	257036	101.43
2535	258574	102.00
2536	256202	101.03
2537	256151	100.97
2538	255172	100.54
2539	252864	99.59
2540	249818	98.35
2541	257555	101.36
2542	252627	99.38
2543	259106	101.89
2544	262680	103.25
2545	253811	99.73
2546	250783	98.50
2547	256494	100.70
2548	254340	99.82
2549	250843	98.41
2550	255171	100.07
2551	253778	99.48
2552	252403	98.90
2553	257314	100.79
2554	252790	98.98
2555	257433	100.76
2556	257866	100.89
2557	254262	99.44
2558	251962	98.50
2559	256782	100.34
2560	257148	100.45
2561	252577	98.62
2562	256856	100.26
2563	252258	98.42
2564	255645	99.71
2565	253073	98.66
2566	255277	99.48
2567	253053	98.58
2568	252846	98.46
2569	257311	100.16
2570	257688	100.27
2571	255333	99.31
2572	254129	98.81
2573	256946	99.86
2574	253370	98.43
2575	253445	98.43
2576	257425	99.93
2577	253701	98.45
2578	257727	99.97
2579	269689	104.57
2580	261934	101.52
2581	261868	101.46
2582	260214	100.78
2583	257178	99.57
2584	264279	102.28
2585	254720	98.54
2586	266893	103.21
2587	254491	98.37
2588	256492	99.11
2589	257054	99.29
2590	257383	99.38
2591	256704	99.08
2592	255471	98.56
2593	256211	98.81
2594	257741	99.36
2595	259614	100.04
2596	259900	100.12
2597	260479	100.30
2598	266055	102.41
2599	256436	98.67
2600	259314	99.74
2601	257832	99.13
2602	263408	101.23
2603	263056	101.06
2604	260463	100.02
2605	266589	102.34
2606	260237	99.86
2607	264235	101.36
2608	261236	100.17
2609	257170	98.57
2610	259586	99.46
2611	264617	101.35
2612	265609	101.69
2613	258299	98.85
2614	265406	101.53
2615	259260	99.14
2616	257714	98.51
2617	258040	98.60
2618	257989	98.54
2619	258072	98.54
2620	267066	101.93
2621	260153	99.26
2622	263233	100.39
2623	258516	98.56
2624	262728	100.12
2625	258594	98.51
2626	263888	100.49
2627	261090	99.39
2628	262925	100.05
2629	261509	99.47
2630	262391	99.77
2631	262176	99.65
2632	259348	98.54
2633	259350	98.50
2634	260931	99.06
2635	262262	99.53
2636	266925	101.26
2637	265438	100.66
2638	264803	100.38
2639	261712	99.17
2640	265532	100.58
2641	265038	100.36
2642	265776	100.60
2643	260618	98.61
2644	263447	99.64
2645	260749	98.58
2646	265659	100.40
2647	269868	101.95
2648	263689	99.58
2649	263234	99.37
2650	261965	98.85
2651	265925	100.31
2652	264357	99.68
2653	263479	99.31
2654	263785	99.39
2655	263207	99.14
2656	262828	98.96
2657	261541	98.43
2658	269464	101.38
2659	262007	98.54
2660	266799	100.30
2661	264564	99.42
2662	262355	98.56
2663	267598	100.49
2664	262566	98.56
2665	265144	99.49
2666	267554	100.36
2667	265794	99.66
2668	269795	101.12
2669	267653	100.28
2670	270701	101.39
2671	268463	100.51
2672	265980	99.54
2673	267369	100.03
2674	266228	99.56
2675	267320	99.93
2676	274845	102.71
2677	266606	99.59
2678	272426	101.73
2679	270345	100.91
2680	269992	100.74
2681	271772	101.37
2682	266644	99.42
2683	273517	101.94
2684	267549	99.68
2685	274634	102.28
2686	274555	102.22
2687	268285	99.85
2688	268061	99.73
2689	267602	99.52
2690	272544	101.32
2691	273832	101.76
2692	268089	99.59
2693	273230	101.46
2694	270020	100.23
2695	269264	99.91
2696	268475	99.58
2697	268626	99.60
2698	270380	100.21
2699	273056	101.17
2700	273571	101.32
2701	272881	101.03
2702	273057	101.06
2703	277593	102.70
2704	274331	101.45
2705	269152	99.50
2706	268388	99.18
2707	273771	101.13
2708	273491	100.99
2709	274346	101.27
2710	273978	101.10
2711	276171	101.87
2712	273655	100.91
2713	275210	101.44
2714	272939	100.57
2715	273015	100.56
2716	273427	100.67
2717	269487	99.19
2718	275267	101.28
2719	275367	101.28
2720	268161	98.59
2721	273001	100.33
2722	272464	100.10
2723	275229	101.08
2724	282581	103.74
2725	273436	100.34
2726	281992	103.45
2727	285289	104.62
2728	289832	106.24
2729	294707	107.99
2730	287660	105.37
2731	316632	115.94
2732	287868	105.37
2733	301521	110.33
2734	304124	111.24
2735	309475	113.15
2736	306072	111.87
2737	296714	108.41
2738	298541	109.04
2739	319227	116.55
2740	324680	118.50
2741	328910	120.00
2742	332526	121.27
2743	321178	117.09
2744	320564	116.82
2745	320142	116.63
2746	319016	116.17
2747	301098	109.61
2748	295411	107.50
2749	297978	108.40
2750	286644	104.23
2751	290316	105.53
2752	287532	104.48
2753	286303	104.00
2754	285650	103.72
2755	285905	103.78
2756	285682	103.66
2757	285784	103.66
2758	285983	103.69
2759	286238	103.75
2760	286137	103.67
2761	286247	103.68
2762	286206	103.62
2763	286523	103.70
2764	284840	103.05
2765	279840	101.21
2766	289193	104.55
2767	287481	103.90
2768	285428	103.12
2769	286341	103.41
2770	283573	102.37
2771	291414	105.17
2772	286555	103.37
2773	293533	105.85
2774	307068	110.70
2775	305772	110.19
2776	314233	113.20
2777	305760	110.10
2778	314541	113.23
2779	303356	109.16
2780	305908	110.04
2781	322220	115.86
2782	327414	117.69
2783	322953	116.04
2784	318360	114.35
2785	312226	112.11
2786	307275	110.29
2787	306854	110.10
2788	302181	108.39
2789	305905	109.68
2790	333698	119.61
2791	293530	105.17
2792	291123	104.27
2793	290071	103.86
2794	289780	103.72
2795	289635	103.63
2796	289740	103.63
2797	291776	104.32
2798	293239	104.80
2799	288877	103.21
2800	286318	102.26
2801	286461	102.27
2802	292050	104.23
2803	286675	102.27
2804	288372	102.84
2805	286667	102.20
2806	305599	108.91
2807	295065	105.12
2808	294430	104.85
2809	289861	103.19
2810	292143	103.97
2811	290603	103.38
2812	290331	103.25
2813	291815	103.74
2814	295116	104.87
2815	295349	104.92
2816	295774	105.03
2817	295749	104.99
2818	295150	104.74
2819	295341	104.77
2820	296150	105.02
2821	291108	103.19
2822	291243	103.20
2823	292051	103.45
2824	296492	104.99
2825	301832	106.84
2826	301340	106.63
2827	303484	107.35
2828	299282	105.83
2829	301340	106.52
2830	295859	104.54
2831	300599	106.18
2832	298457	105.39
2833	294491	103.95
2834	298962	105.49
2835	300410	105.96
2836	297430	104.88
2837	297720	104.94
2838	297596	104.86
2839	295632	104.13
2840	298481	105.10
2841	299043	105.26
2842	297471	104.67
2843	298323	104.93
2844	298889	105.09
2845	298304	104.85
2846	299013	105.06
2847	299240	105.11
2848	301433	105.84
2849	293615	103.06
2850	288304	101.16
2851	281089	98.59
2852	284284	99.68
2853	281814	98.78
2854	286698	100.45
2855	281781	98.70
2856	281613	98.60
2857	286218	100.18
2858	281591	98.53
2859	281887	98.60
2860	289999	101.40
2861	290249	101.45
2862	281891	98.49
2863	286327	100.01
2864	286183	99.92
2865	284811	99.41
2866	286421	99.94
2867	282795	98.64
2868	285210	99.45
2869	282892	98.60
2870	288884	100.66
2871	285806	99.55
2872	284420	99.03
2873	283294	98.61
2874	288155	100.26
2875	287756	100.09
2876	283320	98.51
2877	283477	98.53
2878	285653	99.25
2879	295425	102.61
2880	288340	100.12
2881	283998	98.58
2882	288361	100.06
2883	294489	102.15
2884	302537	104.90
2885	302334	104.80
2886	292246	101.26
2887	291912	101.11
2888	291931	101.08
2889	292100	101.11
2890	292102	101.07
2891	292276	101.10
2892	296396	102.49
2893	296080	102.34
2894	289951	100.19
2895	290016	100.18
2896	288678	99.68
2897	291889	100.76
2898	288790	99.65
2899	288979	99.68
2900	291371	100.47
2901	295608	101.90
2902	293364	101.09
2903	290707	100.14
2904	294131	101.28
2905	286181	98.51
2906	288115	99.14
2907	288296	99.17
2908	295653	101.67
2909	290377	99.82
2910	286769	98.55
2911	286799	98.52
2912	288837	99.19
2913	287264	98.61
2914	287473	98.65
2915	290552	99.67
2916	292217	100.21
2917	290835	99.70
2918	287353	98.48
2919	293444	100.53
2920	292710	100.24
2921	291256	99.71
2922	303334	103.81
2923	293295	100.34
2924	291584	99.72
2925	293439	100.32
2926	291976	99.79
2927	291958	99.75
2928	294598	100.61
2929	299413	102.22
2930	292147	99.71
2931	294994	100.65
2932	292427	99.74
2933	294919	100.55
2934	292521	99.70
2935	293218	99.90
2936	298583	101.70
2937	296778	101.05
2938	296913	101.06
2939	292687	99.59
2940	293137	99.71
2941	293215	99.70
2942	294971	100.26
2943	297534	101.10
2944	293971	99.85
2945	300022	101.88
2946	294147	99.85
2947	293811	99.70
2948	295506	100.24
2949	294101	99.73
2950	303861	103.00
2951	300029	101.67
2952	294113	99.63
2953	294325	99.67
2954	294583	99.72
2955	294582	99.69
2956	298081	100.84
2957	297029	100.45
2958	294880	99.69
2959	295140	99.74
2960	296850	100.29
2961	294936	99.61
2962	296846	100.22
2963	295367	99.69
2964	295511	99.70
2965	302292	101.95
2966	295369	99.58
2967	298149	100.49
2968	295941	99.71
2969	298497	100.54
2970	300450	101.16
2971	296200	99.70
2972	297758	100.19
2973	297923	100.21
2974	299727	100.78
2975	296633	99.71
2976	296767	99.72
2977	296584	99.63
2978	296667	99.62
2979	296958	99.68
2980	297124	99.71
2981	298145	100.02
2982	299289	100.37
2983	297369	99.69
2984	297464	99.69
2985	297492	99.66
2986	299518	100.31
2987	300269	100.53
2988	298033	99.74
2989	298040	99.71
2990	302449	101.15
2991	301170	100.69
2992	299942	100.25
2993	304181	101.63
2994	298612	99.74
2995	298713	99.74
2996	301731	100.71
2997	298722	99.67
2998	299177	99.79
2999	299046	99.72
3000	304346	101.45
3001	299265	99.72
3002	306691	102.16
3003	325593	108.42
3004	305253	101.62
3005	305596	101.70
3006	303039	100.81
3007	307439	102.24
3008	307315	102.17
3009	307625	102.23
3010	320133	106.36
3011	344972	114.57
3012	308940	102.57
3013	310763	103.14
3014	313012	103.85
3015	312652	103.70
3016	312866	103.74
3017	318440	105.55
3018	320497	106.20
3019	319454	105.81
3020	327724	108.52
3021	308792	102.22
3022	308827	102.19
3023	308862	102.17
3024	317762	105.08
3025	308704	102.05
3026	312780	103.36
3027	317407	104.86
3028	317549	104.87
3029	317599	104.85
3030	317674	104.84
3031	317738	104.83
3032	317833	104.83
3033	313483	103.36
3034	302618	99.74
3035	308851	101.76
3036	304615	100.33
3037	302826	99.71
3038	304297	100.16
3039	302989	99.70
3040	304746	100.25
3041	303284	99.73
3042	318145	104.58
3043	314448	103.33
3044	317914	104.44
3045	311792	102.39
3046	318103	104.43
3047	325712	106.90
3048	336400	110.37
3049	335286	109.97
3050	342098	112.16
3051	327283	107.27
3052	326988	107.14
3053	324092	106.16
3054	325095	106.45
3055	327742	107.28
3056	330768	108.24
3057	333067	108.95
3058	329292	107.68
3059	323344	105.70
3060	325360	106.33
3061	325878	106.46
3062	322194	105.22
3063	321972	105.12
3064	321486	104.92
3065	322605	105.25
3066	321422	104.83
3067	321867	104.95
3068	326046	106.27
3069	323801	105.51
3070	323911	105.51
3071	322063	104.87
3072	322340	104.93
3073	322540	104.96
3074	322456	104.90
3075	322378	104.84
3076	322311	104.78
3077	322715	104.88
3078	322820	104.88
3079	315739	102.55
3080	314872	102.23
3081	315077	102.26
3082	315090	102.24
3083	315325	102.28
3084	315353	102.25
3085	318821	103.35
3086	313742	101.67
3087	309397	100.23
3088	308035	99.75
3089	310523	100.53
3090	307937	99.66
3091	314080	101.61
3092	308122	99.65
3093	312181	100.93
3094	308588	99.74
3095	308727	99.75
3096	308824	99.75
3097	308998	99.77
3098	312139	100.76
3099	318076	102.64
3100	309488	99.83
3101	309501	99.81
3102	326865	105.37
3103	334043	107.65
3104	332196	107.02
3105	329966	106.27
3106	322673	103.89
3107	328778	105.82
3108	336649	108.32
3109	324108	104.25
3110	327357	105.26
3111	332635	106.92
3112	327624	105.28
3113	325727	104.63
3114	327112	105.05
3115	325608	104.53
3116	326626	104.82
3117	326618	104.79
3118	324112	103.95
3119	323717	103.79
3120	323924	103.82
3121	323690	103.71
3122	323878	103.74
3123	323856	103.70
3124	324070	103.74
3125	317746	101.68
3126	317801	101.66
3127	308231	98.57
3128	308528	98.63
3129	309844	99.02
3130	308844	98.67
3131	311261	99.41
3132	316948	101.20
3133	309151	98.68
3134	322304	102.84
3135	309125	98.60
3136	312661	99.70
3137	315086	100.44
3138	318546	101.51
3139	311415	99.21
3140	317063	100.98
3141	309631	98.58
3142	312314	99.40
3143	316482	100.69
3144	337168	107.24
3145	318613	101.31
3146	313892	99.77
3147	313977	99.77
3148	314117	99.78
3149	318170	101.04
3150	314162	99.73
3151	314245	99.73
3152	319366	101.32
3153	316311	100.32
3154	336569	106.71
3155	314896	99.81
3156	318699	100.98
3157	319941	101.34
3158	319274	101.10
3159	324749	102.80
3160	323196	102.28
3161	323351	102.29
3162	323361	102.26
3163	323490	102.27
3164	323177	102.14
3165	326734	103.23
3166	318941	100.74
3167	315919	99.75
3168	317582	100.25
3169	317586	100.22
3170	315906	99.65
3171	316147	99.70
3172	319904	100.85
3173	317815	100.16
3174	316431	99.69
3175	316474	99.68
3176	316641	99.70
3177	317829	100.04
3178	321722	101.23
3179	318928	100.32
3180	320735	100.86
3181	317671	99.87
3182	317664	99.83
3183	317698	99.81
3184	317884	99.84
3185	319370	100.27
3186	321285	100.84
3187	319941	100.39
3188	318463	99.89
3189	318294	99.81
3190	318296	99.78
3191	319336	100.07
3192	319266	100.02
3193	329377	103.16
3194	319358	99.99
3195	318742	99.76
3196	320543	100.30
3197	319396	99.90
3198	323205	101.06
3199	321969	100.65
3200	319896	99.97
3201	321218	100.35
3202	324892	101.47
3203	334296	104.37
3204	321389	100.31
3205	330352	103.07
3206	321371	100.24
3207	319680	99.68
3208	319845	99.70
3209	319955	99.71
3210	326561	101.73
3211	323994	100.90
3212	320267	99.71
3213	325850	101.42
3214	320423	99.70
3215	320531	99.70
3216	320671	99.71
3217	321894	100.06
3218	321206	99.82
3219	322698	100.25
3220	332488	103.26
3221	321962	99.96
3222	330541	102.59
3223	329171	102.13
3224	335141	103.95
3225	332770	103.18
3226	333080	103.25
3227	334634	103.70
3228	332906	103.13
3229	332960	103.12
3230	330190	102.23
3231	325278	100.67
3232	331625	102.61
3233	335087	103.65
3234	328314	101.52
3235	333712	103.16
3236	337759	104.38
3237	327483	101.17
3238	326115	100.71
3239	329873	101.84
3240	326499	100.77
3241	326491	100.74
3242	326586	100.74
3243	328919	101.42
3244	328278	101.20
3245	329892	101.66
3246	326804	100.68
3247	327092	100.74
3248	327026	100.69
3249	328174	101.01
3250	327270	100.70
3251	327471	100.73
3252	333668	102.60
3253	328947	101.12
3254	327560	100.66
3255	327499	100.61
3256	330959	101.65
3257	331158	101.68
3258	328462	100.82
3259	329686	101.16
3260	330387	101.35
3261	328396	100.70
3262	332795	102.02
3263	331032	101.45
3264	330162	101.15
3265	329798	101.01
3266	328712	100.65
3267	331358	101.43
3268	335436	102.64
3269	331564	101.43
3270	334650	102.34
3271	332448	101.63
3272	331929	101.45
3273	323048	98.70
3274	323249	98.73
3275	325497	99.39
3276	324195	98.96
3277	323231	98.64
3278	325899	99.42
3279	332237	101.32
3280	326225	99.46
3281	325962	99.35
3282	324103	98.75
3283	327237	99.68
3284	329705	100.40
3285	327039	99.56
3286	327472	99.66
3287	328476	99.93
3288	327144	99.50
3289	324682	98.72
3290	326454	99.23
3291	330738	100.50
3292	326607	99.21
3293	329980	100.21
3294	331773	100.72
3295	325197	98.69
3296	326922	99.19
3297	325822	98.82
3298	327236	99.22
3299	325710	98.73
3300	329026	99.70
3301	329016	99.67
3302	327811	99.28
3303	329697	99.82
3304	330905	100.15
3305	331927	100.43
3306	326519	98.77
3307	328337	99.29
3308	331789	100.30
3309	328367	99.23
3310	326686	98.70
3311	357758	108.05
3312	337954	102.04
3313	339009	102.33
3314	342007	103.20
3315	342011	103.17
3316	342501	103.29
3317	344268	103.79
3318	344016	103.68
3319	339136	102.18
3320	336766	101.44
3321	334471	100.71
3322	334477	100.69
3323	336087	101.14
3324	336161	101.13
3325	334638	100.64
3326	338654	101.82
3327	334734	100.61
3328	339038	101.87
3329	335244	100.70
3330	336847	101.16
3331	346488	104.02
3332	340229	102.11
3333	342091	102.64
3334	337226	101.15
3335	335558	100.62
3336	338284	101.40
3337	335981	100.68
3338	336031	100.67
3339	335850	100.58
3340	333347	99.80
3341	333543	99.83
3342	333629	99.83
3343	335272	100.29
3344	333757	99.81
3345	336880	100.71
3346	333972	99.81
3347	338162	101.03
3348	335045	100.07
3349	336249	100.40
3350	336677	100.50
3351	334432	99.80
3352	336132	100.28
3353	335935	100.19
3354	334519	99.74
3355	334610	99.73
3356	337529	100.57
3357	343449	102.31
3358	335739	99.98
3359	334954	99.72
3360	336677	100.20
3361	336056	99.99
3362	337024	100.25
3363	339115	100.84
3364	335912	99.85
3365	335921	99.83
3366	336089	99.85
3367	337691	100.29
3368	337929	100.34
3369	336243	99.80
3370	338015	100.30
3371	336530	99.83
3372	338187	100.29
3373	337495	100.06
3374	336857	99.84
3375	340362	100.85
3376	341822	101.25
3377	336836	99.74
3378	339597	100.53
3379	337469	99.87
3380	337322	99.80
3381	346376	102.45
3382	340290	100.62
3383	337750	99.84
3384	338941	100.16
3385	337923	99.83
3386	339733	100.33
3387	339824	100.33
3388	345375	101.94
3389	338174	99.79
3390	338091	99.73
3391	338281	99.76
3392	343331	101.22
3393	338731	99.83
3394	345127	101.69
3395	342197	100.79
3396	338965	99.81
3397	339092	99.82
3398	339138	99.81
3399	339325	99.83
3400	344370	101.29
3401	341026	100.27
3402	361547	106.27
3403	341039	100.22
3404	341691	100.38
3405	340001	99.85
3406	355257	104.30
3407	341661	100.28
3408	339902	99.74
3409	341609	100.21
3410	342977	100.58
3411	340565	99.84
3412	345350	101.22
3413	342359	100.31
3414	340991	99.88
3415	342424	100.27
3416	340905	99.80
3417	356660	104.38
3418	345429	101.06
3419	345542	101.07
3420	343253	100.37
3421	341424	99.80
3422	341713	99.86
3423	341793	99.85
3424	341804	99.83
3425	342839	100.10
3426	342975	100.11
3427	342126	99.83
3428	342302	99.85
3429	342455	99.87
3430	344038	100.30
3431	342657	99.87
3432	352901	102.83
3433	344345	100.30
3434	342569	99.76
3435	344187	100.20
3436	343033	99.83
3437	343497	99.94
3438	343651	99.96
3439	347892	101.16
3440	345889	100.55
3441	343673	99.88
3442	343705	99.86
3443	353489	102.67
3444	346908	100.73
3445	344011	99.86
3446	345119	100.15
3447	344254	99.87
3448	360846	104.65
3449	377631	109.49
3450	360993	104.64
3451	360819	104.55
3452	370821	107.42
3453	359920	104.23
3454	357852	103.61
3455	364772	105.58
3456	365738	105.83
3457	370177	107.08
3458	363697	105.18
3459	365071	105.54
3460	363593	105.08
3461	363271	104.96
3462	360298	104.07
3463	365886	105.66
3464	366709	105.86
3465	366829	105.87
3466	367442	106.01
3467	367142	105.90
3468	367213	105.89
3469	367810	106.03
3470	366292	105.56
3471	364613	105.05
3472	365856	105.37
3473	379174	109.18
3474	407985	117.44
3475	368024	105.91
3476	365356	105.11
3477	366920	105.53
3478	368903	106.07
3479	369727	106.27
3480	380921	109.46
3481	366181	105.19
3482	365619	105.00
3483	367530	105.52
3484	366618	105.23
3485	369156	105.93
3486	367537	105.43
3487	366258	105.04
3488	366281	105.01
3489	367724	105.40
3490	367069	105.18
3491	363332	104.08
3492	366740	105.02
3493	366887	105.03
3494	367233	105.10
3495	368597	105.46
3496	354330	101.35
3497	356154	101.85
3498	359134	102.67
3499	357394	102.14
3500	359738	102.78
3501	359581	102.71
3502	379227	108.29
3503	372333	106.29
3504	367469	104.87
3505	366888	104.68
3506	368721	105.17
3507	367881	104.90
3508	368250	104.97
3509	368340	104.97
3510	365015	103.99
3511	364872	103.92
3512	365059	103.95
3513	359788	102.42
3514	368323	104.82
3515	366999	104.41
3516	362893	103.21
3517	359134	102.11
3518	358949	102.03
3519	360276	102.38
3520	360506	102.42
3521	357800	101.62
3522	360457	102.34
3523	362517	102.90
3524	365062	103.59
3525	364724	103.47
3526	369766	104.87
3527	373923	106.02
3528	369574	104.75
3529	365779	103.65
3530	374464	106.08
3531	373267	105.71
3532	371049	105.05
3533	371632	105.19
3534	372435	105.39
3535	371788	105.17
3536	370582	104.80
3537	370738	104.82
3538	371695	105.06
3539	372037	105.12
3540	371942	105.07
3541	374856	105.86
3542	374966	105.86
3543	375009	105.85
3544	375366	105.92
3545	375869	106.03
3546	376507	106.18
3547	377517	106.43
3548	367898	103.69
3549	371059	104.55
3550	363481	102.39
3551	368832	103.87
3552	371910	104.70
3553	377576	106.27
3554	368138	103.58
3555	374546	105.36
3556	375243	105.52
3557	379174	106.60
3558	384506	108.07
3559	374522	105.23
3560	372203	104.55
3561	377951	106.14
3562	376024	105.57
3563	375636	105.43
3564	377209	105.84
3565	389859	109.36
3566	384407	107.80
3567	377372	105.80
3568	380539	106.65
3569	376038	105.36
3570	378487	106.02
3571	376398	105.40
3572	375095	105.01
3573	376208	105.29
3574	375147	104.97
3575	376407	105.29
3576	375222	104.93
3577	376151	105.16
3578	376359	105.19
3579	375269	104.85
3580	375439	104.87
3581	375540	104.87
3582	376064	104.99
3583	376131	104.98
3584	376181	104.96
3585	376609	105.05
3586	377054	105.15
3587	370598	103.32
3588	364262	101.52
3589	363201	101.20
3590	360603	100.45
3591	363194	101.14
3592	369790	102.95
3593	367740	102.35
3594	367925	102.37
3595	367986	102.36
3596	368122	102.37
3597	365904	101.72
3598	360575	100.22
3599	359448	99.87
3600	379702	105.47
3601	388733	107.95
3602	387812	107.67
3603	375914	104.33
3604	386129	107.14
3605	395541	109.72
3606	391965	108.70
3607	386989	107.29
3608	391842	108.60
3609	380245	105.36
3610	381637	105.72
3611	381331	105.60
3612	380203	105.26
3613	382526	105.87
3614	381365	105.52
3615	383135	105.98
3616	382419	105.76
3617	380694	105.25
3618	382467	105.71
3619	381878	105.52
3620	380824	105.20
3621	380196	105.00
3622	380539	105.06
3623	380456	105.01
3624	380782	105.07
3625	373555	103.05
3626	373051	102.88
3627	371342	102.38
3628	372560	102.69
3629	373394	102.89
3630	371545	102.35
3631	364390	100.36
3632	367778	101.26
3633	367888	101.26
3634	366741	100.92
3635	364049	100.15
3636	364783	100.33
3637	363099	99.83
3638	363102	99.81
3639	364987	100.30
3640	368735	101.30
3641	365899	100.49
3642	369646	101.50
3643	363889	99.89
3644	363892	99.86
3645	363974	99.86
3646	364135	99.87
3647	367799	100.85
3648	370485	101.56
3649	380063	104.16
3650	385030	105.49
3651	392707	107.56
3652	407733	111.65
3653	371570	101.72
3654	385331	105.45
3655	384238	105.13
3656	384371	105.13
3657	384727	105.20
3658	384949	105.23
3659	384640	105.12
3660	386114	105.50
3661	384341	104.98
3662	386969	105.67
3663	380502	103.88
3664	380750	103.92
3665	380990	103.95
3666	380494	103.79
3667	380673	103.81
3668	380653	103.78
3669	380826	103.80
3670	371431	101.21
3671	362891	98.85
3672	362799	98.80
3673	368335	100.28
3674	363051	98.82
3675	374969	102.03
3676	377447	102.68
3677	376494	102.39
3678	380069	103.34
3679	389215	105.79
3680	385100	104.65
3681	377914	102.67
3682	381218	103.54
3683	393130	106.74
3684	395364	107.32
3685	397423	107.85
3686	395530	107.31
3687	391498	106.18
3688	393227	106.62
3689	415271	112.57
3690	420637	113.99
3691	401087	108.67
3692	399712	108.26
3693	397429	107.62
3694	398012	107.75
3695	391283	105.90
3696	393856	106.56
3697	392133	106.07
3698	389173	105.24
3699	388495	105.03
3700	387960	104.85
3701	389257	105.18
3702	391546	105.77
3703	391135	105.63
3704	390805	105.51
3705	389630	105.16
3706	385876	104.12
3707	385034	103.87
3708	385538	103.97
3709	386080	104.09
3710	385477	103.90
3711	385376	103.85
3712	386185	104.04
3713	388370	104.60
3714	386723	104.13
3715	517163	139.21
3716	541594	145.75
3717	528825	142.27
3718	456156	122.69
3719	406418	109.28
3720	393797	105.86
3721	394127	105.92
3722	388805	104.46
3723	378057	101.55
3724	378024	101.51
3725	375870	100.90
3726	376826	101.13
3727	384867	103.26
3728	379854	101.89
3729	378173	101.41
3730	493733	132.37
3731	428370	114.81
3732	397719	106.57
3733	390931	104.72
3734	396701	106.24
3735	390508	104.55
3736	390139	104.43
3737	396847	106.19
3738	394439	105.52
3739	393011	105.11
3740	397227	106.21
3741	395475	105.71
3742	393109	105.05
3743	393184	105.05
3744	393355	105.06
3745	393528	105.08
3746	393837	105.14
3747	393631	105.05
3748	393748	105.06
3749	382903	102.13
3750	385576	102.82
3751	374749	99.91
3752	378261	100.82
3753	374904	99.89
3754	375635	100.06
3755	383226	102.06
3756	375322	99.93
3757	377180	100.39
3758	375293	99.87
3759	376768	100.23
3760	375509	99.87
3761	375364	99.80
3762	377178	100.26
3763	377526	100.33
3764	384234	102.08
3765	390953	103.84
3766	389801	103.51
3767	405698	107.70
3768	419997	111.46
3769	427361	113.39
3770	427445	113.38
3771	431977	114.55
3772	450222	119.36
3773	456032	120.87
3774	447370	118.54
3775	443058	117.37
3776	424710	112.48
3777	405823	107.45
3778	408131	108.03
3779	404078	106.93
3780	397874	105.26
3781	397463	105.12
3782	398011	105.24
3783	399320	105.56
3784	399412	105.55
3785	399977	105.67
3786	399406	105.50
3787	398672	105.27
3788	397843	105.03
3789	398025	105.05
3790	398119	105.04
3791	394846	104.15
3792	391036	103.12
3793	388571	102.44
3794	388739	102.46
3795	388798	102.45
3796	388704	102.40
3797	389872	102.68
3798	388802	102.37
3799	389145	102.43
3800	393454	103.54
3801	389421	102.45
3802	394951	103.88
3803	384228	101.03
3804	382767	100.62
3805	380001	99.87
3806	386432	101.53
3807	385249	101.19
3808	401341	105.39
3809	380482	99.89
3810	384098	100.81
3811	381720	100.16
3812	381666	100.12
3813	385757	101.17
3814	396413	103.94
3815	402852	105.60
3816	408093	106.94
3817	400263	104.86
3818	398917	104.48
3819	401837	105.22
3820	401887	105.21
3821	402749	105.40
3822	403144	105.48
3823	403456	105.53
3824	403466	105.51
3825	402823	105.31
3826	402679	105.25
3827	402093	105.07
3828	402579	105.17
3829	401910	104.96
3830	402022	104.97
3831	402145	104.97
3832	402178	104.95
3833	402363	104.97
3834	390608	101.88
3835	382944	99.86
3836	386487	100.75
3837	384608	100.24
3838	385242	100.38
3839	385477	100.41
3840	385286	100.33
3841	385687	100.41
3842	383913	99.93
3843	384067	99.94
3844	384888	100.13
3845	384884	100.10
3846	384293	99.92
3847	391768	101.84
3848	387403	100.68
3849	387611	100.70
3850	394492	102.47
3851	387652	100.66
3852	387894	100.70
3853	388684	100.88
3854	388104	100.70
3855	398736	103.43
3856	389811	101.09
3857	388473	100.72
3858	388333	100.66
3859	388484	100.67
3860	388590	100.67
3861	419165	108.56
3862	385646	99.86
3863	386018	99.93
3864	386174	99.94
3865	386337	99.96
3866	441905	114.31
3867	412382	106.64
3868	402344	104.02
3869	399847	103.35
3870	399338	103.19
3871	401169	103.63
3872	418120	107.99
3873	396900	102.48
3874	396838	102.44
3875	397098	102.48
3876	397104	102.45
3877	398275	102.73
3878	397279	102.44
3879	397284	102.42
3880	397237	102.38
3881	399323	102.89
3882	395451	101.87
3883	388069	99.94
3884	393210	101.24
3885	389603	100.28
3886	407490	104.86
3887	404355	104.03
3888	450380	115.84
3889	419663	107.91
3890	458822	117.95
3891	454568	116.83
3892	473833	121.75
3893	470267	120.80
3894	481568	123.67
3895	485835	124.73
3896	505291	129.69
3897	477625	122.56
3898	464660	119.20
3899	457435	117.32
3900	459025	117.70
3901	441904	113.28
3902	447279	114.63
3903	408504	104.66
3904	409603	104.92
3905	411359	105.34
3906	413473	105.86
3907	411236	105.26
3908	411107	105.20
3909	410273	104.96
3910	410491	104.98
3911	410926	105.07
3912	411017	105.07
3913	410888	105.01
3914	410998	105.01
3915	410946	104.97
3916	402334	102.74
3917	392870	100.30
3918	400171	102.14
3919	391616	99.93
3920	394485	100.63
3921	392290	100.05
3922	392110	99.98
3923	412472	105.14
3924	417934	106.51
3925	409261	104.27
3926	416092	105.98
3927	435829	110.98
3928	445745	113.48
3929	435968	110.96
3930	425056	108.16
3931	437594	111.32
3932	442973	112.66
3933	417617	106.18
3934	412707	104.91
3935	417469	106.09
3936	416147	105.73
3937	415898	105.64
3938	416207	105.69
3939	418375	106.21
3940	413163	104.86
3941	410738	104.22
3942	410649	104.17
3943	415445	105.36
3944	417680	105.90
3945	414594	105.09
3946	413813	104.87
3947	403991	102.35
3948	405997	102.84
3949	406130	102.84
3950	406068	102.80
3951	404896	102.48
3952	400363	101.31
3953	406823	102.92
3954	399249	100.97
3955	395297	99.95
3956	405079	102.40
3957	434685	109.85
3958	415873	105.07
3959	416015	105.08
3960	416299	105.13
3961	416311	105.10
3962	408472	103.10
3963	396286	100.00
3964	416483	105.07
3965	411626	103.81
3966	432752	109.12
3967	427780	107.83
3968	417929	105.32
3969	417280	105.13
3970	418199	105.34
3971	417962	105.25
3972	417681	105.16
3973	417896	105.18
3974	418284	105.26
3975	418398	105.26
3976	416690	104.80
3977	419767	105.55
3978	418290	105.15
3979	418094	105.08
3980	418276	105.09
3981	418387	105.10
3982	413953	103.96
3983	407675	102.35
3984	407977	102.40
3985	408094	102.41
3986	414689	104.04
3987	407390	102.18
3988	403067	101.07
3989	405275	101.60
3990	403624	101.16
3991	401350	100.56
3992	398837	99.91
3993	400915	100.40
3994	399204	99.95
3995	403317	100.96
3996	411554	102.99
3997	399625	99.98
3998	404291	101.12
3999	400144	100.06
4000	406224	101.56
