N	Total Time	Average CPE
1	206	206.00
2	105	52.50
3	119	39.67
4	140	35.00
5	152	30.40
6	168	28.00
7	184	26.29
8	205	25.62
9	222	24.67
10	241	24.10
11	260	23.64
12	284	23.67
13	303	23.31
14	328	23.43
15	347	23.13
16	373	23.31
17	585	34.41
18	582	32.33
19	612	32.21
20	640	32.00
21	664	31.62
22	699	31.77
23	728	31.65
24	765	31.88
25	788	31.52
26	807	31.04
27	841	31.15
28	881	31.46
29	920	31.72
30	946	31.53
31	1032	33.29
32	1004	31.38
33	1320	40.00
34	1290	37.94
35	1316	37.60
36	1344	37.33
37	1427	38.57
38	1408	37.05
39	1439	36.90
40	1483	37.08
41	1655	40.37
42	1627	38.74
43	1682	39.12
44	5636	128.09
45	1917	42.60
46	1827	39.72
47	1857	39.51
48	1891	39.40
49	1927	39.33
50	1962	39.24
51	2076	40.71
52	2029	39.02
53	2046	38.60
54	2045	37.87
55	2072	37.67
56	2110	37.68
57	2191	38.44
58	2174	37.48
59	2214	37.53
60	2337	38.95
61	2366	38.79
62	2499	40.31
63	2415	38.33
64	2553	39.89
65	3104	47.75
66	2715	41.14
67	2758	41.16
68	2798	41.15
69	2933	42.51
70	2873	41.04
71	2961	41.70
72	2937	40.79
73	2968	40.66
74	3163	42.74
75	3070	40.93
76	3328	43.79
77	3174	41.22
78	3314	42.49
79	3250	41.14
80	3295	41.19
81	3448	42.57
82	3482	42.46
83	3417	41.17
84	3520	41.90
85	3464	40.75
86	3461	40.24
87	3489	40.10
88	3520	40.00
89	3554	39.93
90	3586	39.84
91	3638	39.98
92	3707	40.29
93	3748	40.30
94	3791	40.33
95	3835	40.37
96	3877	40.39
97	3920	40.41
98	3963	40.44
99	4005	40.45
100	4050	40.50
101	4129	40.88
102	4061	39.81
103	4091	39.72
104	4125	39.66
105	4176	39.77
106	4318	40.74
107	4258	39.79
108	4314	39.94
109	4359	39.99
110	4402	40.02
111	4445	40.05
112	4491	40.10
113	4536	40.14
114	4578	40.16
115	4623	40.20
116	4659	40.16
117	4675	39.96
118	4679	39.65
119	4711	39.59
120	4746	39.55
121	4782	39.52
122	4988	40.89
123	4975	40.45
124	4961	40.01
125	4990	39.92
126	5054	40.11
127	5078	39.98
128	5125	40.04
129	5520	42.79
130	5430	41.77
131	5412	41.31
132	5543	41.99
133	5567	41.86
134	5732	42.78
135	5661	41.93
136	5753	42.30
137	5721	41.76
138	5778	41.87
139	5857	42.14
140	5799	41.42
141	5887	41.75
142	5877	41.39
143	5948	41.59
144	6046	41.99
145	6035	41.62
146	6136	42.03
147	6189	42.10
148	6175	41.72
149	6397	42.93
150	6380	42.53
151	6399	42.38
152	6456	42.47
153	6446	42.13
154	6445	41.85
155	6520	42.06
156	6452	41.36
157	6491	41.34
158	6600	41.77
159	6609	41.57
160	6670	41.69
161	6758	41.98
162	6744	41.63
163	6874	42.17
164	6840	41.71
165	6894	41.78
166	8035	48.40
167	5409	32.39
168	5434	32.35
169	5477	32.41
170	5502	32.36
171	5535	32.37
172	5576	32.42
173	5626	32.52
174	5664	32.55
175	5692	32.53
176	5734	32.58
177	5765	32.57
178	5808	32.63
179	5832	32.58
180	5871	32.62
181	7865	43.45
182	10294	56.56
183	5927	32.39
184	5938	32.27
185	5968	32.26
186	5998	32.25
187	6034	32.27
188	6077	32.32
189	6129	32.43
190	6162	32.43
191	6202	32.47
192	6240	32.50
193	6279	32.53
194	6313	32.54
195	6348	32.55
196	6381	32.56
197	6417	32.57
198	6451	32.58
199	6491	32.62
200	6540	32.70
201	6574	32.71
202	6640	32.87
203	6628	32.65
204	6672	32.71
205	6729	32.82
206	6759	32.81
207	6803	32.86
208	6850	32.93
209	6885	32.94
210	6910	32.90
211	6950	32.94
212	6989	32.97
213	7022	32.97
214	7061	33.00
215	7095	33.00
216	7145	33.08
217	7179	33.08
218	7202	33.04
219	7249	33.10
220	7380	33.55
221	7353	33.27
222	7385	33.27
223	7423	33.29
224	8074	36.04
225	7542	33.52
226	7577	33.53
227	8202	36.13
228	7653	33.57
229	7698	33.62
230	7730	33.61
231	9454	40.93
232	7954	34.28
233	7944	34.09
234	7853	33.56
235	7904	33.63
236	7949	33.68
237	8519	35.95
238	8219	34.53
239	8186	34.25
240	8238	34.33
241	8141	33.78
242	8170	33.76
243	8215	33.81
244	8256	33.84
245	8291	33.84
246	8334	33.88
247	8427	34.12
248	8428	33.98
249	8449	33.93
250	8478	33.91
251	8541	34.03
252	8599	34.12
253	8649	34.19
254	8728	34.36
255	8737	34.26
256	8825	34.47
257	9018	35.09
258	9093	35.24
259	9101	35.14
260	9214	35.44
261	9277	35.54
262	9304	35.51
263	9378	35.66
264	9418	35.67
265	9522	35.93
266	9451	35.53
267	9473	35.48
268	9539	35.59
269	9575	35.59
270	9670	35.81
271	9652	35.62
272	9696	35.65
273	9740	35.68
274	9789	35.73
275	9855	35.84
276	10789	39.09
277	9964	35.97
278	10789	38.81
279	10047	36.01
280	10110	36.11
281	10146	36.11
282	10173	36.07
283	10208	36.07
284	10266	36.15
285	10300	36.14
286	10343	36.16
287	10393	36.21
288	10437	36.24
289	10474	36.24
290	10521	36.28
291	10561	36.29
292	10599	36.30
293	11662	39.80
294	11140	37.89
295	10745	36.42
296	10785	36.44
297	10823	36.44
298	10875	36.49
299	10949	36.62
300	11025	36.75
301	12150	40.37
302	11082	36.70
303	11117	36.69
304	11178	36.77
305	11215	36.77
306	11255	36.78
307	11309	36.84
308	11601	37.67
309	11634	37.65
310	11579	37.35
311	11574	37.22
312	11507	36.88
313	11547	36.89
314	11614	36.99
315	12457	39.55
316	11792	37.32
317	11843	37.36
318	11877	37.35
319	11929	37.39
320	11976	37.42
321	12015	37.43
322	12053	37.43
323	12108	37.49
324	12144	37.48
325	12193	37.52
326	12232	37.52
327	12283	37.56
328	12331	37.59
329	12369	37.60
330	12408	37.60
331	12460	37.64
332	12522	37.72
333	12570	37.75
334	12621	37.79
335	13031	38.90
336	12705	37.81
337	12753	37.84
338	12797	37.86
339	12832	37.85
340	12888	37.91
341	13899	40.76
342	13021	38.07
343	13161	38.37
344	13067	37.99
345	13106	37.99
346	13156	38.02
347	13208	38.06
348	13273	38.14
349	13337	38.21
350	13415	38.33
351	13406	38.19
352	13463	38.25
353	13512	38.28
354	13565	38.32
355	13603	38.32
356	13881	38.99
357	13703	38.38
358	13745	38.39
359	13792	38.42
360	13837	38.44
361	13886	38.47
362	14031	38.76
363	13975	38.50
364	14026	38.53
365	14084	38.59
366	14136	38.62
367	14186	38.65
368	14241	38.70
369	14467	39.21
370	14388	38.89
371	14522	39.14
372	14430	38.79
373	14481	38.82
374	14529	38.85
375	14579	38.88
376	14625	38.90
377	14673	38.92
378	14759	39.04
379	14770	38.97
380	15412	40.56
381	14876	39.04
382	14947	39.13
383	14958	39.05
384	15016	39.10
385	15051	39.09
386	15127	39.19
387	15163	39.18
388	15218	39.22
389	15254	39.21
390	15286	39.19
391	15355	39.27
392	15418	39.33
393	15536	39.53
394	16368	41.54
395	15734	39.83
396	15665	39.56
397	15726	39.61
398	15762	39.60
399	15837	39.69
400	15885	39.71
401	15938	39.75
402	15976	39.74
403	16089	39.92
404	16111	39.88
405	17062	42.13
406	16162	39.81
407	16373	40.23
408	16300	39.95
409	17642	43.13
410	20007	48.80
411	19904	48.43
412	19970	48.47
413	20033	48.51
414	20090	48.53
415	20146	48.54
416	20205	48.57
417	20328	48.75
418	20333	48.64
419	20405	48.70
420	20490	48.79
421	20503	48.70
422	20734	49.13
423	20711	48.96
424	20950	49.41
425	20873	49.11
426	20903	49.07
427	21159	49.55
428	18532	43.30
429	17446	40.67
430	17444	40.57
431	17553	40.73
432	17599	40.74
433	17667	40.80
434	17671	40.72
435	17717	40.73
436	17823	40.88
437	18841	43.11
438	17939	40.96
439	18238	41.54
440	18001	40.91
441	18052	40.93
442	18101	40.95
443	18172	41.02
444	18232	41.06
445	18272	41.06
446	18350	41.14
447	18400	41.16
448	18556	41.42
449	18503	41.21
450	18558	41.24
451	18831	41.75
452	18665	41.29
453	18744	41.38
454	18774	41.35
455	18817	41.36
456	18940	41.54
457	18902	41.36
458	18985	41.45
459	19105	41.62
460	19158	41.65
461	19145	41.53
462	19208	41.58
463	19257	41.59
464	19323	41.64
465	19369	41.65
466	19435	41.71
467	19680	42.14
468	19540	41.75
469	19672	41.94
470	19723	41.96
471	19769	41.97
472	20105	42.60
473	19828	41.92
474	19870	41.92
475	19935	41.97
476	19995	42.01
477	20134	42.21
478	24245	50.72
479	24234	50.59
480	24424	50.88
481	24442	50.81
482	22014	45.67
483	20759	42.98
484	21255	43.92
485	22327	46.04
486	21296	43.82
487	22621	46.45
488	22810	46.74
489	20827	42.59
490	24065	49.11
491	20921	42.61
492	20973	42.63
493	21034	42.67
494	21628	43.78
495	21272	42.97
496	21278	42.90
497	26971	54.27
498	21446	43.06
499	21578	43.24
500	21527	43.05
501	21569	43.05
502	21625	43.08
503	21677	43.10
504	21805	43.26
505	21796	43.16
506	21855	43.19
507	21944	43.28
508	21986	43.28
509	22041	43.30
510	22210	43.55
511	22185	43.41
512	22250	43.46
513	23300	45.42
514	22923	44.60
515	22893	44.45
516	23020	44.61
517	23068	44.62
518	23220	44.83
519	26927	51.88
520	28371	54.56
521	28144	54.02
522	28180	53.98
523	28547	54.58
524	28609	54.60
525	27966	53.27
526	23642	44.95
527	23665	44.91
528	23829	45.13
529	23797	44.98
530	23881	45.06
531	23923	45.05
532	23983	45.08
533	24067	45.15
534	24148	45.22
535	24217	45.27
536	24277	45.29
537	24324	45.30
538	24386	45.33
539	24431	45.33
540	24634	45.62
541	24716	45.69
542	25752	47.51
543	24628	45.36
544	24716	45.43
545	24707	45.33
546	24787	45.40
547	24877	45.48
548	24982	45.59
549	25159	45.83
550	25019	45.49
551	25128	45.60
552	25290	45.82
553	25222	45.61
554	25298	45.66
555	25352	45.68
556	25483	45.83
557	25562	45.89
558	25568	45.82
559	25599	45.79
560	25660	45.82
561	25734	45.87
562	26260	46.73
563	25933	46.06
564	26023	46.14
565	26148	46.28
566	26075	46.07
567	26157	46.13
568	28381	49.97
569	32024	56.28
570	31917	55.99
571	32472	56.87
572	35675	62.37
573	26510	46.27
574	31619	55.09
575	32728	56.92
576	32595	56.59
577	32482	56.29
578	32558	56.33
579	32649	56.39
580	32728	56.43
581	30572	52.62
582	27125	46.61
583	27307	46.84
584	27504	47.10
585	32033	54.76
586	34111	58.21
587	33432	56.95
588	30055	51.11
589	27606	46.87
590	27698	46.95
591	27739	46.94
592	27871	47.08
593	29278	49.37
594	28077	47.27
595	27957	46.99
596	28007	46.99
597	28088	47.05
598	28155	47.08
599	28202	47.08
600	28289	47.15
601	29201	48.59
602	28383	47.15
603	28565	47.37
604	28578	47.31
605	28663	47.38
606	29838	49.24
607	28863	47.55
608	28966	47.64
609	28953	47.54
610	29021	47.58
611	29060	47.56
612	29212	47.73
613	29661	48.39
614	29482	48.02
615	29369	47.75
616	29416	47.75
617	29494	47.80
618	29579	47.86
619	29713	48.00
620	29722	47.94
621	29797	47.98
622	29842	47.98
623	29900	47.99
624	29984	48.05
625	30031	48.05
626	30170	48.19
627	30204	48.17
628	39024	62.14
629	30330	48.22
630	30412	48.27
631	30509	48.35
632	30523	48.30
633	30593	48.33
634	30704	48.43
635	34962	55.06
636	30877	48.55
637	30900	48.51
638	31044	48.66
639	31112	48.69
640	31071	48.55
641	31221	48.71
642	31321	48.79
643	31369	48.79
644	32284	50.13
645	31518	48.87
646	31711	49.09
647	31716	49.02
648	31698	48.92
649	31734	48.90
650	31928	49.12
651	31887	48.98
652	31966	49.03
653	32370	49.57
654	32237	49.29
655	32461	49.56
656	32307	49.25
657	32373	49.27
658	32432	49.29
659	32518	49.34
660	32563	49.34
661	32626	49.36
662	32830	49.59
663	32796	49.47
664	32840	49.46
665	32980	49.59
666	33144	49.77
667	38648	57.94
668	39975	59.84
669	40048	59.86
670	40432	60.35
671	40476	60.32
672	42477	63.21
673	40482	60.15
674	40666	60.34
675	40769	60.40
676	40897	60.50
677	40815	60.29
678	40919	60.35
679	41713	61.43
680	41853	61.55
681	42200	61.97
682	34279	50.26
683	34239	50.13
684	34325	50.18
685	34434	50.27
686	34469	50.25
687	34514	50.24
688	34860	50.67
689	34793	50.50
690	35345	51.22
691	34873	50.47
692	34955	50.51
693	39725	57.32
694	42461	61.18
695	42387	60.99
696	42584	61.18
697	42991	61.68
698	43334	62.08
699	43992	62.94
700	43342	61.92
701	42999	61.34
702	37299	53.13
703	35684	50.76
704	35767	50.81
705	36243	51.41
706	35813	50.73
707	35894	50.77
708	35956	50.79
709	36179	51.03
710	36180	50.96
711	36206	50.92
712	36390	51.11
713	36375	51.02
714	36439	51.04
715	36515	51.07
716	38449	53.70
717	36811	51.34
718	41789	58.20
719	44564	61.98
720	43971	61.07
721	37566	52.10
722	44239	61.27
723	37801	52.28
724	37283	51.50
725	37303	51.45
726	37374	51.48
727	37486	51.56
728	37528	51.55
729	37600	51.58
730	37807	51.79
731	37802	51.71
732	38886	53.12
733	39028	53.24
734	38308	52.19
735	38150	51.90
736	38223	51.93
737	38306	51.98
738	38396	52.03
739	45577	61.67
740	46702	63.11
741	46648	62.95
742	46605	62.81
743	46694	62.85
744	46772	62.87
745	47132	63.26
746	46540	62.39
747	39581	52.99
748	40211	53.76
749	41297	55.14
750	39335	52.45
751	39683	52.84
752	47645	63.36
753	47605	63.22
754	41512	55.06
755	39827	52.75
756	39832	52.69
757	43151	57.00
758	48061	63.41
759	48143	63.43
760	48514	63.83
761	48511	63.75
762	48654	63.85
763	48500	63.56
764	48589	63.60
765	48770	63.75
766	49020	63.99
767	48951	63.82
768	48960	63.75
769	49298	64.11
770	49399	64.15
771	49499	64.20
772	49473	64.08
773	50167	64.90
774	48738	62.97
775	41275	53.26
776	41380	53.32
777	41428	53.32
778	41492	53.33
779	41584	53.38
780	42162	54.05
781	41716	53.41
782	41911	53.59
783	41922	53.54
784	41915	53.46
785	41984	53.48
786	42165	53.65
787	42863	54.46
788	42344	53.74
789	42416	53.76
790	42552	53.86
791	42562	53.81
792	42708	53.92
793	42800	53.97
794	46990	59.18
795	43027	54.12
796	43167	54.23
797	43173	54.17
798	43202	54.14
799	43263	54.15
800	43391	54.24
801	43547	54.37
802	43521	54.27
803	44102	54.92
804	43563	54.18
805	43632	54.20
806	43777	54.31
807	43782	54.25
808	43946	54.39
809	44030	54.43
810	44102	54.45
811	44191	54.49
812	52474	64.62
813	44332	54.53
814	44490	54.66
815	44664	54.80
816	44657	54.73
817	44692	54.70
818	44763	54.72
819	44772	54.67
820	45440	55.41
821	45043	54.86
822	45088	54.85
823	45145	54.85
824	45829	55.62
825	51773	62.76
826	51967	62.91
827	46751	56.53
828	45926	55.47
829	45824	55.28
830	45877	55.27
831	46012	55.37
832	46144	55.46
833	46043	55.27
834	46124	55.30
835	46289	55.44
836	46515	55.64
837	46450	55.50
838	46506	55.50
839	46562	55.50
840	46595	55.47
841	46716	55.55
842	46794	55.57
843	47009	55.76
844	46966	55.65
845	48158	56.99
846	47927	56.65
847	48153	56.85
848	47356	55.84
849	47398	55.83
850	47523	55.91
851	47620	55.96
852	47673	55.95
853	47838	56.08
854	47842	56.02
855	48501	56.73
856	50073	58.50
857	54089	63.11
858	48441	56.46
859	48356	56.29
860	48388	56.27
861	48588	56.43
862	48738	56.54
863	49463	57.32
864	48654	56.31
865	50105	57.92
866	55725	64.35
867	55699	64.24
868	51313	59.12
869	49123	56.53
870	49312	56.68
871	49457	56.78
872	49532	56.80
873	49522	56.73
874	49645	56.80
875	49829	56.95
876	52856	60.34
877	53811	61.36
878	50015	56.96
879	50104	57.00
880	50234	57.08
881	50377	57.18
882	50368	57.11
883	50433	57.12
884	50605	57.25
885	53649	60.62
886	50613	57.13
887	50718	57.18
888	50756	57.16
889	50921	57.28
890	50990	57.29
891	51125	57.38
892	51175	57.37
893	51534	57.71
894	51303	57.39
895	52476	58.63
896	58319	65.09
897	57618	64.23
898	51856	57.75
899	58323	64.88
900	58980	65.53
901	57235	63.52
902	52110	57.77
903	52050	57.64
904	52645	58.24
905	54110	59.79
906	52713	58.18
907	52693	58.10
908	52742	58.09
909	53266	58.60
910	52993	58.23
911	55177	60.57
912	53072	58.19
913	61157	66.98
914	60143	65.80
915	60279	65.88
916	60076	65.59
917	59492	64.88
918	58362	63.58
919	60105	65.40
920	54596	59.34
921	55094	59.82
922	53930	58.49
923	63150	68.42
924	64820	70.15
925	64650	69.89
926	65022	70.22
927	61337	66.17
928	54488	58.72
929	54625	58.80
930	58711	63.13
931	58778	63.13
932	55125	59.15
933	54991	58.94
934	55125	59.02
935	55120	58.95
936	63117	67.43
937	66639	71.12
938	66178	70.55
939	61296	65.28
940	55311	58.84
941	55384	58.86
942	55570	58.99
943	55671	59.04
944	60119	63.69
945	56089	59.35
946	56890	60.14
947	56275	59.42
948	56389	59.48
949	56476	59.51
950	56705	59.69
951	56687	59.61
952	58054	60.98
953	70268	73.73
954	56762	59.50
955	56778	59.45
956	59594	62.34
957	56984	59.54
958	68299	71.29
959	68445	71.37
960	68912	71.78
961	70639	73.51
962	72549	75.41
963	68884	71.53
964	70067	72.68
965	70645	73.21
966	60543	62.67
967	57799	59.77
968	57876	59.79
969	58072	59.93
970	58364	60.17
971	58250	59.99
972	58501	60.19
973	58377	60.00
974	60398	62.01
975	70496	72.30
976	70394	72.12
977	62413	63.88
978	58962	60.29
979	63498	64.86
980	59394	60.61
981	59430	60.58
982	59494	60.58
983	63413	64.51
984	64048	65.09
985	59660	60.57
986	59594	60.44
987	59680	60.47
988	60348	61.08
989	61463	62.15
990	60116	60.72
991	60168	60.71
992	61493	61.99
993	60529	60.96
994	60544	60.91
995	60676	60.98
996	60788	61.03
997	60822	61.01
998	60980	61.10
999	61134	61.20
1000	61141	61.14
1001	62041	61.98
1002	61134	61.01
1003	67967	67.76
1004	73266	72.97
1005	72269	71.91
1006	61899	61.53
1007	61972	61.54
1008	62146	61.65
1009	62829	62.27
1010	62733	62.11
1011	62317	61.64
1012	62404	61.66
1013	62548	61.75
1014	62612	61.75
1015	62824	61.90
1016	63639	62.64
1017	62973	61.92
1018	65366	64.21
1019	74927	73.53
1020	75199	73.72
1021	74841	73.30
1022	75764	74.13
1023	66000	64.52
1024	63423	61.94
1025	64564	62.99
1026	64060	62.44
1027	64157	62.47
1028	64331	62.58
1029	64488	62.67
1030	65683	63.77
1031	78390	76.03
1032	67081	65.00
1033	72390	70.08
1034	77198	74.66
1035	74865	72.33
1036	65480	63.20
1037	65246	62.92
1038	65287	62.90
1039	65317	62.87
1040	65383	62.87
1041	65571	62.99
1042	65765	63.11
1043	66893	64.14
1044	67106	64.28
1045	66900	64.02
1046	66125	63.22
1047	66275	63.30
1048	66876	63.81
1049	66410	63.31
1050	66634	63.46
1051	66677	63.44
1052	66788	63.49
1053	66865	63.50
1054	67139	63.70
1055	74267	70.40
1056	80068	75.82
1057	80072	75.75
1058	79793	75.42
1059	68211	64.41
1060	67377	63.56
1061	68262	64.34
1062	67646	63.70
1063	73635	69.27
1064	81191	76.31
1065	80420	75.51
1066	81218	76.19
1067	80861	75.78
1068	81003	75.85
1069	80978	75.75
1070	85643	80.04
1071	74349	69.42
1072	81593	76.11
1073	81321	75.79
1074	82106	76.45
1075	80872	75.23
1076	70165	65.21
1077	70702	65.65
1078	71707	66.52
1079	69530	64.44
1080	69706	64.54
1081	69751	64.52
1082	70187	64.87
1083	69929	64.57
1084	71572	66.03
1085	69900	64.42
1086	72845	67.08
1087	70406	64.77
1088	73387	67.45
1089	78338	71.94
1090	70573	64.75
1091	70507	64.63
1092	70720	64.76
1093	70679	64.67
1094	80517	73.60
1095	85009	77.63
1096	85011	77.56
1097	86736	79.07
1098	87755	79.92
1099	83331	75.82
1100	74331	67.57
1101	78993	71.75
1102	72413	65.71
1103	89863	81.47
1104	91321	82.72
1105	88232	79.85
1106	100309	90.70
1107	105637	95.43
1108	89476	80.75
1109	95225	85.87
1110	85215	76.77
1111	83621	75.27
1112	103008	92.63
1113	100693	90.47
1114	97021	87.09
1115	96962	86.96
1116	96983	86.90
1117	92298	82.63
1118	94311	84.36
1119	87862	78.52
1120	88100	78.66
1121	86127	76.83
1122	85904	76.56
1123	89377	79.59
1124	86206	76.70
1125	85263	75.79
1126	85389	75.83
1127	86671	76.90
1128	82975	73.56
1129	83126	73.63
1130	92079	81.49
1131	87370	77.25
1132	83756	73.99
1133	80529	71.08
1134	76299	67.28
1135	82267	72.48
1136	75685	66.62
1137	75900	66.75
1138	75815	66.62
1139	76187	66.89
1140	75966	66.64
1141	76106	66.70
1142	76538	67.02
1143	76326	66.78
1144	76405	66.79
1145	76846	67.11
1146	76687	66.92
1147	76677	66.85
1148	89968	78.37
1149	90763	78.99
1150	90734	78.90
1151	91114	79.16
1152	87629	76.07
1153	77062	66.84
1154	77114	66.82
1155	77193	66.83
1156	77908	67.39
1157	78136	67.53
1158	78772	68.02
1159	77931	67.24
1160	77944	67.19
1161	78070	67.24
1162	78291	67.38
1163	80130	68.90
1164	80048	68.77
1165	80238	68.87
1166	83262	71.41
1167	81697	70.01
1168	99546	85.23
1169	81653	69.85
1170	80287	68.62
1171	79515	67.90
1172	80078	68.33
1173	87402	74.51
1174	89825	76.51
1175	79546	67.70
1176	81423	69.24
1177	79991	67.96
1178	80848	68.63
1179	81584	69.20
1180	79979	67.78
1181	80093	67.82
1182	80549	68.15
1183	84733	71.63
1184	80621	68.09
1185	80840	68.22
1186	95639	80.64
1187	96554	81.34
1188	90092	75.84
1189	81274	68.35
1190	81311	68.33
1191	82219	69.03
1192	81705	68.54
1193	91314	76.54
1194	96631	80.93
1195	96938	81.12
1196	96453	80.65
1197	95723	79.97
1198	82194	68.61
1199	82337	68.67
1200	82655	68.88
1201	82663	68.83
1202	82887	68.96
1203	82867	68.88
1204	83004	68.94
1205	92755	76.98
1206	87905	72.89
1207	89603	74.24
1208	88513	73.27
1209	84475	69.87
1210	83982	69.41
1211	84119	69.46
1212	86042	70.99
1213	84344	69.53
1214	84355	69.49
1215	84540	69.58
1216	84525	69.51
1217	94438	77.60
1218	91751	75.33
1219	86100	70.63
1220	85210	69.84
1221	85395	69.94
1222	85728	70.15
1223	85424	69.85
1224	95112	77.71
1225	86847	70.90
1226	88627	72.29
1227	95820	78.09
1228	91767	74.73
1229	86673	70.52
1230	86307	70.17
1231	86370	70.16
1232	87539	71.05
1233	86525	70.17
1234	86584	70.17
1235	86956	70.41
1236	87440	70.74
1237	87092	70.41
1238	86972	70.25
1239	87012	70.23
1240	89214	71.95
1241	87542	70.54
1242	87666	70.58
1243	88163	70.93
1244	87983	70.73
1245	91863	73.79
1246	88745	71.22
1247	88515	70.98
1248	88284	70.74
1249	88641	70.97
1250	90177	72.14
1251	88535	70.77
1252	88665	70.82
1253	88840	70.90
1254	89259	71.18
1255	96525	76.91
1256	98653	78.55
1257	98187	78.11
1258	97958	77.87
1259	98723	78.41
1260	98583	78.24
1261	98257	77.92
1262	98348	77.93
1263	98527	78.01
1264	99052	78.36
1265	100127	79.15
1266	99038	78.23
1267	98957	78.10
1268	99272	78.29
1269	95748	75.45
1270	100040	78.77
1271	100735	79.26
1272	94983	74.67
1273	91054	71.53
1274	91206	71.59
1275	92016	72.17
1276	91251	71.51
1277	92341	72.31
1278	91351	71.48
1279	98060	76.67
1280	100528	78.54
1281	101031	78.87
1282	99645	77.73
1283	92164	71.83
1284	92327	71.91
1285	92337	71.86
1286	102744	79.89
1287	102144	79.37
1288	101574	78.86
1289	102027	79.15
1290	102393	79.37
1291	102315	79.25
1292	101935	78.90
1293	101742	78.69
1294	93497	72.25
1295	93573	72.26
1296	93671	72.28
1297	93780	72.31
1298	94746	72.99
1299	94068	72.42
1300	94322	72.56
1301	94326	72.50
1302	97447	74.84
1303	94438	72.48
1304	95066	72.90
1305	94802	72.65
1306	95076	72.80
1307	101985	78.03
1308	104551	79.93
1309	104466	79.81
1310	104210	79.55
1311	105190	80.24
1312	104751	79.84
1313	105892	80.65
1314	104741	79.71
1315	105910	80.54
1316	108536	82.47
1317	98754	74.98
1318	96107	72.92
1319	96333	73.03
1320	97981	74.23
1321	96658	73.17
1322	96876	73.28
1323	97244	73.50
1324	101858	76.93
1325	97156	73.33
1326	97219	73.32
1327	97450	73.44
1328	97599	73.49
1329	97769	73.57
1330	122062	91.78
1331	108959	81.86
1332	105146	78.94
1333	108497	81.39
1334	108081	81.02
1335	100686	75.42
1336	98305	73.58
1337	98918	73.99
1338	98784	73.83
1339	98959	73.91
1340	105261	78.55
1341	105449	78.63
1342	101251	75.45
1343	101206	75.36
1344	101507	75.53
1345	101453	75.43
1346	101478	75.39
1347	101728	75.52
1348	102726	76.21
1349	100111	74.21
1350	100137	74.18
1351	100309	74.25
1352	100733	74.51
1353	100619	74.37
1354	100710	74.38
1355	100992	74.53
1356	101233	74.66
1357	101653	74.91
1358	101350	74.63
1359	101413	74.62
1360	101503	74.63
1361	101592	74.65
1362	101949	74.85
1363	101747	74.65
1364	102128	74.87
1365	102717	75.25
1366	102112	74.75
1367	102375	74.89
1368	111648	81.61
1369	108702	79.40
1370	102689	74.96
1371	102943	75.09
1372	103132	75.17
1373	110235	80.29
1374	111134	80.88
1375	103303	75.13
1376	113920	82.79
1377	119779	86.99
1378	116942	84.86
1379	105360	76.40
1380	104075	75.42
1381	111013	80.39
1382	120981	87.54
1383	120533	87.15
1384	120827	87.30
1385	104682	75.58
1386	104806	75.62
1387	120242	86.69
1388	121519	87.55
1389	121539	87.50
1390	122670	88.25
1391	110535	79.46
1392	105376	75.70
1393	105487	75.73
1394	105566	75.73
1395	105523	75.64
1396	117790	84.38
1397	118076	84.52
1398	108072	77.30
1399	109606	78.35
1400	109054	77.90
1401	108621	77.53
1402	108824	77.62
1403	114228	81.42
1404	123794	88.17
1405	117740	83.80
1406	107574	76.51
1407	107819	76.63
1408	107273	76.19
1409	107362	76.20
1410	107478	76.23
1411	110159	78.07
1412	108135	76.58
1413	108260	76.62
1414	107927	76.33
1415	108884	76.95
1416	108362	76.53
1417	108574	76.62
1418	108631	76.61
1419	113211	79.78
1420	109692	77.25
1421	109630	77.15
1422	109451	76.97
1423	109241	76.77
1424	109339	76.78
1425	109497	76.84
1426	110666	77.61
1427	118920	83.34
1428	116229	81.39
1429	109981	76.96
1430	110233	77.09
1431	119218	83.31
1432	112010	78.22
1433	110512	77.12
1434	121719	84.88
1435	124734	86.92
1436	127984	89.13
1437	128207	89.22
1438	128916	89.65
1439	129102	89.72
1440	130806	90.84
1441	129027	89.54
1442	130680	90.62
1443	128688	89.18
1444	129421	89.63
1445	125472	86.83
1446	112347	77.70
1447	113366	78.35
1448	116114	80.19
1449	118441	81.74
1450	114962	79.28
1451	114943	79.22
1452	121909	83.96
1453	115224	79.30
1454	113095	77.78
1455	116936	80.37
1456	121192	83.24
1457	116495	79.96
1458	113817	78.06
1459	114171	78.25
1460	114683	78.55
1461	114263	78.21
1462	116271	79.53
1463	116151	79.39
1464	114808	78.42
1465	116708	79.66
1466	117253	79.98
1467	115223	78.54
1468	121897	83.04
1469	122760	83.57
1470	117688	80.06
1471	116833	79.42
1472	115805	78.67
1473	115873	78.66
1474	118198	80.19
1475	118063	80.04
1476	118592	80.35
1477	116444	78.84
1478	116252	78.65
1479	116654	78.87
1480	120812	81.63
1481	135933	91.78
1482	135216	91.24
1483	136057	91.74
1484	135010	90.98
1485	121100	81.55
1486	119545	80.45
1487	120193	80.83
1488	119959	80.62
1489	119954	80.56
1490	121038	81.23
1491	127168	85.29
1492	122320	81.98
1493	118281	79.22
1494	118286	79.17
1495	118512	79.27
1496	118864	79.45
1497	119642	79.92
1498	118911	79.38
1499	119050	79.42
1500	119563	79.71
1501	119362	79.52
1502	119458	79.53
1503	119644	79.60
1504	120529	80.14
1505	120133	79.82
1506	120288	79.87
1507	120273	79.81
1508	120685	80.03
1509	120884	80.11
1510	120564	79.84
1511	129220	85.52
1512	121069	80.07
1513	127146	84.04
1514	138632	91.57
1515	147250	97.19
1516	157307	103.76
1517	144157	95.03
1518	152388	100.39
1519	149752	98.59
1520	151827	99.89
1521	144004	94.68
1522	138906	91.27
1523	137729	90.43
1524	137005	89.90
1525	144079	94.48
1526	164334	107.69
1527	142523	93.34
1528	141171	92.39
1529	156524	102.37
1530	160816	105.11
1531	137558	89.85
1532	138383	90.33
1533	136532	89.06
1534	127800	83.31
1535	124218	80.92
1536	124101	80.79
1537	124273	80.85
1538	124641	81.04
1539	124831	81.11
1540	124966	81.15
1541	124873	81.03
1542	125812	81.59
1543	126036	81.68
1544	125012	80.97
1545	125281	81.09
1546	125810	81.38
1547	125605	81.19
1548	128082	82.74
1549	145103	93.68
1550	144801	93.42
1551	144673	93.28
1552	145106	93.50
1553	145799	93.88
1554	145322	93.51
1555	145360	93.48
1556	135194	86.89
1557	128883	82.78
1558	127253	81.68
1559	145003	93.01
1560	145908	93.53
1561	147619	94.57
1562	130402	83.48
1563	127668	81.68
1564	128693	82.28
1565	128311	81.99
1566	127794	81.61
1567	138729	88.53
1568	148334	94.60
1569	147549	94.04
1570	147774	94.12
1571	150093	95.54
1572	150874	95.98
1573	152480	96.94
1574	148312	94.23
1575	135812	86.23
1576	144481	91.68
1577	143676	91.11
1578	149013	94.43
1579	148933	94.32
1580	155731	98.56
1581	151573	95.87
1582	136680	86.40
1583	130348	82.34
1584	130622	82.46
1585	138987	87.69
1586	130939	82.56
1587	131556	82.90
1588	131704	82.94
1589	131694	82.88
1590	132634	83.42
1591	138990	87.36
1592	146308	91.90
1593	132035	82.88
1594	135439	84.97
1595	132245	82.91
1596	132213	82.84
1597	137295	85.97
1598	152827	95.64
1599	135734	84.89
1600	133632	83.52
1601	133528	83.40
1602	133933	83.60
1603	134035	83.62
1604	135288	84.34
1605	133611	83.25
1606	133848	83.34
1607	136359	84.85
1608	134193	83.45
1609	134116	83.35
1610	146749	91.15
1611	155296	96.40
1612	163013	101.12
1613	147504	91.45
1614	134864	83.56
1615	135067	83.63
1616	135406	83.79
1617	136627	84.49
1618	142886	88.31
1619	144055	88.98
1620	138130	85.27
1621	145285	89.63
1622	153879	94.87
1623	136339	84.00
1624	136312	83.94
1625	137543	84.64
1626	136514	83.96
1627	136614	83.97
1628	150808	92.63
1629	144112	88.47
1630	138380	84.90
1631	138712	85.05
1632	137267	84.11
1633	140093	85.79
1634	145864	89.27
1635	137646	84.19
1636	156383	95.59
1637	157203	96.03
1638	138237	84.39
1639	138982	84.80
1640	147623	90.01
1641	155225	94.59
1642	138869	84.57
1643	139448	84.87
1644	141371	85.99
1645	149518	90.89
1646	142461	86.55
1647	139414	84.65
1648	139776	84.82
1649	142315	86.30
1650	140197	84.97
1651	140668	85.20
1652	154608	93.59
1653	163085	98.66
1654	151396	91.53
1655	140888	85.13
1656	140793	85.02
1657	141700	85.52
1658	155037	93.51
1659	144560	87.14
1660	141207	85.06
1661	142921	86.05
1662	142016	85.45
1663	146307	87.98
1664	150390	90.38
1665	145022	87.10
1666	145269	87.20
1667	145591	87.34
1668	144289	86.50
1669	143861	86.20
1670	143260	85.78
1671	143173	85.68
1672	144305	86.31
1673	145753	87.12
1674	143435	85.68
1675	144529	86.29
1676	145249	86.66
1677	146625	87.43
1678	143958	85.79
1679	143963	85.74
1680	144034	85.73
1681	159658	94.98
1682	144491	85.90
1683	144796	86.03
1684	144884	86.04
1685	145045	86.08
1686	147368	87.41
1687	157556	93.39
1688	166523	98.65
1689	165085	97.74
1690	158301	93.67
1691	151392	89.53
1692	147810	87.36
1693	146063	86.27
1694	148810	87.85
1695	149264	88.06
1696	146412	86.33
1697	146712	86.45
1698	148821	87.64
1699	148140	87.19
1700	148614	87.42
1701	148164	87.10
1702	147488	86.66
1703	160467	94.23
1704	151034	88.63
1705	148093	86.86
1706	165650	97.10
1707	165185	96.77
1708	150079	87.87
1709	150359	87.98
1710	148519	86.85
1711	148516	86.80
1712	162109	94.69
1713	149394	87.21
1714	149142	87.01
1715	159898	93.23
1716	149886	87.35
1717	151531	88.25
1718	150264	87.46
1719	149826	87.16
1720	150505	87.50
1721	166138	96.54
1722	150502	87.40
1723	150776	87.51
1724	150688	87.41
1725	151634	87.90
1726	163152	94.53
1727	172203	99.71
1728	172421	99.78
1729	177093	102.43
1730	151946	87.83
1731	152187	87.92
1732	152506	88.05
1733	153260	88.44
1734	166019	95.74
1735	173411	99.95
1736	170291	98.09
1737	171505	98.74
1738	162237	93.35
1739	153245	88.12
1740	152984	87.92
1741	155440	89.28
1742	164747	94.57
1743	174814	100.29
1744	174817	100.24
1745	163961	93.96
1746	153733	88.05
1747	155030	88.74
1748	159647	91.33
1749	175933	100.59
1750	175779	100.45
1751	175871	100.44
1752	176954	101.00
1753	176102	100.46
1754	177636	101.27
1755	176685	100.68
1756	176907	100.74
1757	175420	99.84
1758	156138	88.82
1759	156002	88.69
1760	156571	88.96
1761	156090	88.64
1762	156373	88.75
1763	158574	89.95
1764	156569	88.76
1765	157805	89.41
1766	156768	88.77
1767	156962	88.83
1768	157607	89.14
1769	157182	88.85
1770	180368	101.90
1771	166521	94.03
1772	157784	89.04
1773	165277	93.22
1774	178963	100.88
1775	158087	89.06
1776	158131	89.04
1777	158309	89.09
1778	159645	89.79
1779	159757	89.80
1780	158918	89.28
1781	159502	89.56
1782	172523	96.81
1783	181245	101.65
1784	162423	91.04
1785	160247	89.77
1786	160040	89.61
1787	160158	89.62
1788	160945	90.01
1789	192416	107.56
1790	166913	93.25
1791	192184	107.31
1792	172352	96.18
1793	172176	96.03
1794	175182	97.65
1795	172271	95.97
1796	162144	90.28
1797	164935	91.78
1798	170579	94.87
1799	163701	91.00
1800	162099	90.06
1801	162292	90.11
1802	163004	90.46
1803	162326	90.03
1804	165163	91.55
1805	162860	90.23
1806	176306	97.62
1807	166549	92.17
1808	163401	90.38
1809	168919	93.38
1810	163848	90.52
1811	169751	93.73
1812	180935	99.85
1813	186785	103.03
1814	171163	94.36
1815	168460	92.82
1816	165151	90.94
1817	165013	90.82
1818	165058	90.79
1819	165693	91.09
1820	165799	91.10
1821	169275	92.96
1822	189033	103.75
1823	172814	94.80
1824	190097	104.22
1825	179553	98.39
1826	165999	90.91
1827	166542	91.16
1828	166309	90.98
1829	169800	92.84
1830	166877	91.19
1831	169138	92.37
1832	167165	91.25
1833	170281	92.90
1834	181242	98.82
1835	173158	94.36
1836	169888	92.53
1837	169148	92.08
1838	168030	91.42
1839	176372	95.91
1840	173491	94.29
1841	168337	91.44
1842	169225	91.87
1843	179824	97.57
1844	171953	93.25
1845	173981	94.30
1846	174476	94.52
1847	170341	92.23
1848	171134	92.60
1849	173398	93.78
1850	169858	91.82
1851	172157	93.01
1852	170154	91.88
1853	176693	95.36
1854	186219	100.44
1855	170531	91.93
1856	170661	91.95
1857	171013	92.09
1858	171123	92.10
1859	186675	100.42
1860	172611	92.80
1861	171668	92.25
1862	171575	92.15
1863	171615	92.12
1864	172750	92.68
1865	172777	92.64
1866	173254	92.85
1867	172648	92.47
1868	172813	92.51
1869	183369	98.11
1870	195734	104.67
1871	195873	104.69
1872	195932	104.66
1873	196094	104.70
1874	198186	105.76
1875	198993	106.13
1876	196738	104.87
1877	196843	104.87
1878	199180	106.06
1879	207656	110.51
1880	197381	104.99
1881	197871	105.19
1882	197698	105.05
1883	197781	105.04
1884	197860	105.02
1885	193273	102.53
1886	193411	102.55
1887	195599	103.66
1888	197687	104.71
1889	207643	109.92
1890	195606	103.50
1891	193207	102.17
1892	194680	102.90
1893	198348	104.78
1894	193714	102.28
1895	199296	105.17
1896	200013	105.49
1897	193247	101.87
1898	197436	104.02
1899	196128	103.28
1900	210317	110.69
1901	191875	100.93
1902	177543	93.35
1903	184910	97.17
1904	191204	100.42
1905	194975	102.35
1906	178551	93.68
1907	180848	94.83
1908	180476	94.59
1909	182035	95.36
1910	181000	94.76
1911	180620	94.52
1912	183873	96.17
1913	183248	95.79
1914	203171	106.15
1915	182320	95.21
1916	180774	94.35
1917	180638	94.23
1918	182293	95.04
1919	197574	102.96
1920	180989	94.27
1921	181439	94.45
1922	182721	95.07
1923	206636	107.46
1924	205525	106.82
1925	199594	103.69
1926	196763	102.16
1927	207337	107.60
1928	206651	107.18
1929	200203	103.79
1930	183301	94.97
1931	183048	94.79
1932	186745	96.66
1933	207141	107.16
1934	184072	95.18
1935	183279	94.72
1936	185894	96.02
1937	201392	103.97
1938	184302	95.10
1939	184589	95.20
1940	188472	97.15
1941	185726	95.69
1942	184850	95.19
1943	198430	102.13
1944	191899	98.71
1945	185605	95.43
1946	206283	106.00
1947	190296	97.74
1948	185878	95.42
1949	185791	95.33
1950	191522	98.22
1951	186070	95.37
1952	186461	95.52
1953	189177	96.86
1954	214632	109.84
1955	195712	100.11
1956	186558	95.38
1957	191759	97.99
1958	198030	101.14
1959	187551	95.74
1960	197861	100.95
1961	214160	109.21
1962	193403	98.57
1963	193064	98.35
1964	200034	101.85
1965	189397	96.39
1966	188661	95.96
1967	205881	104.67
1968	202836	103.07
1969	189219	96.10
1970	189865	96.38
1971	200205	101.58
1972	200935	101.89
1973	214482	108.71
1974	210299	106.53
1975	202042	102.30
1976	192422	97.38
1977	190749	96.48
1978	207473	104.89
1979	190545	96.28
1980	191893	96.92
1981	193153	97.50
1982	191313	96.53
1983	192078	96.86
1984	191174	96.36
1985	192890	97.17
1986	191956	96.65
1987	192347	96.80
1988	192409	96.79
1989	194017	97.54
1990	195046	98.01
1991	192897	96.88
1992	192888	96.83
1993	193006	96.84
1994	196245	98.42
1995	193743	97.11
1996	193719	97.05
1997	193785	97.04
1998	197660	98.93
1999	194830	97.46
2000	194115	97.06
2001	194641	97.27
2002	199856	99.83
2003	204698	102.20
2004	219462	109.51
2005	219528	109.49
2006	220125	109.73
2007	220315	109.77
2008	221141	110.13
2009	220508	109.76
2010	215174	107.05
2011	217441	108.13
2012	215290	107.00
2013	215429	107.02
2014	219779	109.13
2015	220403	109.38
2016	221638	109.94
2017	219158	108.66
2018	221654	109.84
2019	223540	110.72
2020	221020	109.42
2021	222731	110.21
2022	222564	110.07
2023	224587	111.02
2024	223476	110.41
2025	223300	110.27
2026	223251	110.19
2027	228280	112.62
2028	224161	110.53
2029	228231	112.48
2030	226853	111.75
2031	226773	111.66
2032	224612	110.54
2033	226198	111.26
2034	225227	110.73
2035	225169	110.65
2036	226668	111.33
2037	226231	111.06
2038	230138	112.92
2039	226138	110.91
2040	227485	111.51
2041	226838	111.14
2042	230238	112.75
2043	228945	112.06
2044	227377	111.24
2045	227451	111.22
2046	229905	112.37
2047	227602	111.19
2048	227361	111.02
2049	231068	112.77
2050	234605	114.44
2051	228806	111.56
2052	232154	113.14
2053	228748	111.42
2054	231507	112.71
2055	231439	112.62
2056	232573	113.12
2057	231648	112.61
2058	231990	112.73
2059	230361	111.88
2060	230298	111.80
2061	234001	113.54
2062	230681	111.87
2063	231181	112.06
2064	234025	113.38
2065	232889	112.78
2066	231966	112.28
2067	233810	113.12
2068	234878	113.58
2069	235717	113.93
2070	236384	114.20
2071	232421	112.23
2072	239419	115.55
2073	234279	113.01
2074	236693	114.12
2075	240020	115.67
2076	247104	119.03
2077	227086	109.33
2078	229186	110.29
2079	228961	110.13
2080	229456	110.32
2081	226718	108.95
2082	209260	100.51
2083	210338	100.98
2084	209823	100.68
2085	210097	100.77
2086	210109	100.72
2087	211249	101.22
2088	211901	101.49
2089	210067	100.56
2090	231516	110.77
2091	211344	101.07
2092	210267	100.51
2093	216525	103.45
2094	211630	101.06
2095	211904	101.15
2096	213534	101.88
2097	213312	101.72
2098	212832	101.45
2099	215991	102.90
2100	212772	101.32
2101	213298	101.52
2102	216559	103.03
2103	214923	102.20
2104	213486	101.47
2105	214545	101.92
2106	215267	102.22
2107	213982	101.56
2108	216740	102.82
2109	232339	110.17
2110	232485	110.18
2111	215975	102.31
2112	217556	103.01
2113	220719	104.46
2114	218734	103.47
2115	219658	103.86
2116	222642	105.22
2117	216431	102.23
2118	220796	104.25
2119	216691	102.26
2120	216646	102.19
2121	217853	102.71
2122	219840	103.60
2123	216796	102.12
2124	224090	105.50
2125	217344	102.28
2126	217560	102.33
2127	218404	102.68
2128	224995	105.73
2129	217909	102.35
2130	220039	103.30
2131	218956	102.75
2132	218370	102.42
2133	219373	102.85
2134	219815	103.01
2135	219785	102.94
2136	221191	103.55
2137	221121	103.47
2138	221003	103.37
2139	220229	102.96
2140	228654	106.85
2141	223331	104.31
2142	224565	104.84
2143	224599	104.81
2144	221147	103.15
2145	220842	102.96
2146	222289	103.58
2147	220851	102.86
2148	221526	103.13
2149	221011	102.84
2150	221492	103.02
2151	225737	104.95
2152	247715	115.11
2153	225718	104.84
2154	222757	103.42
2155	221333	102.71
2156	222126	103.03
2157	222672	103.23
2158	222309	103.02
2159	222443	103.03
2160	223099	103.29
2161	222464	102.94
2162	222926	103.11
2163	223222	103.20
2164	223287	103.18
2165	223379	103.18
2166	223460	103.17
2167	223591	103.18
2168	223839	103.25
2169	223981	103.26
2170	224247	103.34
2171	224454	103.39
2172	224722	103.46
2173	225036	103.56
2174	220286	101.33
2175	219338	100.85
2176	219607	100.92
2177	219713	100.92
2178	221571	101.73
2179	220016	100.97
2180	220337	101.07
2181	220521	101.11
2182	220682	101.14
2183	220612	101.06
2184	221177	101.27
2185	221391	101.32
2186	221450	101.30
2187	221560	101.31
2188	228141	104.27
2189	223112	101.92
2190	229698	104.88
2191	222184	101.41
2192	223873	102.13
2193	226003	103.06
2194	225580	102.82
2195	225541	102.75
2196	225478	102.68
2197	223252	101.62
2198	226169	102.90
2199	229834	104.52
2200	226786	103.08
2201	224134	101.83
2202	226405	102.82
2203	230271	104.53
2204	224924	102.05
2205	228709	103.72
2206	231154	104.78
2207	231151	104.74
2208	225348	102.06
2209	232897	105.43
2210	228591	103.43
2211	229099	103.62
2212	230613	104.26
2213	227755	102.92
2214	232136	104.85
2215	231188	104.37
2216	226853	102.37
2217	232480	104.86
2218	230767	104.04
2219	229105	103.25
2220	233293	105.09
2221	228964	103.09
2222	231084	104.00
2223	233962	105.25
2224	232646	104.61
2225	231337	103.97
2226	230814	103.69
2227	234782	105.43
2228	229585	103.05
2229	235343	105.58
2230	230666	103.44
2231	236148	105.85
2232	231922	103.91
2233	235996	105.69
2234	229996	102.95
2235	237101	106.09
2236	236700	105.86
2237	236553	105.75
2238	253896	113.45
2239	246917	110.28
2240	235044	104.93
2241	255274	113.91
2242	227662	101.54
2243	235130	104.83
2244	270185	120.40
2245	237767	105.91
2246	238875	106.36
2247	255005	113.49
2248	266806	118.69
2249	269298	119.74
2250	269309	119.69
2251	267436	118.81
2252	252587	112.16
2253	239900	106.48
2254	240633	106.76
2255	248277	110.10
2256	239820	106.30
2257	240423	106.52
2258	243503	107.84
2259	241267	106.80
2260	249144	110.24
2261	243861	107.86
2262	241565	106.79
2263	242468	107.14
2264	241824	106.81
2265	242335	106.99
2266	243194	107.32
2267	242474	106.96
2268	242836	107.07
2269	243729	107.42
2270	243507	107.27
2271	243509	107.23
2272	266962	117.50
2273	272298	119.80
2274	278042	122.27
2275	272182	119.64
2276	272879	119.89
2277	246048	108.06
2278	245039	107.57
2279	245163	107.57
2280	245778	107.80
2281	247384	108.45
2282	245516	107.59
2283	245757	107.65
2284	245883	107.65
2285	245854	107.59
2286	246084	107.65
2287	246471	107.77
2288	246656	107.80
2289	246788	107.81
2290	247029	107.87
2291	247078	107.85
2292	247357	107.92
2293	247657	108.01
2294	243821	106.29
2295	248654	108.35
2296	250471	109.09
2297	251547	109.51
2298	248508	108.14
2299	250816	109.10
2300	251295	109.26
2301	251238	109.19
2302	249836	108.53
2303	251090	109.03
2304	251609	109.21
2305	252008	109.33
2306	258368	112.04
2307	257678	111.69
2308	250352	108.47
2309	255090	110.48
2310	255691	110.69
2311	250876	108.56
2312	254685	110.16
2313	258056	111.57
2314	252500	109.12
2315	258467	111.65
2316	256584	110.79
2317	256274	110.61
2318	258848	111.67
2319	256414	110.57
2320	252413	108.80
2321	254494	109.65
2322	260183	112.05
2323	253160	108.98
2324	253271	108.98
2325	261561	112.50
2326	257548	110.73
2327	254034	109.17
2328	258903	111.21
2329	258556	111.02
2330	255277	109.56
2331	262964	112.81
2332	257146	110.27
2333	261320	112.01
2334	258786	110.88
2335	255410	109.38
2336	258847	110.81
2337	262247	112.22
2338	256974	109.91
2339	256971	109.86
2340	263691	112.69
2341	256764	109.68
2342	263433	112.48
2343	259254	110.65
2344	263142	112.26
2345	271082	115.60
2346	272327	116.08
2347	272584	116.14
2348	273708	116.57
2349	279992	119.20
2350	282210	120.09
2351	285398	121.39
2352	285831	121.53
2353	285596	121.38
2354	287935	122.32
2355	302430	128.42
2356	292022	123.95
2357	291164	123.53
2358	289073	122.59
2359	289239	122.61
2360	289611	122.72
2361	289577	122.65
2362	289703	122.65
2363	292653	123.85
2364	292994	123.94
2365	292651	123.74
2366	295144	124.74
2367	293030	123.80
2368	291798	123.23
2369	294665	124.38
2370	275344	116.18
2371	253354	106.86
2372	249411	105.15
2373	268913	113.32
2374	255809	107.75
2375	253188	106.61
2376	254396	107.07
2377	251755	105.91
2378	250291	105.25
2379	254876	107.14
2380	254966	107.13
2381	257342	108.08
2382	257164	107.96
2383	257574	108.09
2384	257806	108.14
2385	258036	108.19
2386	258235	108.23
2387	258136	108.14
2388	260577	109.12
2389	258918	108.38
2390	262783	109.95
2391	259311	108.45
2392	263273	110.06
2393	261247	109.17
2394	260030	108.62
2395	262266	109.51
2396	261047	108.95
2397	262372	109.46
2398	266506	111.14
2399	264889	110.42
2400	267807	111.59
2401	265030	110.38
2402	266220	110.83
2403	268059	111.55
2404	263041	109.42
2405	270200	112.35
2406	261263	108.59
2407	269841	112.11
2408	265991	110.46
2409	269925	112.05
2410	267265	110.90
2411	270530	112.21
2412	269957	111.92
2413	268016	111.07
2414	267656	110.88
2415	267423	110.73
2416	269369	111.49
2417	266995	110.47
2418	272109	112.53
2419	266964	110.36
2420	270154	111.63
2421	271421	112.11
2422	266737	110.13
2423	273513	112.88
2424	269055	111.00
2425	273346	112.72
2426	270495	111.50
2427	272770	112.39
2428	269407	110.96
2429	272993	112.39
2430	268754	110.60
2431	274150	112.77
2432	270625	111.28
2433	273886	112.57
2434	274160	112.64
2435	270391	111.04
2436	271794	111.57
2437	271429	111.38
2438	275489	113.00
2439	275305	112.88
2440	270957	111.05
2441	275184	112.73
2442	273690	112.08
2443	275881	112.93
2444	272950	111.68
2445	276371	113.04
2446	272451	111.39
2447	276453	112.98
2448	273091	111.56
2449	277217	113.20
2450	277223	113.15
2451	272241	111.07
2452	277959	113.36
2453	277537	113.14
2454	275033	112.08
2455	277372	112.98
2456	274293	111.68
2457	280885	114.32
2458	276758	112.59
2459	275755	112.14
2460	279488	113.61
2461	275719	112.04
2462	277352	112.65
2463	280428	113.86
2464	275897	111.97
2465	277138	112.43
2466	279869	113.49
2467	273818	110.99
2468	282223	114.35
2469	279443	113.18
2470	281778	114.08
2471	277752	112.40
2472	280164	113.33
2473	280538	113.44
2474	281963	113.97
2475	277934	112.30
2476	280600	113.33
2477	282793	114.17
2478	279345	112.73
2479	283942	114.54
2480	281470	113.50
2481	283517	114.28
2482	282825	113.95
2483	280801	113.09
2484	284258	114.44
2485	281519	113.29
2486	284622	114.49
2487	280979	112.98
2488	284183	114.22
2489	284699	114.38
2490	282566	113.48
2491	283720	113.90
2492	283579	113.80
2493	285295	114.44
2494	282590	113.31
2495	284754	114.13
2496	286891	114.94
2497	284131	113.79
2498	286758	114.80
2499	286392	114.60
2500	285774	114.31
2501	284020	113.56
2502	287702	114.99
2503	284079	113.50
2504	289175	115.49
2505	289086	115.40
2506	291910	116.48
2507	286826	114.41
2508	288296	114.95
2509	289051	115.21
2510	283314	112.87
2511	275914	109.88
2512	275840	109.81
2513	277048	110.25
2514	277964	110.57
2515	276199	109.82
2516	282508	112.28
2517	278799	110.77
2518	277405	110.17
2519	277693	110.24
2520	283761	112.60
2521	283758	112.56
2522	289193	114.67
2523	287733	114.04
2524	299729	118.75
2525	284817	112.80
2526	285082	112.86
2527	285654	113.04
2528	287642	113.78
2529	285853	113.03
2530	286080	113.08
2531	286204	113.08
2532	286378	113.10
2533	286890	113.26
2534	287405	113.42
2535	283737	111.93
2536	282010	111.20
2537	282365	111.30
2538	280420	110.49
2539	282333	111.20
2540	282970	111.41
2541	286182	112.63
2542	285624	112.36
2543	285035	112.09
2544	284894	111.99
2545	285266	112.09
2546	315978	124.11
2547	313131	122.94
2548	314782	123.54
2549	313633	123.04
2550	318474	124.89
2551	318230	124.75
2552	322175	126.24
2553	322894	126.48
2554	326229	127.73
2555	325390	127.35
2556	328509	128.52
2557	327533	128.09
2558	332440	129.96
2559	336009	131.30
2560	331838	129.62
2561	331259	129.35
2562	334378	130.51
2563	348374	135.92
2564	300128	117.05
2565	340264	132.66
2566	321641	125.35
2567	371493	144.72
2568	329137	128.17
2569	344599	134.14
2570	313172	121.86
2571	331502	128.94
2572	315730	122.76
2573	304108	118.19
2574	330128	128.25
2575	303930	118.03
2576	306040	118.80
2577	303921	117.94
2578	306421	118.86
2579	304685	118.14
2580	306042	118.62
2581	312763	121.18
2582	306240	118.61
2583	314613	121.80
2584	305743	118.32
2585	308049	119.17
2586	306296	118.44
2587	308241	119.15
2588	306302	118.35
2589	312304	120.63
2590	308604	119.15
2591	307531	118.69
2592	350376	135.18
2593	310111	119.60
2594	316066	121.85
2595	308744	118.98
2596	312184	120.26
2597	308963	118.97
2598	311639	119.95
2599	309172	118.96
2600	314003	120.77
2601	312422	120.12
2602	335247	128.84
2603	311419	119.64
2604	312801	120.12
2605	312922	120.12
2606	313285	120.22
2607	314972	120.82
2608	311479	119.43
2609	332212	127.33
2610	310167	118.84
2611	314992	120.64
2612	312528	119.65
2613	311492	119.21
2614	315894	120.85
2615	316817	121.15
2616	317154	121.24
2617	316943	121.11
2618	335475	128.14
2619	333297	127.26
2620	316693	120.88
2621	347461	132.57
2622	322944	123.17
2623	317449	121.03
2624	321351	122.47
2625	322185	122.74
2626	328075	124.93
2627	314248	119.62
2628	315329	119.99
2629	314709	119.71
2630	315023	119.78
2631	315391	119.87
2632	315485	119.87
2633	315529	119.84
2634	315601	119.82
2635	315920	119.89
2636	316363	120.02
2637	316369	119.97
2638	316646	120.03
2639	316909	120.09
2640	309924	117.40
2641	313111	118.56
2642	313696	118.73
2643	315182	119.25
2644	318494	120.46
2645	334182	126.34
2646	342661	129.50
2647	342805	129.51
2648	342837	129.47
2649	345284	130.35
2650	343442	129.60
2651	343978	129.75
2652	343097	129.37
2653	348692	131.43
2654	350122	131.92
2655	353739	133.24
2656	350770	132.07
2657	357570	134.58
2658	354155	133.24
2659	353858	133.08
2660	355775	133.75
2661	349650	131.40
2662	314638	118.20
2663	320157	120.22
2664	313913	117.84
2665	319591	119.92
2666	319257	119.75
2667	323064	121.13
2668	318185	119.26
2669	324833	121.71
2670	318969	119.46
2671	320705	120.07
2672	320104	119.80
2673	349299	130.68
2674	346160	129.45
2675	334746	125.14
2676	356689	133.29
2677	324817	121.34
2678	328429	122.64
2679	354411	132.29
2680	337731	126.02
2681	334274	124.68
2682	346417	129.16
2683	334476	124.66
2684	331597	123.55
2685	328877	122.49
2686	334308	124.46
2687	334968	124.66
2688	335681	124.88
2689	334633	124.45
2690	338200	125.72
2691	352687	131.06
2692	331244	123.05
2693	332352	123.41
2694	334880	124.31
2695	329709	122.34
2696	331547	122.98
2697	337168	125.02
2698	343773	127.42
2699	337587	125.08
2700	336782	124.73
2701	350597	129.80
2702	361550	133.81
2703	391921	144.99
2704	383373	141.78
2705	401211	148.32
2706	373079	137.87
2707	363507	134.28
2708	359899	132.90
2709	348049	128.48
2710	347055	128.06
2711	344581	127.10
2712	338788	124.92
2713	333705	123.00
2714	333445	122.86
2715	333715	122.92
2716	334902	123.31
2717	339366	124.90
2718	340873	125.41
2719	339673	124.93
2720	341447	125.53
2721	335290	123.22
2722	346058	127.13
2723	356431	130.90
2724	335675	123.23
2725	334698	122.82
2726	336380	123.40
2727	336221	123.29
2728	335993	123.16
2729	336272	123.22
2730	336599	123.30
2731	336753	123.31
2732	337080	123.38
2733	337469	123.48
2734	339108	124.03
2735	337705	123.48
2736	338019	123.54
2737	335055	122.42
2738	341075	124.57
2739	340965	124.49
2740	340474	124.26
2741	341258	124.50
2742	341169	124.42
2743	342765	124.96
2744	340903	124.24
2745	342086	124.62
2746	342798	124.84
2747	346702	126.21
2748	344346	125.31
2749	346672	126.11
2750	346513	126.00
2751	344842	125.35
2752	347537	126.29
2753	344200	125.03
2754	349137	126.77
2755	345725	125.49
2756	352078	127.75
2757	352566	127.88
2758	378680	137.30
2759	359106	130.16
2760	341799	123.84
2761	338310	122.53
2762	340730	123.36
2763	345742	125.13
2764	338487	122.46
2765	340915	123.30
2766	340009	122.92
2767	342156	123.66
2768	343520	124.10
2769	361830	130.67
2770	371488	134.11
2771	341375	123.20
2772	397459	143.38
2773	384866	138.79
2774	359721	129.68
2775	348868	125.72
2776	350195	126.15
2777	347714	125.21
2778	371687	133.80
2779	371499	133.68
2780	372216	133.89
2781	398019	143.12
2782	403459	145.02
2783	404550	145.36
2784	393477	141.34
2785	398723	143.17
2786	392350	140.83
2787	395273	141.83
2788	391114	140.28
2789	371625	133.25
2790	354045	126.90
2791	350757	125.67
2792	355085	127.18
2793	349888	125.27
2794	362605	129.78
2795	387420	138.61
2796	360129	128.80
2797	351950	125.83
2798	352169	125.86
2799	384729	137.45
2800	388687	138.82
2801	387903	138.49
2802	388776	138.75
2803	378432	135.01
2804	353610	126.11
2805	390387	139.18
2806	356465	127.04
2807	354707	126.37
2808	356531	126.97
2809	354321	126.14
2810	355282	126.43
2811	355966	126.63
2812	354119	125.93
2813	358349	127.39
2814	355567	126.36
2815	355805	126.40
2816	356400	126.56
2817	356463	126.54
2818	356270	126.43
2819	356480	126.46
2820	356792	126.52
2821	356967	126.54
2822	357132	126.55
2823	357389	126.60
2824	357715	126.67
2825	358167	126.78
2826	358337	126.80
2827	358834	126.93
2828	362072	128.03
2829	345604	122.16
2830	350465	123.84
2831	341716	120.71
2832	348180	122.94
2833	345791	122.06
2834	347515	122.62
2835	343919	121.31
2836	344902	121.62
2837	345083	121.64
2838	347096	122.30
2839	346558	122.07
2840	346872	122.14
2841	349054	122.86
2842	347068	122.12
2843	349373	122.89
2844	350939	123.40
2845	351906	123.69
2846	350031	122.99
2847	349305	122.69
2848	350426	123.04
2849	348867	122.45
2850	349520	122.64
2851	348499	122.24
2852	354494	124.30
2853	356332	124.90
2854	357028	125.10
2855	378743	132.66
2856	367174	128.56
2857	392471	137.37
2858	367767	128.68
2859	376049	131.53
2860	365343	127.74
2861	355947	124.41
2862	371486	129.80
2863	367602	128.40
2864	394763	137.84
2865	367966	128.43
2866	367405	128.19
2867	368475	128.52
2868	368161	128.37
2869	370334	129.08
2870	368219	128.30
2871	369464	128.69
2872	367867	128.09
2873	372823	129.77
2874	368900	128.36
2875	401308	139.59
2876	401621	139.65
2877	369072	128.28
2878	371627	129.13
2879	369824	128.46
2880	372353	129.29
2881	370535	128.61
2882	371174	128.79
2883	371266	128.78
2884	371603	128.85
2885	371500	128.77
2886	365664	126.70
2887	362513	125.57
2888	365319	126.50
2889	363092	125.68
2890	363126	125.65
2891	363827	125.85
2892	363899	125.83
2893	363743	125.73
2894	369612	127.72
2895	364741	125.99
2896	364708	125.94
2897	362317	125.07
2898	356286	122.94
2899	357832	123.43
2900	359392	123.93
2901	356684	122.95
2902	365484	125.94
2903	361636	124.57
2904	363587	125.20
2905	374224	128.82
2906	363851	125.21
2907	366132	125.95
2908	370810	127.51
2909	362427	124.59
2910	365195	125.50
2911	364521	125.22
2912	365838	125.63
2913	361474	124.09
2914	366490	125.77
2915	361821	124.12
2916	365611	125.38
2917	368936	126.48
2918	364144	124.79
2919	371204	127.17
2920	374303	128.19
2921	368151	126.04
2922	369009	126.29
2923	371818	127.20
2924	365750	125.09
2925	367636	125.69
2926	367354	125.55
2927	368401	125.86
2928	367153	125.39
2929	368339	125.76
2930	367472	125.42
2931	368746	125.81
2932	368532	125.69
2933	369362	125.93
2934	368496	125.60
2935	367452	125.20
2936	369651	125.90
2937	375294	127.78
2938	368934	125.57
2939	370659	126.12
2940	370156	125.90
2941	370696	126.04
2942	375257	127.55
2943	376406	127.90
2944	374582	127.24
2945	370547	125.82
2946	373168	126.67
2947	369594	125.41
2948	377766	128.14
2949	371144	125.85
2950	372074	126.13
2951	377595	127.95
2952	374563	126.88
2953	376152	127.38
2954	372930	126.25
2955	368441	124.68
2956	374440	126.67
2957	373782	126.41
2958	375447	126.93
2959	375574	126.93
2960	383318	129.50
2961	374789	126.58
2962	376990	127.28
2963	374132	126.27
2964	375914	126.83
2965	375103	126.51
2966	377927	127.42
2967	375382	126.52
2968	375138	126.39
2969	378382	127.44
2970	377458	127.09
2971	382372	128.70
2972	378523	127.36
2973	380245	127.90
2974	375363	126.21
2975	394929	132.75
2976	376060	126.36
2977	378270	127.06
2978	377529	126.77
2979	378685	127.12
2980	382506	128.36
2981	380115	127.51
2982	387678	130.01
2983	384342	128.84
2984	384004	128.69
2985	380867	127.59
2986	378745	126.84
2987	382941	128.20
2988	381917	127.82
2989	384195	128.54
2990	381137	127.47
2991	379399	126.85
2992	381957	127.66
2993	438570	146.53
2994	391886	130.89
2995	520586	173.82
2996	470193	156.94
2997	398307	132.90
2998	387683	129.31
2999	388043	129.39
3000	388097	129.37
3001	388523	129.46
3002	388800	129.51
3003	394793	131.47
3004	395146	131.54
3005	403052	134.13
3006	399821	133.01
3007	400719	133.26
3008	400424	133.12
3009	400937	133.25
3010	401025	133.23
3011	401220	133.25
3012	401572	133.32
3013	401461	133.24
3014	402011	133.38
3015	402193	133.40
3016	406951	134.93
3017	404757	134.16
3018	403078	133.56
3019	405108	134.19
3020	405547	134.29
3021	403480	133.56
3022	405989	134.34
3023	403996	133.64
3024	406302	134.36
3025	406399	134.35
3026	404476	133.67
3027	408434	134.93
3028	413995	136.72
3029	405288	133.80
3030	412224	136.05
3031	405947	133.93
3032	405979	133.90
3033	412434	135.98
3034	409767	135.06
3035	408512	134.60
3036	416605	137.22
3037	406940	133.99
3038	408717	134.53
3039	415873	136.85
3040	408049	134.23
3041	411024	135.16
3042	413456	135.92
3043	408471	134.23
3044	416791	136.92
3045	409054	134.34
3046	415904	136.54
3047	407003	133.57
3048	395093	129.62
3049	407334	133.60
3050	395995	129.83
3051	400836	131.38
3052	404975	132.69
3053	408559	133.82
3054	410458	134.40
3055	410982	134.53
3056	411934	134.80
3057	414043	135.44
3058	410163	134.13
3059	413980	135.33
3060	414005	135.30
3061	420386	137.34
3062	416782	136.11
3063	416081	135.84
3064	417221	136.17
3065	419350	136.82
3066	416617	135.88
3067	418912	136.59
3068	419220	136.64
3069	416750	135.79
3070	418497	136.32
3071	420314	136.87
3072	420201	136.78
3073	417330	135.81
3074	422417	137.42
3075	416404	135.42
3076	424586	138.03
3077	414918	134.84
3078	425544	138.25
3079	420411	136.54
3080	423859	137.62
3081	419718	136.23
3082	423346	137.36
3083	423009	137.21
3084	424616	137.68
3085	423579	137.30
3086	424746	137.64
3087	424564	137.53
3088	425978	137.95
3089	421233	136.37
3090	426047	137.88
3091	423946	137.15
3092	426315	137.88
3093	424446	137.23
3094	427191	138.07
3095	419956	135.69
3096	404989	130.81
3097	407397	131.55
3098	401678	129.66
3099	410621	132.50
3100	414831	133.82
3101	401586	129.50
3102	405131	130.60
3103	413841	133.37
3104	418735	134.90
3105	403302	129.89
3106	410534	132.17
3107	412492	132.76
3108	414776	133.45
3109	416395	133.93
3110	416316	133.86
3111	419133	134.73
3112	419871	134.92
3113	423862	136.16
3114	416879	133.87
3115	429182	137.78
3116	416862	133.78
3117	411457	132.00
3118	406612	130.41
3119	404775	129.78
3120	408564	130.95
3121	414624	132.85
3122	416086	133.28
3123	418398	133.97
3124	416598	133.35
3125	416695	133.34
3126	426955	136.58
3127	419285	134.09
3128	419734	134.19
3129	421918	134.84
3130	421729	134.74
3131	422100	134.81
3132	423654	135.27
3133	428854	136.88
3134	422709	134.88
3135	427839	136.47
3136	425400	135.65
3137	426428	135.93
3138	426447	135.90
3139	434757	138.50
3140	415543	132.34
3141	411414	130.98
3142	413422	131.58
3143	413330	131.51
3144	414141	131.72
3145	423235	134.57
3146	435167	138.32
3147	415018	131.88
3148	428283	136.05
3149	421724	133.92
3150	413374	131.23
3151	423307	134.34
3152	417038	132.31
3153	425196	134.85
3154	416674	132.11
3155	418774	132.73
3156	431126	136.61
3157	422711	133.90
3158	426365	135.01
3159	425076	134.56
3160	425329	134.60
3161	425472	134.60
3162	425920	134.70
3163	426111	134.72
3164	428951	135.57
3165	428515	135.39
3166	431627	136.33
3167	421173	132.99
3168	417073	131.65
3169	420444	132.67
3170	419540	132.35
3171	423900	133.68
3172	423123	133.39
3173	418819	131.99
3174	421401	132.77
3175	423310	133.33
3176	424727	133.73
3177	438488	138.02
3178	460710	144.97
3179	459050	144.40
3180	459190	144.40
3181	469181	147.49
3182	475299	149.37
3183	475727	149.46
3184	481730	151.30
3185	483133	151.69
3186	461589	144.88
3187	439775	137.99
3188	452286	141.87
3189	436156	136.77
3190	448470	140.59
3191	447247	140.16
3192	444241	139.17
3193	646590	202.50
3194	627998	196.62
3195	448929	140.51
3196	449624	140.68
3197	450804	141.01
3198	449151	140.45
3199	451196	141.04
3200	455207	142.25
3201	451293	140.99
3202	480769	150.15
3203	483814	151.05
3204	509602	159.05
3205	510370	159.24
3206	546658	170.51
3207	597572	186.33
3208	551843	172.02
3209	523137	163.02
3210	538225	167.67
3211	528884	164.71
3212	530927	165.29
3213	538937	167.74
3214	518948	161.46
3215	529217	164.61
3216	510704	158.80
3217	518243	161.10
3218	503500	156.46
3219	535691	166.42
3220	531782	165.15
3221	520491	161.59
3222	546458	169.60
3223	519839	161.29
3224	511014	158.50
3225	505218	156.66
3226	499979	154.98
3227	494949	153.38
3228	505531	156.61
3229	475597	147.29
3230	480045	148.62
3231	466521	144.39
3232	478596	148.08
3233	460637	142.48
3234	496191	153.43
3235	534900	165.35
3236	531850	164.35
3237	534811	165.22
3238	539794	166.71
3239	549288	169.59
3240	531422	164.02
3241	559015	172.48
3242	531332	163.89
3243	533048	164.37
3244	522165	160.96
3245	491662	151.51
3246	465296	143.34
3247	468730	144.36
3248	469503	144.55
3249	478685	147.33
3250	463805	142.71
3251	471203	144.94
3252	466466	143.44
3253	466995	143.56
3254	464758	142.83
3255	465932	143.14
3256	475177	145.94
3257	472460	145.06
3258	485668	149.07
3259	490542	150.52
3260	520045	159.52
3261	524396	160.81
3262	522147	160.07
3263	526641	161.40
3264	519928	159.29
3265	543371	166.42
3266	534290	163.59
3267	545366	166.93
3268	540124	165.28
3269	545413	166.84
3270	561611	171.75
3271	570729	174.48
3272	771940	235.92
3273	792906	242.26
3274	675889	206.44
3275	680855	207.89
3276	668599	204.09
3277	611362	186.56
3278	593922	181.18
3279	579012	176.58
3280	558792	170.36
3281	566069	172.53
3282	564208	171.91
3283	603818	183.92
3284	570198	173.63
3285	556383	169.37
3286	572991	174.37
3287	565041	171.90
3288	654984	199.20
3289	714136	217.13
3290	689499	209.57
3291	648391	197.02
3292	587393	178.43
3293	605162	183.77
3294	559075	169.73
3295	547530	166.17
3296	533838	161.97
3297	555866	168.60
3298	537461	162.97
3299	541066	164.01
3300	533311	161.61
3301	538606	163.16
3302	520890	157.75
3303	480297	145.41
3304	508855	154.01
3305	522766	158.17
3306	497724	150.55
3307	487140	147.31
3308	538494	162.79
3309	509226	153.89
3310	481931	145.60
3311	479114	144.70
3312	482156	145.58
3313	499235	150.69
3314	483780	145.98
3315	498973	150.52
3316	498151	150.23
3317	554031	167.03
3318	509921	153.68
3319	495822	149.39
3320	488735	147.21
3321	504744	151.99
3322	492576	148.28
3323	497845	149.82
3324	488495	146.96
3325	488952	147.05
3326	489395	147.14
3327	485143	145.82
3328	485328	145.83
3329	525261	157.78
3330	529469	159.00
3331	515714	154.82
3332	486840	146.11
3333	508322	152.51
3334	538847	161.62
3335	506428	151.85
3336	483259	144.86
3337	484008	145.04
3338	494862	148.25
3339	493414	147.77
3340	483610	144.79
3341	493366	147.67
3342	488499	146.17
3343	488094	146.00
3344	484432	144.87
3345	484652	144.89
3346	485839	145.20
3347	513143	153.31
3348	530541	158.47
3349	497934	148.68
3350	490597	146.45
3351	486920	145.31
3352	527638	157.41
3353	527830	157.42
3354	527315	157.22
3355	536034	159.77
3356	534747	159.34
3357	532488	158.62
3358	536325	159.72
3359	538812	160.41
3360	539504	160.57
3361	515457	153.36
3362	491510	146.20
3363	484251	143.99
3364	503304	149.61
3365	528463	157.05
3366	522949	155.36
3367	537573	159.66
3368	508411	150.95
3369	491100	145.77
3370	522324	154.99
3371	500308	148.42
3372	482173	142.99
3373	511561	151.66
3374	521872	154.67
3375	523290	155.05
3376	542867	160.80
3377	538115	159.35
3378	544994	161.34
3379	542560	160.57
3380	542560	160.52
3381	550147	162.72
3382	550033	162.64
3383	549081	162.31
3384	547551	161.81
3385	505497	149.33
3386	503065	148.57
3387	500289	147.71
3388	514365	151.82
3389	517395	152.67
3390	543544	160.34
3391	498706	147.07
3392	518660	152.91
3393	507473	149.56
3394	500304	147.41
3395	504774	148.68
3396	519011	152.83
3397	533061	156.92
3398	499118	146.89
3399	500301	147.19
3400	515563	151.64
3401	504415	148.31
3402	500864	147.23
3403	507169	149.04
3404	502188	147.53
3405	501830	147.38
3406	501482	147.23
3407	501993	147.34
3408	501426	147.13
3409	528120	154.92
3410	531860	155.97
3411	531533	155.83
3412	533915	156.48
3413	540696	158.42
3414	546685	160.13
3415	549100	160.79
3416	555226	162.54
3417	549955	160.95
3418	547325	160.13
3419	553401	161.86
3420	551802	161.35
3421	550425	160.90
3422	556421	162.60
3423	555466	162.27
3424	563609	164.61
3425	559836	163.46
3426	511804	149.39
3427	521086	152.05
3428	536525	156.51
3429	549756	160.33
3430	559891	163.23
3431	557690	162.54
3432	561850	163.71
3433	562476	163.84
3434	564176	164.29
3435	566270	164.85
3436	567150	165.06
3437	561598	163.40
3438	567916	165.19
3439	568667	165.36
3440	566894	164.79
3441	568836	165.31
3442	569646	165.50
3443	566433	164.52
3444	566683	164.54
3445	564701	163.92
3446	561789	163.03
3447	497883	144.44
3448	527746	153.06
3449	545304	158.10
3450	559102	162.06
3451	563113	163.17
3452	561898	162.77
3453	565135	163.66
3454	572813	165.84
3455	565601	163.71
3456	566597	163.95
3457	569313	164.68
3458	568194	164.31
3459	568910	164.47
3460	572051	165.33
3461	566722	163.75
3462	534641	154.43
3463	546924	157.93
3464	569827	164.50
3465	554317	159.98
3466	498520	143.83
3467	514634	148.44
3468	536949	154.83
3469	528524	152.36
3470	505644	145.72
3471	507249	146.14
3472	515458	148.46
3473	535570	154.21
3474	553549	159.34
3475	561265	161.52
3476	566080	162.85
3477	523938	150.69
3478	500167	143.81
3479	506395	145.56
3480	499538	143.55
3481	506098	145.39
3482	502399	144.28
3483	508558	146.01
3484	510387	146.49
3485	542289	155.61
3486	560243	160.71
3487	563243	161.53
3488	560268	160.63
3489	568707	163.00
3490	586425	168.03
3491	556170	159.32
3492	566670	162.28
3493	522484	149.58
3494	583367	166.96
3495	598749	171.32
3496	537901	153.86
3497	604898	172.98
3498	612758	175.17
3499	598848	171.15
3500	596236	170.35
3501	586340	167.48
3502	609964	174.18
3503	597317	170.52
3504	599077	170.97
3505	591905	168.87
3506	601244	171.49
3507	620039	176.80
3508	579709	165.25
3509	532747	151.82
3510	535013	152.43
3511	531350	151.34
3512	531630	151.38
3513	547668	155.90
3514	551375	156.91
3515	624714	177.73
3516	653562	185.88
3517	598131	170.07
3518	609331	173.20
3519	623769	177.26
3520	620871	176.38
3521	598902	170.09
3522	601475	170.78
3523	560951	159.23
3524	555176	157.54
3525	535249	151.84
3526	574945	163.06
3527	565131	160.23
3528	571894	162.10
3529	576566	163.38
3530	560722	158.84
3531	536957	152.07
3532	574275	162.59
3533	618803	175.15
3534	590777	167.17
3535	605946	171.41
3536	593908	167.96
3537	567154	160.35
3538	550347	155.55
3539	546303	154.37
3540	566066	159.91
3541	543386	153.46
3542	551527	155.71
3543	578570	163.30
3544	648568	183.00
3545	632914	178.54
3546	607375	171.28
3547	612410	172.66
3548	608774	171.58
3549	624911	176.08
3550	642651	181.03
3551	625605	176.18
3552	632963	178.20
3553	628109	176.78
3554	621641	174.91
3555	623029	175.25
3556	613001	172.38
3557	588241	165.38
3558	611545	171.88
3559	563244	158.26
3560	602672	169.29
3561	608464	170.87
3562	577593	162.15
3563	611152	171.53
3564	621416	174.36
3565	667586	187.26
3566	743100	208.38
3567	884449	247.95
3568	814419	228.26
3569	734683	205.85
3570	731576	204.92
3571	694430	194.46
3572	672297	188.21
3573	636809	178.23
3574	626934	175.42
3575	626599	175.27
3576	669400	187.19
3577	638137	178.40
3578	638761	178.52
3579	673489	188.18
3580	702590	196.25
3581	706208	197.21
3582	750064	209.40
3583	701844	195.88
3584	710701	198.30
3585	757439	211.28
3586	733382	204.51
3587	781619	217.90
3588	845484	235.64
3589	887353	247.24
3590	726109	202.26
3591	795399	221.50
3592	712316	198.31
3593	689331	191.85
3594	641053	178.37
3595	631941	175.78
3596	652186	181.36
3597	631587	175.59
3598	652092	181.24
3599	624004	173.38
3600	627598	174.33
3601	628193	174.45
3602	646985	179.62
3603	616262	171.04
3604	567660	157.51
3605	585439	162.40
3606	658081	182.50
3607	643939	178.52
3608	637521	176.70
3609	599320	166.06
3610	559653	155.03
3611	558647	154.71
3612	568970	157.52
3613	561979	155.54
3614	561343	155.32
3615	612788	169.51
3616	592644	163.89
3617	560423	154.94
3618	584950	161.68
3619	562470	155.42
3620	560002	154.70
3621	581381	160.56
3622	571754	157.86
3623	580307	160.17
3624	567579	156.62
3625	562049	155.05
3626	562069	155.01
3627	561542	154.82
3628	565965	156.00
3629	568668	156.70
3630	646828	178.19
3631	648457	178.59
3632	687422	189.27
3633	622465	171.34
3634	630460	173.49
3635	606786	166.93
3636	609578	167.65
3637	612114	168.30
3638	649954	178.66
3639	628955	172.84
3640	601952	165.37
3641	594215	163.20
3642	617058	169.43
3643	599699	164.62
3644	617330	169.41
3645	603705	165.63
3646	617877	169.47
3647	609619	167.16
3648	619079	169.70
3649	620556	170.06
3650	602649	165.11
3651	570102	156.15
3652	573335	156.99
3653	570412	156.15
3654	618417	169.24
3655	616140	168.57
3656	616559	168.64
3657	616463	168.57
3658	617248	168.74
3659	617792	168.84
3660	626186	171.09
3661	628846	171.77
3662	582944	159.19
3663	607155	165.75
3664	615459	167.97
3665	627851	171.31
3666	629405	171.69
3667	629744	171.73
3668	639304	174.29
3669	634554	172.95
3670	623279	169.83
3671	561411	152.93
3672	561045	152.79
3673	562073	153.03
3674	571897	155.66
3675	577771	157.22
3676	604412	164.42
3677	607674	165.26
3678	626225	170.26
3679	625331	169.97
3680	630465	171.32
3681	620780	168.64
3682	688944	187.11
3683	635649	172.59
3684	613971	166.66
3685	625739	169.81
3686	594635	161.32
3687	590284	160.10
3688	586786	159.11
3689	592075	160.50
3690	587547	159.23
3691	590024	159.85
3692	589708	159.73
3693	587492	159.08
3694	610897	165.38
3695	615548	166.59
3696	616198	166.72
3697	597510	161.62
3698	597444	161.56
3699	589011	159.24
3700	582865	157.53
3701	584257	157.86
3702	602286	162.69
3703	615134	166.12
3704	586899	158.45
3705	585519	158.03
3706	584756	157.79
3707	629271	169.75
3708	613887	165.56
3709	585297	157.80
3710	593290	159.92
3711	576323	155.30
3712	578158	155.75
3713	574757	154.80
3714	574423	154.66
3715	576803	155.26
3716	575591	154.90
3717	615685	165.64
3718	720605	193.82
3719	613911	165.07
3720	611157	164.29
3721	625980	168.23
3722	627563	168.61
3723	638766	171.57
3724	641174	172.17
3725	639930	171.79
3726	638571	171.38
3727	640482	171.85
3728	640639	171.85
3729	640686	171.81
3730	647902	173.70
3731	649248	174.01
3732	645175	172.88
3733	649846	174.08
3734	584253	156.47
3735	566460	151.66
3736	590418	158.03
3737	578107	154.70
3738	570766	152.69
3739	571624	152.88
3740	576031	154.02
3741	575155	153.74
3742	574944	153.65
3743	571892	152.79
3744	572131	152.81
3745	585540	156.35
3746	582465	155.49
3747	698303	186.36
3748	672338	179.39
3749	687883	183.48
3750	665490	177.46
3751	689977	183.94
3752	616554	164.33
3753	628370	167.43
3754	599485	159.69
3755	639056	170.19
3756	628484	167.33
3757	606160	161.34
3758	636717	169.43
3759	612171	162.85
3760	603546	160.52
3761	613690	163.17
3762	621752	165.27
3763	608972	161.83
3764	615131	163.42
3765	629060	167.08
3766	631751	167.75
3767	604351	160.43
3768	605348	160.65
3769	706861	187.55
3770	762201	202.18
3771	749535	198.76
3772	723504	191.81
3773	671242	177.91
3774	618431	163.87
3775	606236	160.59
3776	606206	160.54
3777	641354	169.81
3778	652578	172.73
3779	619216	163.86
3780	635327	168.08
3781	615649	162.83
3782	623525	164.87
3783	621673	164.33
3784	635250	167.88
3785	631169	166.76
3786	633026	167.20
3787	654186	172.75
3788	622719	164.39
3789	611326	161.34
3790	611881	161.45
3791	630268	166.25
3792	660082	174.07
3793	658076	173.50
3794	658696	173.62
3795	660335	174.00
3796	658845	173.56
3797	663043	174.62
3798	654527	172.33
3799	667445	175.69
3800	668155	175.83
3801	672505	176.93
3802	672754	176.95
3803	674597	177.39
3804	674545	177.33
3805	673297	176.95
3806	632775	166.26
3807	598615	157.24
3808	599171	157.35
3809	600151	157.56
3810	601200	157.80
3811	600897	157.67
3812	624171	163.74
3813	639843	167.81
3814	654067	171.49
3815	662139	173.56
3816	667958	175.04
3817	667848	174.97
3818	671670	175.92
3819	670850	175.66
3820	676429	177.08
3821	674191	176.44
3822	678284	177.47
3823	675299	176.64
3824	679085	177.58
3825	678969	177.51
3826	678752	177.41
3827	677890	177.13
3828	679777	177.58
3829	681653	178.02
3830	682070	178.09
3831	683395	178.39
3832	684728	178.69
3833	680012	177.41
3834	681666	177.79
3835	686031	178.89
3836	685125	178.60
3837	684087	178.29
3838	687413	179.11
3839	683795	178.12
3840	687431	179.02
3841	687255	178.93
3842	689713	179.52
3843	691008	179.81
3844	688239	179.04
3845	684418	178.00
3846	690085	179.43
3847	688505	178.97
3848	691576	179.72
3849	690391	179.37
3850	691707	179.66
3851	688165	178.70
3852	691234	179.45
3853	634893	164.78
3854	622601	161.55
3855	647224	167.89
3856	676876	175.54
3857	682562	176.97
3858	682660	176.95
3859	685132	177.54
3860	685885	177.69
3861	688609	178.35
3862	690664	178.84
3863	688570	178.25
3864	693012	179.35
3865	692543	179.18
3866	692440	179.11
3867	695693	179.91
3868	687591	177.76
3869	694007	179.38
3870	689572	178.18
3871	694114	179.31
3872	683287	176.47
3873	664952	171.69
3874	693961	179.13
3875	697869	180.10
3876	695955	179.55
3877	655735	169.13
3878	635020	163.75
3879	639257	164.80
3880	628100	161.88
3881	629857	162.29
3882	648148	166.96
3883	702745	180.98
3884	666817	171.68
3885	704426	181.32
3886	678675	174.65
3887	649281	167.04
3888	648397	166.77
3889	656212	168.74
3890	701990	180.46
3891	694792	178.56
3892	697567	179.23
3893	707827	181.82
3894	723603	185.83
3895	720619	185.01
3896	726983	186.60
3897	727042	186.56
3898	757749	194.39
3899	710808	182.31
3900	714554	183.22
3901	691741	177.32
3902	644060	165.06
3903	654596	167.72
3904	666873	170.82
3905	676632	173.27
3906	669791	171.48
3907	656142	167.94
3908	649142	166.11
3909	645607	165.16
3910	646144	165.25
3911	676713	173.03
3912	699786	178.88
3913	668634	170.88
3914	647577	165.45
3915	680334	173.78
3916	691487	176.58
3917	679234	173.41
3918	687685	175.52
3919	695181	177.39
3920	701624	178.99
3921	709360	180.91
3922	646310	164.79
3923	652931	166.44
3924	649817	165.60
3925	665564	169.57
3926	684737	174.41
3927	712727	181.49
3928	710808	180.96
3929	739882	188.31
3930	758119	192.91
3931	738116	187.77
3932	780650	198.54
3933	766542	194.90
3934	761261	193.51
3935	755669	192.04
3936	776750	197.35
3937	788537	200.29
3938	839854	213.27
3939	764640	194.12
3940	810211	205.64
3941	793333	201.30
3942	766981	194.57
3943	753358	191.06
3944	750284	190.23
3945	746439	189.21
3946	760348	192.69
3947	699982	177.35
3948	693194	175.58
3949	687994	174.22
3950	662023	167.60
3951	827094	209.34
3952	912427	230.88
3953	878264	222.18
3954	778489	196.89
3955	730995	184.83
3956	671556	169.76
3957	664590	167.95
3958	686322	173.40
3959	664821	167.93
3960	682231	172.28
3961	715347	180.60
3962	663187	167.39
3963	691452	174.48
3964	673895	170.00
3965	669319	168.81
3966	663927	167.40
3967	667396	168.24
3968	676684	170.54
3969	718944	181.14
3970	675442	170.14
3971	710746	178.98
3972	697275	175.55
3973	672109	169.17
3974	714750	179.86
3975	761082	191.47
3976	754632	189.80
3977	786811	197.84
3978	769997	193.56
3979	770367	193.61
3980	800591	201.15
3981	776778	195.12
3982	763363	191.70
3983	754650	189.47
3984	760908	190.99
3985	784582	196.88
3986	742217	186.21
3987	678348	170.14
3988	721366	180.88
3989	708087	177.51
3990	671153	168.21
3991	673841	168.84
3992	731347	183.20
3993	720005	180.32
3994	688730	172.44
3995	675699	169.14
3996	673307	168.50
3997	672320	168.21
3998	713046	178.35
3999	725970	181.54
4000	728055	182.01
