N	Total Time	Average CPE
1	259	259.00
2	89	44.50
3	88	29.33
4	96	24.00
5	104	20.80
6	112	18.67
7	973	139.00
8	141	17.62
9	865	96.11
10	152	15.20
11	164	14.91
12	176	14.67
13	188	14.46
14	202	14.43
15	215	14.33
16	232	14.50
17	1247	73.35
18	501	27.83
19	513	27.00
20	532	26.60
21	541	25.76
22	556	25.27
23	572	24.87
24	592	24.67
25	610	24.40
26	626	24.08
27	646	23.93
28	665	23.75
29	684	23.59
30	703	23.43
31	726	23.42
32	746	23.31
33	944	28.61
34	929	27.32
35	950	27.14
36	978	27.17
37	998	26.97
38	1021	26.87
39	1045	26.79
40	1069	26.73
41	1094	26.68
42	1120	26.67
43	1143	26.58
44	1168	26.55
45	1197	26.60
46	1225	26.63
47	1250	26.60
48	1276	26.58
49	1304	26.61
50	1334	26.68
51	1364	26.75
52	1394	26.81
53	1428	26.94
54	1453	26.91
55	1486	27.02
56	1515	27.05
57	1544	27.09
58	1575	27.16
59	1604	27.19
60	1641	27.35
61	1668	27.34
62	1700	27.42
63	1737	27.57
64	1770	27.66
65	2066	31.78
66	2086	31.61
67	2118	31.61
68	2154	31.68
69	2188	31.71
70	2228	31.83
71	2262	31.86
72	2307	32.04
73	2346	32.14
74	2382	32.19
75	2421	32.28
76	2456	32.32
77	2501	32.48
78	2534	32.49
79	2572	32.56
80	2617	32.71
81	2657	32.80
82	2703	32.96
83	2741	33.02
84	2783	33.13
85	2827	33.26
86	2866	33.33
87	2933	33.71
88	2987	33.94
89	3021	33.94
90	3057	33.97
91	3119	34.27
92	3168	34.43
93	3223	34.66
94	3397	36.14
95	3417	35.97
96	3451	35.95
97	3524	36.33
98	3552	36.24
99	3600	36.36
100	5217	52.17
101	5404	53.50
102	3721	36.48
103	3806	36.95
104	3843	36.95
105	3914	37.28
106	3952	37.28
107	3993	37.32
108	4041	37.42
109	4111	37.72
110	4186	38.05
111	4211	37.94
112	4261	38.04
113	4316	38.19
114	4471	39.22
115	4424	38.47
116	4516	38.93
117	4564	39.01
118	4619	39.14
119	4669	39.24
120	5875	48.96
121	10140	83.80
122	4928	40.39
123	5009	40.72
124	5051	40.73
125	4998	39.98
126	5047	40.06
127	5103	40.18
128	5247	40.99
129	5524	42.82
130	5502	42.32
131	5574	42.55
132	5645	42.77
133	5746	43.20
134	5832	43.52
135	5933	43.95
136	5980	43.97
137	6080	44.38
138	6159	44.63
139	6231	44.83
140	6485	46.32
141	6549	46.45
142	6588	46.39
143	6671	46.65
144	6734	46.76
145	6825	47.07
146	6927	47.45
147	6976	47.46
148	7047	47.61
149	7127	47.83
150	7161	47.74
151	7213	47.77
152	7313	48.11
153	7392	48.31
154	7479	48.56
155	7562	48.79
156	7648	49.03
157	7726	49.21
158	7819	49.49
159	7915	49.78
160	8007	50.04
161	8105	50.34
162	8181	50.50
163	8265	50.71
164	8305	50.64
165	8401	50.92
166	8473	51.04
167	8569	51.31
168	8707	51.83
169	8737	51.70
170	8840	52.00
171	8913	52.12
172	8993	52.28
173	9064	52.39
174	9167	52.68
175	9232	52.75
176	9327	52.99
177	9485	53.59
178	9495	53.34
179	9589	53.57
180	9691	53.84
181	9764	53.94
182	9861	54.18
183	9963	54.44
184	10019	54.45
185	10126	54.74
186	10231	55.01
187	10305	55.11
188	10416	55.40
189	10499	55.55
190	10589	55.73
191	10689	55.96
192	10781	56.15
193	10884	56.39
194	10985	56.62
195	11071	56.77
196	11180	57.04
197	11257	57.14
198	11372	57.43
199	11462	57.60
200	14869	74.34
201	11673	58.07
202	11806	58.45
203	11902	58.63
204	12006	58.85
205	12145	59.24
206	13057	63.38
207	14646	70.75
208	12366	59.45
209	12504	59.83
210	12651	60.24
211	12783	60.58
212	12823	60.49
213	12947	60.78
214	14799	69.15
215	16600	77.21
216	13284	61.50
217	13326	61.41
218	13424	61.58
219	17255	78.79
220	16218	73.72
221	13753	62.23
222	13858	62.42
223	13984	62.71
224	14061	62.77
225	14173	62.99
226	14261	63.10
227	14382	63.36
228	14498	63.59
229	14602	63.76
230	14724	64.02
231	14893	64.47
232	15146	65.28
233	15143	64.99
234	15286	65.32
235	15400	65.53
236	15524	65.78
237	15640	65.99
238	15725	66.07
239	15870	66.40
240	15974	66.56
241	16118	66.88
242	16277	67.26
243	16424	67.59
244	16533	67.76
245	16663	68.01
246	16798	68.28
247	16939	68.58
248	17037	68.70
249	17158	68.91
250	17301	69.20
251	17441	69.49
252	17573	69.73
253	17718	70.03
254	17840	70.24
255	18059	70.82
256	18111	70.75
257	18639	72.53
258	18747	72.66
259	20493	79.12
260	19049	73.27
261	19121	73.26
262	23163	88.41
263	19378	73.68
264	19498	73.86
265	19604	73.98
266	20157	75.78
267	20158	75.50
268	21229	79.21
269	20192	75.06
270	20321	75.26
271	20472	75.54
272	20574	75.64
273	20737	75.96
274	20853	76.11
275	21126	76.82
276	21138	76.59
277	21262	76.76
278	21411	77.02
279	21562	77.28
280	21681	77.43
281	21827	77.68
282	21985	77.96
283	22091	78.06
284	22248	78.34
285	22378	78.52
286	22537	78.80
287	22682	79.03
288	22800	79.17
289	24563	84.99
290	24020	82.83
291	24848	85.39
292	23443	80.28
293	23548	80.37
294	25309	86.09
295	25752	87.29
296	24057	81.27
297	24151	81.32
298	24322	81.62
299	24460	81.81
300	27844	92.81
301	24714	82.11
302	24848	82.28
303	25021	82.58
304	25149	82.73
305	25323	83.03
306	25485	83.28
307	25586	83.34
308	27605	89.63
309	25899	83.82
310	26055	84.05
311	26264	84.45
312	26400	84.62
313	26503	84.67
314	28255	89.98
315	26823	85.15
316	26959	85.31
317	27121	85.56
318	27282	85.79
319	27442	86.03
320	27585	86.20
321	27717	86.35
322	30884	95.91
323	28048	86.84
324	28203	87.05
325	28350	87.23
326	28549	87.57
327	29439	90.03
328	29948	91.30
329	29627	90.05
330	29803	90.31
331	29986	90.59
332	30177	90.89
333	30317	91.04
334	30439	91.13
335	30573	91.26
336	30809	91.69
337	30888	91.66
338	31094	91.99
339	31291	92.30
340	31355	92.22
341	31530	92.46
342	31691	92.66
343	31881	92.95
344	32010	93.05
345	32209	93.36
346	32361	93.53
347	32638	94.06
348	32862	94.43
349	33947	97.27
350	33014	94.33
351	37341	106.38
352	33406	94.90
353	33552	95.05
354	33666	95.10
355	33883	95.45
356	34122	95.85
357	34317	96.13
358	38769	108.29
359	34589	96.35
360	37048	102.91
361	39571	109.61
362	35206	97.25
363	35327	97.32
364	35503	97.54
365	35731	97.89
366	35892	98.07
367	36038	98.20
368	36203	98.38
369	36367	98.56
370	36564	98.82
371	36797	99.18
372	37014	99.50
373	37240	99.84
374	38553	103.08
375	37509	100.02
376	37692	100.24
377	37897	100.52
378	38092	100.77
379	38260	100.95
380	38434	101.14
381	38668	101.49
382	38943	101.95
383	39069	102.01
384	39264	102.25
385	39393	102.32
386	39593	102.57
387	39766	102.75
388	39957	102.98
389	40155	103.23
390	40334	103.42
391	40537	103.68
392	40771	104.01
393	40929	104.15
394	41148	104.44
395	41292	104.54
396	41481	104.75
397	41784	105.25
398	41900	105.28
399	42124	105.57
400	42315	105.79
401	42633	106.32
402	42721	106.27
403	42960	106.60
404	43199	106.93
405	43346	107.03
406	46070	113.47
407	45394	111.53
408	46874	114.89
409	50573	123.65
410	44958	109.65
411	48439	117.86
412	44695	108.48
413	48824	118.22
414	44979	108.64
415	45187	108.88
416	45421	109.19
417	45586	109.32
418	45780	109.52
419	45983	109.74
420	46165	109.92
421	46458	110.35
422	46608	110.45
423	46777	110.58
424	47020	110.90
425	47248	111.17
426	47400	111.27
427	47599	111.47
428	47838	111.77
429	48006	111.90
430	48993	113.94
431	48362	112.21
432	48670	112.66
433	48837	112.79
434	49091	113.11
435	49242	113.20
436	49520	113.58
437	49685	113.70
438	52179	119.13
439	50113	114.15
440	51497	117.04
441	51433	116.63
442	50735	114.79
443	50910	114.92
444	51308	115.56
445	54748	123.03
446	51712	115.95
447	51808	115.90
448	52016	116.11
449	52230	116.33
450	52445	116.54
451	52672	116.79
452	52967	117.18
453	53079	117.17
454	53334	117.48
455	53478	117.53
456	53730	117.83
457	54057	118.29
458	54239	118.43
459	54473	118.68
460	54699	118.91
461	55025	119.36
462	55174	119.42
463	55353	119.55
464	55517	119.65
465	55696	119.78
466	55890	119.94
467	56232	120.41
468	56395	120.50
469	56534	120.54
470	56805	120.86
471	57082	121.19
472	57292	121.38
473	57495	121.55
474	57705	121.74
475	57909	121.91
476	58212	122.29
477	58345	122.32
478	58558	122.51
479	58751	122.65
480	59069	123.06
481	59378	123.45
482	59676	123.81
483	59685	123.57
484	59942	123.85
485	60147	124.01
486	60437	124.36
487	60672	124.58
488	60970	124.94
489	76274	155.98
490	138449	282.55
491	106577	217.06
492	92297	187.60
493	88264	179.03
494	79011	159.94
495	75422	152.37
496	75817	152.86
497	70598	142.05
498	67945	136.44
499	68438	137.15
500	68601	137.20
501	64268	128.28
502	62370	124.24
503	62572	124.40
504	62812	124.63
505	65837	130.37
506	63310	125.12
507	63588	125.42
508	63704	125.40
509	63923	125.59
510	65742	128.91
511	64464	126.15
512	64657	126.28
513	65005	126.72
514	65222	126.89
515	65329	126.85
516	65580	127.09
517	69084	133.62
518	66131	127.67
519	69427	133.77
520	66600	128.08
521	70787	135.87
522	70194	134.47
523	67260	128.60
524	67743	129.28
525	70972	135.18
526	72014	136.91
527	75164	142.63
528	70791	134.07
529	68817	130.09
530	69051	130.28
531	69280	130.47
532	69429	130.51
533	72964	136.89
534	70001	131.09
535	70330	131.46
536	70453	131.44
537	73435	136.75
538	70959	131.89
539	71120	131.95
540	71375	132.18
541	71713	132.56
542	71943	132.74
543	72169	132.91
544	73929	135.90
545	74290	136.31
546	72943	133.60
547	73294	133.99
548	78117	142.55
549	75428	137.39
550	73879	134.33
551	74159	134.59
552	74398	134.78
553	74573	134.85
554	74946	135.28
555	75156	135.42
556	80210	144.26
557	75551	135.64
558	75889	136.00
559	76022	136.00
560	76400	136.43
561	78143	139.29
562	76890	136.81
563	77193	137.11
564	77379	137.20
565	77670	137.47
566	81379	143.78
567	78142	137.82
568	78490	138.19
569	78733	138.37
570	80608	141.42
571	79209	138.72
572	79398	138.81
573	79646	139.00
574	79955	139.29
575	80201	139.48
576	80429	139.63
577	80681	139.83
578	81018	140.17
579	81260	140.35
580	81435	140.41
581	81839	140.86
582	81991	140.88
583	84054	144.17
584	82654	141.53
585	82752	141.46
586	83179	141.94
587	83279	141.87
588	85210	144.91
589	83964	142.55
590	84190	142.69
591	84453	142.90
592	84596	142.90
593	84917	143.20
594	85225	143.48
595	85526	143.74
596	85707	143.80
597	85972	144.01
598	86209	144.16
599	86629	144.62
600	92009	153.35
601	87129	144.97
602	87377	145.14
603	87672	145.39
604	87909	145.54
605	88303	145.96
606	95123	156.97
607	88682	146.10
608	89063	146.49
609	89204	146.48
610	89575	146.84
611	91424	149.63
612	94822	154.94
613	92144	150.32
614	90785	147.86
615	95727	155.65
616	92940	150.88
617	93533	151.59
618	91673	148.34
619	92048	148.70
620	99648	160.72
621	98666	158.88
622	92850	149.28
623	93283	149.73
624	93447	149.75
625	93680	149.89
626	94064	150.26
627	96019	153.14
628	95709	152.40
629	95645	152.06
630	95060	150.89
631	97304	154.21
632	95711	151.44
633	97553	154.11
634	96264	151.84
635	96442	151.88
636	96827	152.24
637	97016	152.30
638	99160	155.42
639	97683	152.87
640	97987	153.10
641	98212	153.22
642	103342	160.97
643	98735	153.55
644	99133	153.93
645	99339	154.01
646	99679	154.30
647	100009	154.57
648	100303	154.79
649	100633	155.06
650	100794	155.07
651	101194	155.44
652	101387	155.50
653	101815	155.92
654	102070	156.07
655	111202	169.77
656	105690	161.11
657	103010	156.79
658	103164	156.78
659	105065	159.43
660	110410	167.29
661	113295	171.40
662	106811	161.35
663	104671	157.87
664	104852	157.91
665	105256	158.28
666	105654	158.64
667	105894	158.76
668	107706	161.24
669	106413	159.06
670	106798	159.40
671	107115	159.63
672	112439	167.32
673	107663	159.97
674	107830	159.99
675	108275	160.41
676	110116	162.89
677	113723	167.98
678	109114	160.94
679	109469	161.22
680	109736	161.38
681	110067	161.63
682	111972	164.18
683	110636	161.99
684	111066	162.38
685	112813	164.69
686	111636	162.73
687	111840	162.79
688	112282	163.20
689	112465	163.23
690	112837	163.53
691	113264	163.91
692	119076	172.08
693	113892	164.35
694	114342	164.76
695	114557	164.83
696	114880	165.06
697	115070	165.09
698	115493	165.46
699	115762	165.61
700	119199	170.28
701	116386	166.03
702	116577	166.06
703	117079	166.54
704	117223	166.51
705	117595	166.80
706	117979	167.11
707	120625	170.62
708	118553	167.45
709	118892	167.69
710	121300	170.85
711	119662	168.30
712	127794	179.49
713	120289	168.71
714	120272	168.45
715	120682	168.79
716	120829	168.76
717	128507	179.23
718	124532	173.44
719	122097	169.82
720	122602	170.28
721	122706	170.19
722	123138	170.55
723	123338	170.59
724	127845	176.58
725	123967	170.99
726	124388	171.33
727	124797	171.66
728	129952	178.51
729	125229	171.78
730	125633	172.10
731	129188	176.73
732	126252	172.48
733	126458	172.52
734	130104	177.25
735	127157	173.00
736	127424	173.13
737	127866	173.50
738	128168	173.67
739	128435	173.80
740	128923	174.22
741	129308	174.50
742	129502	174.53
743	129940	174.89
744	133753	179.78
745	133733	179.51
746	130964	175.55
747	132817	177.80
748	159593	213.36
749	142943	190.85
750	132241	176.32
751	134126	178.60
752	147215	195.76
753	133267	176.98
754	148935	197.53
755	133990	177.47
756	135666	179.45
757	155600	205.55
758	138334	182.50
759	157413	207.40
760	148099	194.87
761	144881	190.38
762	139895	183.59
763	150004	196.60
764	168185	220.14
765	142024	185.65
766	155757	203.34
767	141800	184.88
768	162539	211.64
769	149545	194.47
770	147392	191.42
771	142748	185.15
772	155641	201.61
773	162856	210.68
774	146471	189.24
775	152242	196.44
776	144750	186.53
777	152636	196.44
778	153988	197.93
779	162276	208.31
780	145939	187.10
781	151802	194.37
782	146688	187.58
783	155709	198.86
784	178670	227.90
785	152119	193.78
786	155311	197.60
787	153095	194.53
788	155504	197.34
789	165305	209.51
790	171023	216.48
791	169852	214.73
792	174666	220.54
793	172787	217.89
794	173122	218.04
795	174378	219.34
796	175546	220.54
797	177512	222.73
798	174944	219.23
799	175379	219.50
800	177818	222.27
801	176430	220.26
802	176620	220.22
803	180173	224.37
804	179266	222.97
805	183084	227.43
806	180032	223.36
807	182643	226.32
808	186147	230.38
809	181983	224.95
810	179083	221.09
811	183502	226.27
812	182551	224.82
813	183838	226.12
814	180801	222.11
815	187854	230.50
816	186840	228.97
817	183376	224.45
818	182500	223.11
819	184365	225.11
820	185686	226.45
821	183403	223.39
822	171163	208.23
823	167470	203.49
824	173159	210.14
825	184098	223.15
826	170728	206.69
827	170588	206.27
828	167596	202.41
829	167847	202.47
830	168142	202.58
831	169592	204.08
832	170940	205.46
833	169378	203.33
834	171779	205.97
835	170261	203.91
836	171065	204.62
837	171042	204.35
838	171401	204.54
839	171969	204.97
840	173988	207.13
841	172410	205.01
842	173077	205.55
843	173336	205.62
844	177018	209.74
845	173881	205.78
846	174884	206.72
847	177242	209.26
848	176539	208.18
849	175861	207.14
850	176730	207.92
851	176493	207.39
852	176826	207.54
853	177209	207.75
854	177604	207.97
855	177893	208.06
856	178249	208.23
857	178673	208.49
858	179034	208.66
859	179522	208.99
860	179792	209.06
861	180179	209.27
862	180577	209.49
863	180964	209.69
864	181417	209.97
865	181635	209.98
866	182268	210.47
867	182777	210.82
868	182999	210.83
869	183552	211.22
870	183739	211.19
871	184259	211.55
872	184841	211.97
873	185299	212.26
874	185614	212.37
875	185988	212.56
876	186229	212.59
877	186621	212.79
878	187273	213.29
879	187382	213.18
880	184981	210.21
881	178925	203.09
882	181106	205.34
883	179733	203.55
884	186421	210.88
885	180639	204.11
886	182692	206.20
887	191640	216.05
888	181772	204.70
889	182158	204.90
890	192657	216.47
891	183042	205.43
892	183248	205.43
893	189866	212.62
894	184085	205.91
895	184451	206.09
896	209975	234.35
897	212125	236.48
898	187871	209.21
899	186003	206.90
900	188982	209.98
901	197941	219.69
902	195099	216.30
903	192864	213.58
904	197482	218.45
905	193141	213.42
906	193610	213.70
907	194120	214.02
908	198754	218.89
909	200779	220.88
910	195291	214.61
911	204728	224.73
912	196172	215.10
913	196466	215.19
914	196886	215.41
915	197224	215.55
916	197753	215.89
917	198022	215.95
918	198561	216.30
919	198765	216.28
920	199473	216.82
921	199768	216.90
922	200278	217.22
923	200530	217.26
924	201125	217.67
925	201384	217.71
926	201876	218.01
927	202393	218.33
928	202710	218.44
929	203109	218.63
930	203510	218.83
931	203770	218.87
932	204265	219.17
933	204735	219.44
934	205146	219.64
935	205592	219.88
936	206155	220.25
937	210496	224.65
938	206546	220.20
939	206712	220.14
940	211206	224.69
941	212057	225.35
942	216419	229.74
943	208631	221.24
944	213068	225.71
945	209363	221.55
946	215046	227.32
947	214533	226.54
948	210794	222.36
949	215879	227.48
950	211725	222.87
951	224233	235.79
952	223974	235.27
953	220337	231.20
954	222743	233.48
955	218375	228.66
956	214093	223.95
957	241174	252.01
958	219514	229.14
959	227421	237.14
960	246124	256.38
961	225662	234.82
962	230600	239.71
963	238394	247.55
964	223291	231.63
965	226724	234.95
966	228724	236.77
967	224773	232.44
968	226019	233.49
969	230394	237.76
970	230979	238.12
971	227003	233.78
972	230327	236.96
973	240926	247.61
974	229367	235.49
975	234654	240.67
976	255142	261.42
977	255010	261.01
978	259801	265.65
979	256455	261.96
980	251999	257.14
981	257126	262.11
982	251472	256.08
983	233988	238.03
984	254893	259.04
985	242089	245.78
986	236333	239.69
987	251485	254.80
988	238695	241.59
989	236097	238.72
990	246223	248.71
991	238052	240.21
992	238407	240.33
993	236684	238.35
994	238241	239.68
995	242158	243.37
996	256158	257.19
997	242489	243.22
998	245501	245.99
999	258546	258.80
1000	242506	242.51
1001	249081	248.83
1002	249977	249.48
1003	243539	242.81
1004	244630	243.66
1005	243851	242.64
1006	244838	243.38
1007	243624	241.93
1008	243296	241.37
1009	243511	241.34
1010	245233	242.80
1011	245005	242.34
1012	245562	242.65
1013	245783	242.63
1014	246239	242.84
1015	246846	243.20
1016	247988	244.08
1017	247209	243.08
1018	250382	245.95
1019	248513	243.88
1020	249223	244.34
1021	249236	244.11
1022	249408	244.04
1023	251948	246.28
1024	250532	244.66
1025	251254	245.13
1026	251636	245.26
1027	251969	245.34
1028	252629	245.75
1029	252823	245.70
1030	253410	246.03
1031	253977	246.34
1032	254350	246.46
1033	254606	246.47
1034	248844	240.66
1035	249368	240.94
1036	249828	241.15
1037	253658	244.61
1038	250905	241.72
1039	251176	241.75
1040	251630	241.95
1041	251989	242.06
1042	252616	242.43
1043	253101	242.67
1044	253477	242.79
1045	257883	246.78
1046	254310	243.13
1047	256431	244.92
1048	258839	246.98
1049	268743	256.19
1050	270017	257.16
1051	273020	259.77
1052	271402	257.99
1053	268775	255.25
1054	272164	258.22
1055	289293	274.21
1056	288250	272.96
1057	281908	266.71
1058	282271	266.80
1059	278762	263.23
1060	269838	254.56
1061	263164	248.03
1062	267914	252.27
1063	268600	252.68
1064	271548	255.21
1065	264477	248.34
1066	271275	254.48
1067	272150	255.06
1068	272520	255.17
1069	273630	255.97
1070	275233	257.23
1071	272944	254.85
1072	279495	260.72
1073	281141	262.01
1074	279023	259.80
1075	278534	259.10
1076	275572	256.11
1077	279292	259.32
1078	279852	259.60
1079	277586	257.26
1080	279970	259.23
1081	277899	257.08
1082	282901	261.46
1083	282236	260.61
1084	280350	258.63
1085	286544	264.10
1086	287024	264.29
1087	283271	260.60
1088	287470	264.22
1089	282631	259.53
1090	288017	264.24
1091	283676	260.01
1092	285047	261.03
1093	289300	264.68
1094	284825	260.35
1095	290487	265.28
1096	287214	262.06
1097	288726	263.20
1098	287454	261.80
1099	289256	263.20
1100	287241	261.13
1101	288585	262.11
1102	289273	262.50
1103	289182	262.18
1104	289624	262.34
1105	290948	263.30
1106	290726	262.86
1107	292185	263.94
1108	291796	263.35
1109	292610	263.85
1110	291955	263.02
1111	293470	264.15
1112	293993	264.38
1113	294062	264.21
1114	294839	264.67
1115	297537	266.85
1116	295350	264.65
1117	295394	264.45
1118	296009	264.77
1119	296464	264.94
1120	297197	265.35
1121	297771	265.63
1122	298328	265.89
1123	298777	266.05
1124	299385	266.36
1125	294942	262.17
1126	294675	261.70
1127	292982	259.97
1128	296706	263.04
1129	294109	260.50
1130	294716	260.81
1131	297280	262.85
1132	298117	263.35
1133	297796	262.84
1134	296642	261.59
1135	297082	261.75
1136	297746	262.10
1137	298114	262.19
1138	301283	264.75
1139	297125	260.86
1140	296915	260.45
1141	294664	258.25
1142	298815	261.66
1143	299456	261.99
1144	297178	259.77
1145	296701	259.13
1146	294874	257.31
1147	305349	266.22
1148	296166	257.98
1149	296771	258.29
1150	300704	261.48
1151	304404	264.47
1152	298157	258.82
1153	303893	263.57
1154	304115	263.53
1155	307157	265.94
1156	300451	259.91
1157	302458	261.42
1158	301098	260.02
1159	316624	273.19
1160	317580	273.78
1161	314582	270.96
1162	313162	269.50
1163	314886	270.75
1164	307658	264.31
1165	319458	274.21
1166	322532	276.61
1167	323412	277.13
1168	320474	274.38
1169	336955	288.24
1170	327344	279.78
1171	361516	308.72
1172	329440	281.09
1173	350226	298.57
1174	325989	277.67
1175	372470	317.00
1176	322145	273.93
1177	375829	319.31
1178	362375	307.62
1179	356923	302.73
1180	358411	303.74
1181	335618	284.18
1182	329713	278.95
1183	332922	281.42
1184	333253	281.46
1185	334894	282.61
1186	333240	280.98
1187	336826	283.76
1188	337633	284.20
1189	336765	283.23
1190	337751	283.82
1191	337566	283.43
1192	345656	289.98
1193	336112	281.74
1194	342967	287.24
1195	336585	281.66
1196	342053	286.00
1197	339067	283.26
1198	342760	286.11
1199	339074	282.80
1200	344047	286.71
1201	340826	283.79
1202	345736	287.63
1203	341699	284.04
1204	350497	291.11
1205	344468	285.87
1206	342596	284.08
1207	343257	284.39
1208	348944	288.86
1209	344538	284.98
1210	347936	287.55
1211	347118	286.64
1212	348866	287.84
1213	347477	286.46
1214	347221	286.01
1215	348542	286.87
1216	348955	286.97
1217	349307	287.02
1218	349350	286.82
1219	350112	287.21
1220	350510	287.30
1221	351064	287.52
1222	350816	287.08
1223	351683	287.56
1224	352332	287.85
1225	355064	289.85
1226	354041	288.78
1227	354280	288.74
1228	354734	288.87
1229	353227	287.41
1230	347328	282.38
1231	347492	282.28
1232	347975	282.45
1233	356913	289.47
1234	347995	282.01
1235	352705	285.59
1236	349752	282.97
1237	350088	283.01
1238	353027	285.16
1239	350847	283.17
1240	353637	285.19
1241	351934	283.59
1242	345586	278.25
1243	352354	283.47
1244	360816	290.05
1245	345515	277.52
1246	346545	278.13
1247	350147	280.79
1248	348944	279.60
1249	351045	281.06
1250	348383	278.71
1251	348852	278.86
1252	349430	279.10
1253	350001	279.33
1254	359460	286.65
1255	352684	281.02
1256	351738	280.05
1257	354241	281.81
1258	352731	280.39
1259	354759	281.78
1260	357108	283.42
1261	358996	284.69
1262	357270	283.10
1263	358542	283.88
1264	355674	281.39
1265	371674	293.81
1266	358631	283.28
1267	358957	283.31
1268	357704	282.10
1269	372048	293.18
1270	360543	283.89
1271	366933	288.70
1272	361987	284.58
1273	369041	289.90
1274	362990	284.92
1275	364185	285.64
1276	395912	310.28
1277	433334	339.34
1278	382989	299.68
1279	404015	315.88
1280	387270	302.55
1281	390521	304.86
1282	397746	310.25
1283	379774	296.00
1284	409022	318.55
1285	388139	302.05
1286	403154	313.49
1287	386855	300.59
1288	413203	320.81
1289	389377	302.08
1290	389838	302.20
1291	396784	307.35
1292	393304	304.41
1293	394373	305.01
1294	392521	303.34
1295	397710	307.11
1296	393840	303.89
1297	398874	307.54
1298	398301	306.86
1299	396034	304.88
1300	400723	308.25
1301	397571	305.59
1302	408174	313.50
1303	454887	349.11
1304	464742	356.40
1305	462476	354.39
1306	447296	342.49
1307	453671	347.11
1308	451986	345.56
1309	446171	340.85
1310	438814	334.97
1311	422548	322.31
1312	412184	314.16
1313	404745	308.26
1314	405574	308.66
1315	407348	309.77
1316	407179	309.41
1317	406002	308.28
1318	405984	308.03
1319	405880	307.72
1320	407469	308.69
1321	407661	308.60
1322	410802	310.74
1323	409508	309.53
1324	413018	311.95
1325	411375	310.47
1326	411590	310.40
1327	411489	310.09
1328	411264	309.69
1329	412461	310.35
1330	413084	310.59
1331	413432	310.62
1332	414072	310.86
1333	414766	311.15
1334	415916	311.78
1335	415744	311.42
1336	416186	311.52
1337	417004	311.90
1338	417490	312.03
1339	417959	312.14
1340	409497	305.59
1341	398933	297.49
1342	400932	298.76
1343	421574	313.90
1344	421957	313.96
1345	416071	309.35
1346	413589	307.27
1347	425211	315.67
1348	421819	312.92
1349	417420	309.43
1350	450002	333.33
1351	453336	335.56
1352	422597	312.57
1353	449686	332.36
1354	435764	321.83
1355	459668	339.24
1356	451433	332.92
1357	429290	316.35
1358	473432	348.62
1359	449766	330.95
1360	452538	332.75
1361	456218	335.21
1362	482801	354.48
1363	496171	364.03
1364	518859	380.40
1365	505712	370.48
1366	523191	383.01
1367	507562	371.30
1368	505893	369.80
1369	507571	370.76
1370	500345	365.22
1371	492094	358.93
1372	494308	360.28
1373	489474	356.50
1374	514434	374.41
1375	509919	370.85
1376	500747	363.91
1377	489038	355.15
1378	443217	321.64
1379	442637	320.98
1380	443262	321.20
1381	443564	321.19
1382	444417	321.58
1383	445732	322.29
1384	446969	322.95
1385	450611	325.35
1386	447554	322.91
1387	447735	322.81
1388	447539	322.43
1389	448505	322.90
1390	449211	323.17
1391	449837	323.39
1392	450336	323.52
1393	450669	323.52
1394	451420	323.83
1395	451888	323.93
1396	447601	320.63
1397	450834	322.72
1398	450536	322.27
1399	461662	329.99
1400	454039	324.31
1401	456758	326.02
1402	461407	329.11
1403	457474	326.07
1404	458060	326.25
1405	458513	326.34
1406	460089	327.23
1407	460259	327.12
1408	461330	327.65
1409	462563	328.29
1410	464808	329.65
1411	465921	330.21
1412	463419	328.20
1413	467252	330.68
1414	468915	331.62
1415	467367	330.29
1416	470009	331.93
1417	471689	332.88
1418	468512	330.40
1419	474659	334.50
1420	476243	335.38
1421	473036	332.89
1422	532477	374.46
1423	548208	385.25
1424	558697	392.34
1425	547442	384.17
1426	551953	387.06
1427	539391	377.99
1428	532575	372.95
1429	532999	372.99
1430	493885	345.37
1431	505153	353.01
1432	482145	336.69
1433	481614	336.09
1434	481761	335.96
1435	483296	336.79
1436	485639	338.19
1437	491145	341.78
1438	484737	337.09
1439	545153	378.84
1440	532521	369.81
1441	488168	338.77
1442	486701	337.52
1443	491420	340.55
1444	486123	336.65
1445	491679	340.26
1446	491462	339.88
1447	490537	339.00
1448	492426	340.07
1449	508811	351.15
1450	493342	340.24
1451	505526	348.40
1452	493202	339.67
1453	495583	341.08
1454	498817	343.07
1455	545227	374.73
1456	587456	403.47
1457	596790	409.60
1458	569684	390.73
1459	557022	381.78
1460	528957	362.30
1461	494910	338.75
1462	504708	345.22
1463	498880	341.00
1464	500447	341.84
1465	505347	344.95
1466	499922	341.01
1467	500211	340.98
1468	508100	346.12
1469	502189	341.86
1470	501180	340.94
1471	506780	344.51
1472	502766	341.55
1473	532295	361.37
1474	505298	342.81
1475	507954	344.38
1476	512266	347.06
1477	506121	342.67
1478	507401	343.30
1479	522022	352.96
1480	509939	344.55
1481	507565	342.72
1482	528101	356.34
1483	518120	349.37
1484	516470	348.03
1485	521456	351.15
1486	513581	345.61
1487	528681	355.54
1488	557254	374.50
1489	575928	386.79
1490	541468	363.40
1491	520118	348.84
1492	524013	351.22
1493	520811	348.84
1494	530666	355.20
1495	534048	357.22
1496	529907	354.22
1497	525333	350.92
1498	525346	350.70
1499	538700	359.37
1500	571772	381.18
1501	564234	375.91
1502	616519	410.47
1503	596622	396.95
1504	608615	404.66
1505	625459	415.59
1506	658573	437.30
1507	639978	424.67
1508	641466	425.38
1509	623616	413.26
1510	623323	412.80
1511	620924	410.94
1512	602683	398.60
1513	605615	400.27
1514	610155	403.01
1515	602279	397.54
1516	597184	393.92
1517	600288	395.71
1518	599299	394.80
1519	562073	370.03
1520	585375	385.12
1521	630240	414.36
1522	619166	406.81
1523	604126	396.67
1524	601697	394.81
1525	546740	358.52
1526	542082	355.23
1527	541939	354.90
1528	571077	373.74
1529	544167	355.90
1530	546755	357.36
1531	550104	359.31
1532	542532	354.13
1533	549503	358.45
1534	545932	355.89
1535	546946	356.32
1536	548300	356.97
1537	546325	355.45
1538	561782	365.27
1539	551108	358.09
1540	552071	358.49
1541	602746	391.14
1542	553417	358.90
1543	555616	360.09
1544	550439	356.50
1545	551602	357.02
1546	560105	362.29
1547	553557	357.83
1548	554134	357.97
1549	559734	361.35
1550	555560	358.43
1551	558933	360.37
1552	556358	358.48
1553	557032	358.68
1554	573618	369.12
1555	559467	359.79
1556	566643	364.17
1557	559504	359.35
1558	561484	360.39
1559	565024	362.43
1560	563372	361.14
1561	566004	362.59
1562	562628	360.20
1563	564805	361.36
1564	569820	364.34
1565	567976	362.92
1566	576322	368.02
1567	569013	363.12
1568	572225	364.94
1569	581057	370.34
1570	573363	365.20
1571	570317	363.03
1572	593822	377.75
1573	592627	376.75
1574	577390	366.83
1575	588549	373.68
1576	586757	372.31
1577	581634	368.82
1578	610958	387.17
1579	614703	389.30
1580	601684	380.81
1581	649314	410.70
1582	648458	409.90
1583	604835	382.08
1584	581829	367.32
1585	583092	367.88
1586	586773	369.97
1587	585864	369.16
1588	585010	368.39
1589	586727	369.24
1590	585713	368.37
1591	604094	379.69
1592	590596	370.98
1593	586397	368.11
1594	589865	370.05
1595	587390	368.27
1596	586667	367.59
1597	587954	368.16
1598	588372	368.19
1599	588563	368.08
1600	589498	368.44
1601	590128	368.60
1602	585678	365.59
1603	594522	370.88
1604	578477	360.65
1605	580901	361.93
1606	582546	362.73
1607	579362	360.52
1608	582657	362.35
1609	586262	364.36
1610	581472	361.16
1611	586275	363.92
1612	592969	367.85
1613	582970	361.42
1614	595517	368.97
1615	591069	365.99
1616	607133	375.70
1617	616729	381.40
1618	598990	370.20
1619	648282	400.42
1620	633491	391.04
1621	644959	397.88
1622	626225	386.08
1623	632880	389.94
1624	614384	378.32
1625	609148	374.86
1626	616085	378.90
1627	615621	378.38
1628	627052	385.17
1629	616621	378.53
1630	617191	378.64
1631	616202	377.81
1632	622560	381.47
1633	614644	376.39
1634	617278	377.77
1635	622487	380.73
1636	623177	380.92
1637	619834	378.64
1638	622696	380.16
1639	622990	380.10
1640	622278	379.44
1641	624472	380.54
1642	622458	379.09
1643	623830	379.69
1644	625213	380.30
1645	626999	381.15
1646	624953	379.68
1647	626518	380.40
1648	626261	380.01
1649	626052	379.66
1650	630647	382.21
1651	631176	382.30
1652	632004	382.57
1653	629309	380.71
1654	632877	382.63
1655	631191	381.38
1656	632481	381.93
1657	636603	384.19
1658	634715	382.82
1659	636000	383.36
1660	645987	389.15
1661	641211	386.04
1662	701443	422.05
1663	687668	413.51
1664	639916	384.56
1665	640869	384.91
1666	642454	385.63
1667	646570	387.86
1668	645695	387.11
1669	641247	384.21
1670	645609	386.59
1671	645620	386.37
1672	647829	387.46
1673	649130	388.00
1674	646699	386.32
1675	648115	386.93
1676	652749	389.47
1677	650192	387.71
1678	649178	386.88
1679	652068	388.37
1680	649274	386.47
1681	650706	387.09
1682	650160	386.54
1683	649916	386.17
1684	653431	388.02
1685	650978	386.34
1686	651499	386.42
1687	653281	387.24
1688	655019	388.04
1689	659318	390.36
1690	658093	389.40
1691	655712	387.77
1692	642529	379.75
1693	642656	379.60
1694	643794	380.04
1695	646121	381.19
1696	653592	385.37
1697	646580	381.01
1698	644614	379.63
1699	645409	379.88
1700	646025	380.01
1701	650066	382.17
1702	658861	387.11
1703	648151	380.59
1704	650234	381.59
1705	642930	377.09
1706	641287	375.90
1707	634790	371.87
1708	647279	378.97
1709	642659	376.04
1710	638424	373.35
1711	642808	375.69
1712	658948	384.90
1713	656308	383.13
1714	680641	397.11
1715	674802	393.47
1716	690271	402.26
1717	682517	397.51
1718	686811	399.77
1719	674005	392.09
1720	685174	398.36
1721	674950	392.18
1722	686407	398.61
1723	688048	399.33
1724	693240	402.11
1725	687922	398.80
1726	688187	398.72
1727	688743	398.81
1728	689966	399.29
1729	686723	397.18
1730	690156	398.93
1731	687936	397.42
1732	687369	396.86
1733	687038	396.44
1734	690029	397.94
1735	691648	398.64
1736	689373	397.10
1737	659502	379.68
1738	662193	381.01
1739	666986	383.55
1740	665507	382.48
1741	660599	379.44
1742	674629	387.27
1743	670737	384.82
1744	664798	381.19
1745	671650	384.90
1746	667876	382.52
1747	669852	383.43
1748	667975	382.14
1749	671786	384.10
1750	686669	392.38
1751	672104	383.84
1752	667480	380.98
1753	672211	383.46
1754	680089	387.74
1755	671501	382.62
1756	678828	386.58
1757	679684	386.84
1758	676839	385.01
1759	673061	382.64
1760	678409	385.46
1761	691038	392.41
1762	688073	390.51
1763	679268	385.29
1764	685316	388.50
1765	682338	386.59
1766	684922	387.84
1767	684262	387.25
1768	685904	387.95
1769	686713	388.19
1770	689581	389.59
1771	685826	387.25
1772	696523	393.07
1773	691778	390.17
1774	688812	388.28
1775	690088	388.78
1776	690253	388.66
1777	696247	391.81
1778	696491	391.73
1779	691021	388.43
1780	699195	392.81
1781	715718	401.86
1782	699044	392.28
1783	692694	388.50
1784	715530	401.08
1785	697491	390.75
1786	703160	393.71
1787	706066	395.11
1788	714149	399.41
1789	781673	436.93
1790	720614	402.58
1791	714548	398.97
1792	724947	404.55
1793	825083	460.17
1794	851212	474.48
1795	735627	409.82
1796	738172	411.01
1797	736747	409.99
1798	738352	410.65
1799	722778	401.77
1800	722084	401.16
1801	723449	401.69
1802	726979	403.43
1803	736279	408.36
1804	732101	405.82
1805	725547	401.97
1806	729712	404.05
1807	733373	405.85
1808	734526	406.26
1809	734905	406.25
1810	732448	404.67
1811	724135	399.85
1812	716743	395.55
1813	718639	396.38
1814	723811	399.01
1815	822723	453.29
1816	733578	403.95
1817	754884	415.46
1818	753010	414.20
1819	760951	418.33
1820	758310	416.65
1821	762157	418.54
1822	748875	411.02
1823	738976	405.36
1824	739446	405.40
1825	743158	407.21
1826	743840	407.36
1827	742119	406.20
1828	745807	407.99
1829	730625	399.47
1830	735026	401.65
1831	742035	405.26
1832	734323	400.83
1833	743107	405.40
1834	743179	405.22
1835	734753	400.41
1836	735660	400.69
1837	742544	404.22
1838	736531	400.72
1839	738140	401.38
1840	757383	411.62
1841	745734	405.07
1842	739097	401.25
1843	740279	401.67
1844	737206	399.79
1845	744503	403.52
1846	763325	413.50
1847	844208	457.07
1848	751279	406.54
1849	747117	404.07
1850	743212	401.74
1851	784058	423.59
1852	766168	413.70
1853	766071	413.42
1854	765722	413.01
1855	766128	413.01
1856	764737	412.04
1857	773445	416.50
1858	756335	407.07
1859	751794	404.41
1860	757706	407.37
1861	754363	405.35
1862	804029	431.81
1863	777379	417.27
1864	867451	465.37
1865	787046	422.01
1866	772796	414.15
1867	775804	415.54
1868	792026	424.00
1869	797306	426.59
1870	797835	426.65
1871	799120	427.11
1872	799730	427.21
1873	786482	419.90
1874	773776	412.90
1875	765246	408.13
1876	765107	407.84
1877	772010	411.30
1878	768249	409.08
1879	775979	412.97
1880	779885	414.83
1881	770667	409.71
1882	766550	407.31
1883	774153	411.13
1884	811877	430.93
1885	791580	419.94
1886	790736	419.27
1887	877403	464.97
1888	793680	420.38
1889	783553	414.80
1890	813265	430.30
1891	813651	430.28
1892	814104	430.29
1893	817387	431.79
1894	818506	432.16
1895	809614	427.24
1896	789873	416.60
1897	779706	411.02
1898	813487	428.60
1899	819463	431.52
1900	874131	460.07
1901	885512	465.81
1902	897336	471.79
1903	834711	438.63
1904	869380	456.61
1905	919956	482.92
1906	946361	496.52
1907	935455	490.54
1908	959217	502.73
1909	933734	489.12
1910	933070	488.52
1911	934618	489.07
1912	915994	479.08
1913	842118	440.21
1914	835996	436.78
1915	834603	435.82
1916	837915	437.33
1917	844444	440.50
1918	840984	438.47
1919	841744	438.64
1920	846821	441.05
1921	876698	456.38
1922	947508	492.98
1923	847668	440.80
1924	847609	440.55
1925	920270	478.06
1926	983215	510.50
1927	951342	493.69
1928	878224	455.51
1929	861623	446.67
1930	863301	447.31
1931	853793	442.15
1932	876427	453.64
1933	951715	492.35
1934	858068	443.68
1935	854907	441.81
1936	854210	441.22
1937	854342	441.06
1938	858037	442.74
1939	862971	445.06
1940	863107	444.90
1941	886804	456.88
1942	975041	502.08
1943	985623	507.27
1944	966925	497.39
1945	944076	485.39
1946	876926	450.63
1947	946337	486.05
1948	1035779	531.71
1949	1027837	527.37
1950	945498	484.87
1951	868404	445.11
1952	871018	446.22
1953	872081	446.53
1954	872448	446.49
1955	873840	446.98
1956	873462	446.56
1957	874093	446.65
1958	871873	445.29
1959	882163	450.31
1960	877853	447.88
1961	877154	447.30
1962	877978	447.49
1963	877534	447.04
1964	877115	446.60
1965	881954	448.83
1966	879117	447.16
1967	879328	447.04
1968	881076	447.70
1969	880305	447.08
1970	883916	448.69
1971	883506	448.25
1972	888230	450.42
1973	890894	451.54
1974	888140	449.92
1975	899844	455.62
1976	894138	452.50
1977	891537	450.95
1978	890796	450.35
1979	895112	452.31
1980	894097	451.56
1981	897568	453.09
1982	894058	451.09
1983	893607	450.63
1984	899754	453.51
1985	897360	452.07
1986	899090	452.71
1987	898500	452.19
1988	903843	454.65
1989	900153	452.57
1990	898873	451.69
1991	899123	451.59
1992	900578	452.10
1993	975350	489.39
1994	1000644	501.83
1995	965590	484.01
1996	903254	452.53
1997	905651	453.51
1998	906507	453.71
1999	914016	457.24
2000	910629	455.31
2001	912847	456.20
2002	926785	462.93
2003	911662	455.15
2004	914149	456.16
2005	915329	456.52
2006	915438	456.35
2007	920089	458.44
2008	918538	457.44
2009	920851	458.36
2010	919933	457.68
2011	922517	458.74
2012	921203	457.85
2013	920974	457.51
2014	928652	461.10
2015	920882	457.01
2016	927562	460.10
2017	929303	460.74
2018	923768	457.76
2019	926985	459.13
2020	925983	458.41
2021	926354	458.36
2022	927570	458.74
2023	927687	458.57
2024	929205	459.09
2025	919205	453.93
2026	898386	443.43
2027	901335	444.66
2028	896073	441.85
2029	895573	441.39
2030	901632	444.15
2031	901869	444.05
2032	905294	445.52
2033	907185	446.23
2034	908845	446.83
2035	902798	443.64
2036	898752	441.43
2037	909539	446.51
2038	903418	443.29
2039	906930	444.79
2040	916027	449.03
2041	902709	442.29
2042	908711	445.01
2043	906466	443.69
2044	940471	460.11
2045	1025583	501.51
2046	1050027	513.21
2047	1085959	530.51
2048	970582	473.92
2049	959575	468.31
2050	960573	468.57
2051	960717	468.41
2052	961406	468.52
2053	957857	466.56
2054	957532	466.18
2055	961829	468.04
2056	966259	469.97
2057	958764	466.10
2058	959894	466.42
2059	961092	466.78
2060	964327	468.12
2061	970809	471.04
2062	953056	462.20
2063	943520	457.35
2064	940840	455.83
2065	944099	457.19
2066	955878	462.67
2067	1041924	504.08
2068	962579	465.46
2069	975133	471.31
2070	974412	470.73
2071	983650	474.96
2072	979227	472.60
2073	979513	472.51
2074	979896	472.47
2075	977951	471.30
2076	977413	470.82
2077	980270	471.96
2078	988391	475.65
2079	984468	473.53
2080	985750	473.92
2081	987328	474.45
2082	984960	473.08
2083	992616	476.53
2084	991640	475.83
2085	989254	474.46
2086	995715	477.33
2087	992715	475.67
2088	992034	475.11
2089	988998	473.43
2090	988323	472.88
2091	989071	473.01
2092	991441	473.92
2093	974458	465.58
2094	969103	462.80
2095	970406	463.20
2096	971212	463.36
2097	967978	461.60
2098	953947	454.69
2099	963275	458.92
2100	958699	456.52
2101	970293	461.82
2102	990732	471.33
2103	969880	461.19
2104	965944	459.10
2105	968859	460.27
2106	969676	460.43
2107	980121	465.17
2108	981762	465.73
2109	994122	471.37
2110	1031189	488.72
2111	1006784	476.92
2112	996813	471.98
2113	1228838	581.56
2114	1211682	573.17
2115	1156494	546.81
2116	1143599	540.45
2117	1134025	535.68
2118	1140929	538.68
2119	1072891	506.32
2120	1023233	482.66
2121	1024033	482.81
2122	1022846	482.02
2123	1023090	481.91
2124	1031504	485.64
2125	1030982	485.17
2126	1036103	487.35
2127	1031642	485.02
2128	1026323	482.29
2129	1026385	482.10
2130	1029058	483.13
2131	1028184	482.49
2132	1029688	482.97
2133	1032295	483.96
2134	1032388	483.78
2135	1029811	482.35
2136	1030754	482.56
2137	1033211	483.49
2138	1032235	482.80
2139	1033016	482.94
2140	985193	460.37
2141	987551	461.26
2142	988853	461.65
2143	991721	462.77
2144	994527	463.87
2145	988641	460.90
2146	1009453	470.39
2147	1030051	479.76
2148	1076610	501.22
2149	1051623	489.35
2150	1053672	490.08
2151	1052474	489.30
2152	1049273	487.58
2153	1050388	487.87
2154	1050504	487.70
2155	1054540	489.35
2156	1051984	487.93
2157	1052746	488.06
2158	1051457	487.24
2159	1052587	487.53
2160	1044682	483.65
2161	1027588	475.52
2162	1028884	475.89
2163	1031717	476.98
2164	1030859	476.37
2165	1023496	472.75
2166	1009412	466.03
2167	1016234	468.96
2168	1023799	472.23
2169	1021272	470.85
2170	1014308	467.42
2171	1012083	466.18
2172	1017539	468.48
2173	1021929	470.28
2174	1022706	470.43
2175	1015450	466.87
2176	1023670	470.44
2177	1020556	468.79
2178	1024370	470.33
2179	1022609	469.30
2180	1023031	469.28
2181	1023815	469.42
2182	1031154	472.57
2183	1022179	468.25
2184	1023399	468.59
2185	1035726	474.02
2186	1031224	471.74
2187	1034180	472.88
2188	1027921	469.80
2189	1044784	477.29
2190	1041311	475.48
2191	1031266	470.68
2192	1030887	470.30
2193	1040450	474.44
2194	1042995	475.39
2195	1038660	473.19
2196	1037663	472.52
2197	1040099	473.42
2198	1048823	477.17
2199	1041639	473.69
2200	1050846	477.66
2201	1088042	494.34
2202	1055534	479.35
2203	1042613	473.27
2204	1041684	472.63
2205	1049372	475.91
2206	1053603	477.61
2207	1053134	477.18
2208	1046603	474.00
2209	1051961	476.22
2210	1060413	479.82
2211	1067542	482.83
2212	1052498	475.81
2213	1049545	474.26
2214	1057476	477.63
2215	1054872	476.24
2216	1055358	476.24
2217	1053007	474.97
2218	1060697	478.22
2219	1065751	480.28
2220	1067685	480.94
2221	1057366	476.08
2222	1066646	480.04
2223	1073650	482.97
2224	1059930	476.59
2225	1063029	477.77
2226	1066589	479.15
2227	1072717	481.69
2228	1068461	479.56
2229	1067760	479.03
2230	1070318	479.96
2231	1090133	488.63
2232	1070749	479.73
2233	1068365	478.44
2234	1069623	478.79
2235	1076292	481.56
2236	1074483	480.54
2237	1075296	480.69
2238	1074188	479.98
2239	1082684	483.56
2240	1085283	484.50
2241	1079383	481.65
2242	1080477	481.93
2243	1084142	483.34
2244	1078683	480.70
2245	1084258	482.97
2246	1084684	482.94
2247	1085174	482.94
2248	1089538	484.67
2249	1083664	481.84
2250	1093866	486.16
2251	1094168	486.08
2252	1095555	486.48
2253	1088987	483.35
2254	1090074	483.62
2255	1092883	484.65
2256	1102186	488.56
2257	1098645	486.77
2258	1104717	489.25
2259	1105081	489.19
2260	1112168	492.11
2261	1099390	486.24
2262	1096413	484.71
2263	1113982	492.26
2264	1109736	490.17
2265	1117622	493.43
2266	1104316	487.34
2267	1108737	489.08
2268	1104075	486.81
2269	1117196	492.37
2270	1114320	490.89
2271	1112043	489.67
2272	1116099	491.24
2273	1122579	493.88
2274	1110643	488.41
2275	1115291	490.24
2276	1115590	490.15
2277	1130866	496.65
2278	1164631	511.25
2279	1325977	581.82
2280	1481798	649.91
2281	1482694	650.02
2282	1231266	539.56
2283	1121832	491.39
2284	1126283	493.12
2285	1149104	502.89
2286	1124424	491.87
2287	1125743	492.24
2288	1130535	494.11
2289	1133746	495.30
2290	1154690	504.23
2291	1128032	492.38
2292	1123704	490.27
2293	1153028	502.85
2294	1130851	492.96
2295	1130393	492.55
2296	1135334	494.48
2297	1132280	492.94
2298	1138767	495.55
2299	1135770	494.03
2300	1153106	501.35
2301	1161297	504.69
2302	1152487	500.65
2303	1144448	496.94
2304	1147720	498.14
2305	1140845	494.94
2306	1142787	495.57
2307	1146391	496.92
2308	1155832	500.79
2309	1152469	499.12
2310	1157836	501.23
2311	1164482	503.89
2312	1150717	497.71
2313	1155000	499.35
2314	1153002	498.27
2315	1150050	496.78
2316	1153157	497.91
2317	1159500	500.43
2318	1161668	501.15
2319	1155687	498.36
2320	1172414	505.35
2321	1156533	498.29
2322	1166568	502.40
2323	1157686	498.36
2324	1169277	503.13
2325	1159017	498.50
2326	1179112	506.93
2327	1432324	615.52
2328	1165842	500.79
2329	1169266	502.05
2330	1178556	505.82
2331	1424935	611.30
2332	1242474	532.79
2333	1193129	511.41
2334	1192057	510.74
2335	1224232	524.30
2336	1178062	504.31
2337	1230298	526.44
2338	1203301	514.67
2339	1199137	512.67
2340	1200776	513.15
2341	1186563	506.86
2342	1181096	504.31
2343	1192382	508.91
2344	1182406	504.44
2345	1195388	509.76
2346	1183491	504.47
2347	1199517	511.09
2348	1184164	504.33
2349	1185434	504.65
2350	1187442	505.29
2351	1199945	510.40
2352	1186458	504.45
2353	1196069	508.32
2354	1198301	509.05
2355	1192298	506.28
2356	1191168	505.59
2357	1187335	503.75
2358	1203678	510.47
2359	1194512	506.36
2360	1196954	507.18
2361	1193380	505.46
2362	1230190	520.83
2363	1206251	510.47
2364	1207713	510.88
2365	1200062	507.43
2366	1204480	509.08
2367	1214582	513.13
2368	1199513	506.55
2369	1202574	507.63
2370	1210706	510.85
2371	1222381	515.56
2372	1217044	513.09
2373	1225427	516.40
2374	1216225	512.31
2375	1212789	510.65
2376	1207643	508.27
2377	1230608	517.71
2378	1243448	522.90
2379	1222428	513.84
2380	1226194	515.21
2381	1245177	522.96
2382	1245759	522.99
2383	1247233	523.39
2384	1239249	519.82
2385	1229475	515.50
2386	1221135	511.79
2387	1251137	524.15
2388	1224701	512.86
2389	1231295	515.40
2390	1230509	514.86
2391	1229673	514.29
2392	1238189	517.64
2393	1224347	511.64
2394	1230443	513.97
2395	1241966	518.57
2396	1254783	523.70
2397	1280590	534.25
2398	1287541	536.92
2399	1290952	538.12
2400	1368755	570.31
2401	1365861	568.87
2402	1304795	543.21
2403	1345402	559.88
2404	1345817	559.82
2405	1407969	585.43
2406	1366662	568.02
2407	1369081	568.79
2408	1380331	573.23
2409	1337201	555.09
2410	1316566	546.29
2411	1397489	579.63
2412	1439494	596.81
2413	1384171	573.63
2414	1483002	614.33
2415	1440388	596.43
2416	1385752	573.57
2417	1333572	551.75
2418	1322729	547.03
2419	1319854	545.62
2420	1325511	547.73
2421	1329159	549.01
2422	1326777	547.80
2423	1323563	546.25
2424	1326403	547.20
2425	1323589	545.81
2426	1329561	548.05
2427	1331500	548.62
2428	1333077	549.04
2429	1335797	549.94
2430	1362429	560.67
2431	1349735	555.22
2432	1333986	548.51
2433	1337831	549.87
2434	1342858	551.71
2435	1336573	548.90
2436	1332890	547.16
2437	1335202	547.89
2438	1345480	551.88
2439	1364484	559.44
2440	1522894	624.14
2441	1513313	619.96
2442	1351238	553.33
2443	1354577	554.47
2444	1542270	631.04
2445	1586456	648.86
2446	1430671	584.90
2447	1344615	549.50
2448	1349985	551.46
2449	1349360	550.98
2450	1356113	553.52
2451	1371498	559.57
2452	1472158	600.39
2453	1452611	592.18
2454	1367635	557.31
2455	1362347	554.93
2456	1360436	553.92
2457	1368816	557.11
2458	1363224	554.61
2459	1377057	560.01
2460	1363114	554.11
2461	1607744	653.29
2462	1564938	635.64
2463	1370296	556.35
2464	1365330	554.11
2465	1365165	553.82
2466	1368652	555.01
2467	1364653	553.16
2468	1365254	553.18
2469	1366423	553.43
2470	1367351	553.58
2471	1326868	536.98
2472	1323789	535.51
2473	1317672	532.82
2474	1316317	532.06
2475	1348916	545.02
2476	1314575	530.93
2477	1362344	550.00
2478	1342040	541.58
2479	1354034	546.20
2480	1345167	542.41
2481	1328394	535.43
2482	1313708	529.29
2483	1326567	534.26
2484	1327205	534.30
2485	1347628	542.31
2486	1334201	536.69
2487	1326102	533.21
2488	1324329	532.29
2489	1341731	539.06
2490	1336786	536.86
2491	1324033	531.53
2492	1329125	533.36
2493	1334219	535.19
2494	1366039	547.73
2495	1333802	534.59
2496	1411109	565.35
2497	1426820	571.41
2498	1383712	553.93
2499	1437552	575.25
2500	1408070	563.23
2501	1409528	563.59
2502	1405652	561.81
2503	1405491	561.52
2504	1406588	561.74
2505	1411573	563.50
2506	1412666	563.71
2507	1409782	562.34
2508	1411713	562.88
2509	1414761	563.87
2510	1414850	563.69
2511	1415710	563.80
2512	1420202	565.37
2513	1416065	563.50
2514	1416921	563.61
2515	1423790	566.12
2516	1423617	565.83
2517	1428383	567.49
2518	1424391	565.68
2519	1445007	573.64
2520	1435371	569.59
2521	1435405	569.38
2522	1436166	569.46
2523	1435763	569.07
2524	1433771	568.06
2525	1433513	567.73
2526	1434025	567.71
2527	1436847	568.60
2528	1448835	573.12
2529	1600268	632.77
2530	1683065	665.24
2531	1482391	585.69
2532	1449422	572.44
2533	1440524	568.70
2534	1443562	569.68
2535	1444328	569.75
2536	1442738	568.90
2537	1440708	567.88
2538	1444972	569.33
2539	1458191	574.32
2540	1447793	570.00
2541	1446305	569.19
2542	1460481	574.54
2543	1456786	572.86
2544	1457771	573.02
2545	1450463	569.93
2546	1452084	570.34
2547	1452668	570.34
2548	1418883	556.86
2549	1398790	548.76
2550	1394994	547.06
2551	1400341	548.94
2552	1402824	549.70
2553	1394598	546.26
2554	1415920	554.39
2555	1440070	563.63
2556	1420250	555.65
2557	1490428	582.88
2558	1487746	581.61
2559	1564394	611.33
2560	1497951	585.14
2561	1479513	577.71
2562	1480192	577.75
2563	1477616	576.52
2564	1575615	614.51
2565	1605943	626.10
2566	1475750	575.12
2567	1476156	575.05
2568	1482348	577.24
2569	1477904	575.28
2570	1482626	576.90
2571	1483255	576.92
2572	1493873	580.82
2573	1454754	565.39
2574	1482370	575.90
2575	1484329	576.44
2576	1488151	577.70
2577	1489534	578.01
2578	1491948	578.72
2579	1489692	577.62
2580	1494552	579.28
2581	1497268	580.11
2582	1496365	579.54
2583	1498262	580.05
2584	1500987	580.88
2585	1494875	578.29
2586	1497058	578.91
2587	1497605	578.90
2588	1498608	579.06
2589	1467283	566.74
2590	1434305	553.79
2591	1449206	559.32
2592	1441818	556.26
2593	1444622	557.12
2594	1443260	556.38
2595	1447232	557.70
2596	1447147	557.45
2597	1442789	555.56
2598	1466213	564.36
2599	1444809	555.91
2600	1447905	556.89
2601	1482038	569.80
2602	1450585	557.49
2603	1457916	560.09
2604	1471662	565.15
2605	1461864	561.18
2606	1464241	561.87
2607	1453648	557.59
2608	1451200	556.44
2609	1455549	557.90
2610	1467367	562.21
2611	1455487	557.44
2612	1464826	560.81
2613	1479215	566.10
2614	1489787	569.93
2615	1578093	603.48
2616	1585129	605.94
2617	1551828	592.98
2618	1545749	590.43
2619	1539402	587.78
2620	1541023	588.18
2621	1539463	587.36
2622	1548088	590.42
2623	1552381	591.83
2624	1550419	590.86
2625	1546523	589.15
2626	1545378	588.49
2627	1547568	589.10
2628	1560110	593.65
2629	1550823	589.89
2630	1552464	590.29
2631	1556039	591.42
2632	1550214	588.99
2633	1549781	588.60
2634	1552232	589.31
2635	1542187	585.27
2636	1479185	561.15
2637	1482263	562.10
2638	1489168	564.51
2639	1486078	563.12
2640	1493494	565.72
2641	1510497	571.94
2642	1510642	571.78
2643	1491382	564.28
2644	1573270	595.03
2645	1644015	621.56
2646	1638129	619.10
2647	1606949	607.08
2648	1684138	636.00
2649	1575749	594.85
2650	1583368	597.50
2651	1580791	596.30
2652	1841637	694.43
2653	1646877	620.76
2654	1585886	597.55
2655	1582986	596.23
2656	1582528	595.83
2657	1589939	598.40
2658	1585975	596.68
2659	1586504	596.65
2660	1590562	597.96
2661	1585992	596.01
2662	1590906	597.64
2663	1594768	598.86
2664	1593298	598.08
2665	1592782	597.67
2666	1607485	602.96
2667	1785887	669.62
2668	1682915	630.78
2669	1593795	597.15
2670	1597194	598.20
2671	1600183	599.10
2672	1603247	600.02
2673	1602004	599.33
2674	1601710	598.99
2675	1603477	599.43
2676	1609074	601.30
2677	1601123	598.10
2678	1601071	597.86
2679	1592607	594.48
2680	1563327	583.33
2681	1565463	583.91
2682	1563543	582.98
2683	1534354	571.88
2684	1533890	571.49
2685	1540891	573.89
2686	1542106	574.13
2687	1536334	571.77
2688	1547413	575.67
2689	1539048	572.35
2690	1546803	575.02
2691	1627088	604.64
2692	1598199	593.68
2693	1602576	595.09
2694	1602573	594.87
2695	1694477	628.75
2696	1651800	612.69
2697	1929989	715.61
2698	1963002	727.58
2699	1787462	662.27
2700	1837929	680.71
2701	1879528	695.86
2702	1878852	695.36
2703	1866947	690.69
2704	1834923	678.60
2705	1786115	660.30
2706	2036546	752.60
2707	1863935	688.56
2708	1872118	691.33
2709	1856337	685.25
2710	1751870	646.45
2711	1873321	691.01
2712	1866994	688.42
2713	1940548	715.28
2714	1946269	717.12
2715	1900345	699.94
2716	1893267	697.08
2717	1877584	691.05
2718	1716039	631.36
2719	1725765	634.71
2720	1659863	610.24
2721	1659516	609.89
2722	1659497	609.66
2723	1657865	608.84
2724	1660768	609.68
2725	1646184	604.10
2726	1658049	608.24
2727	1848429	677.83
2728	1754635	643.19
2729	1618731	593.16
2730	1596720	584.88
2731	1606822	588.36
2732	1610326	589.43
2733	1738530	636.13
2734	1691280	618.61
2735	1690793	618.21
2736	1675257	612.30
2737	1673880	611.57
2738	1677376	612.63
2739	1676452	612.07
2740	1675087	611.35
2741	1676129	611.50
2742	1669957	609.03
2743	1601654	583.91
2744	1606138	585.33
2745	1639263	597.18
2746	1636601	595.99
2747	1619472	589.54
2748	1631558	593.73
2749	1623373	590.53
2750	1614474	587.08
2751	1614699	586.95
2752	1614594	586.70
2753	1625976	590.62
2754	1616906	587.11
2755	1622601	588.97
2756	1627444	590.51
2757	1618723	587.13
2758	1638013	593.91
2759	1651148	598.46
2760	1622974	588.03
2761	1631614	590.95
2762	1624319	588.10
2763	1625127	588.17
2764	1633465	590.98
2765	1638461	592.57
2766	1629301	589.05
2767	1631575	589.65
2768	1630172	588.93
2769	1638454	591.71
2770	1638158	591.39
2771	1633416	589.47
2772	1655040	597.06
2773	1654520	596.65
2774	1636470	589.93
2775	1644896	592.76
2776	1645333	592.70
2777	1648155	593.50
2778	1646090	592.54
2779	1669565	600.78
2780	1660505	597.30
2781	1654769	595.03
2782	1652684	594.06
2783	1649493	592.70
2784	1663175	597.40
2785	1664065	597.51
2786	1667441	598.51
2787	1654804	593.76
2788	1662007	596.13
2789	1653698	592.94
2790	1684519	603.77
2791	1726342	618.54
2792	1682029	602.45
2793	1695523	607.06
2794	1696960	607.36
2795	1699896	608.19
2796	1677052	599.80
2797	1668989	596.71
2798	1676627	599.22
2799	1689168	603.49
2800	1691728	604.19
2801	1726450	616.37
2802	1709009	609.92
2803	1707264	609.08
2804	1711053	610.22
2805	1712827	610.63
2806	1683050	599.80
2807	1677311	597.55
2808	1690091	601.88
2809	1686752	600.48
2810	1683163	598.99
2811	1695950	603.33
2812	1687662	600.16
2813	1697428	603.42
2814	1689172	600.27
2815	1692912	601.39
2816	1685773	598.64
2817	1703450	604.70
2818	1693675	601.02
2819	1695952	601.61
2820	1700848	603.14
2821	1700958	602.96
2822	1695186	600.70
2823	1709946	605.72
2824	1710343	605.65
2825	1718195	608.21
2826	1714421	606.66
2827	1699001	600.99
2828	1715264	606.53
2829	1703089	602.01
2830	1846290	652.40
2831	1956242	691.01
2832	1787110	631.04
2833	1787071	630.81
2834	1745045	615.75
2835	1745778	615.79
2836	1742990	614.59
2837	1714154	604.21
2838	1725481	607.99
2839	1716644	604.67
2840	1719970	605.62
2841	1726854	607.83
2842	1719593	605.06
2843	1729199	608.23
2844	1723144	605.89
2845	1745885	613.67
2846	1733700	609.17
2847	1718509	603.62
2848	1730422	607.59
2849	1745790	612.77
2850	1743544	611.77
2851	1740371	610.44
2852	1728583	606.10
2853	1736883	608.79
2854	1732006	606.87
2855	1728549	605.45
2856	1773878	621.11
2857	1737974	608.32
2858	1748762	611.88
2859	1739252	608.34
2860	1763184	616.50
2861	1763659	616.45
2862	1746101	610.10
2863	1737393	606.84
2864	1751795	611.66
2865	1738238	606.71
2866	1749302	610.36
2867	1750726	610.65
2868	1743396	607.88
2869	1754651	611.59
2870	1749042	609.42
2871	1749816	609.48
2872	1749900	609.30
2873	1753419	610.31
2874	1788730	622.38
2875	1768305	615.06
2876	1802052	626.58
2877	1757046	610.72
2878	1759032	611.20
2879	1788866	621.35
2880	1766716	613.44
2881	1800506	624.96
2882	1767942	613.44
2883	1777775	616.64
2884	1772471	614.59
2885	1770451	613.67
2886	1798049	623.02
2887	1772764	614.05
2888	1771121	613.27
2889	1770801	612.95
2890	1771386	612.94
2891	1785893	617.74
2892	1778668	615.03
2893	1778789	614.86
2894	1779932	615.04
2895	1782211	615.62
2896	1785069	616.39
2897	1779676	614.32
2898	1792596	618.56
2899	1786230	616.15
2900	1845050	636.22
2901	1808923	623.55
2902	1785537	615.28
2903	1787303	615.67
2904	1799323	619.60
2905	1811797	623.68
2906	1807019	621.82
2907	1800138	619.24
2908	1810321	622.53
2909	1807250	621.26
2910	1811813	622.62
2911	1818963	624.86
2912	1807452	620.69
2913	1797733	617.14
2914	1801019	618.06
2915	1799632	617.37
2916	1827298	626.65
2917	1807445	619.62
2918	1805506	618.75
2919	1816523	622.31
2920	1810911	620.17
2921	1812584	620.54
2922	1822841	623.83
2923	1809626	619.10
2924	1831388	626.33
2925	1821157	622.62
2926	1871780	639.71
2927	1844797	630.27
2928	1860592	635.45
2929	1912747	653.04
2930	1823314	622.29
2931	1835681	626.30
2932	1834217	625.59
2933	2164280	737.91
2934	2054665	700.29
2935	1915808	652.75
2936	1865228	635.30
2937	1827024	622.07
2938	1833993	624.23
2939	1831137	623.05
2940	1842947	626.85
2941	1838838	625.24
2942	1836643	624.28
2943	1845612	627.12
2944	1838002	624.32
2945	1848751	627.76
2946	1885303	639.95
2947	1886527	640.15
2948	2134452	724.03
2949	2016154	683.67
2950	1889460	640.49
2951	1889905	640.43
2952	1910160	647.07
2953	1892075	640.73
2954	1901837	643.82
2955	1856975	628.42
2956	1857514	628.39
2957	1890861	639.45
2958	1862892	629.78
2959	1866238	630.70
2960	1857064	627.39
2961	1860643	628.38
2962	1896224	640.18
2963	2047064	690.88
2964	1909172	644.12
2965	1907797	643.44
2966	1886384	636.00
2967	1862759	627.83
2968	2024342	682.06
2969	1910431	643.46
2970	1929270	649.59
2971	1938850	652.59
2972	1941107	653.13
2973	1943787	653.81
2974	2040499	686.11
2975	2015931	677.62
2976	1986606	667.54
2977	2026374	680.68
2978	2004894	673.24
2979	1983146	665.71
2980	1980386	664.56
2981	1980723	664.45
2982	1978587	663.51
2983	1978634	663.30
2984	1948445	652.96
2985	1934206	647.98
2986	1917013	642.00
2987	1893572	633.94
2988	1894981	634.20
2989	1902734	636.58
2990	2083346	696.77
2991	2017136	674.40
2992	2001105	668.82
2993	1996442	667.04
2994	1996608	666.87
2995	2001354	668.23
2996	1996027	666.23
2997	1966321	656.10
2998	1948530	649.94
2999	1940904	647.18
3000	1927869	642.62
3001	1950604	649.98
3002	1974003	657.56
3003	1990889	662.97
3004	1993070	663.47
3005	1979252	658.65
3006	2013901	669.96
3007	2175871	723.60
3008	2262702	752.23
3009	2266891	753.37
3010	2128674	707.20
3011	2108592	700.30
3012	2077296	689.67
3013	2025868	672.38
3014	2024563	671.72
3015	2021620	670.52
3016	2000371	663.25
3017	1980406	656.42
3018	1980363	656.18
3019	1932853	640.23
3020	2034499	673.68
3021	1977501	654.58
3022	1979517	655.04
3023	2056214	680.19
3024	2069459	684.34
3025	2060842	681.27
3026	2040103	674.19
3027	2044304	675.36
3028	2043553	674.89
3029	2016320	665.67
3030	1988871	656.39
3031	1981989	653.91
3032	1945658	641.71
3033	2053586	677.08
3034	2011186	662.88
3035	2000887	659.27
3036	1996079	657.47
3037	1996727	657.47
3038	1996348	657.13
3039	1959083	644.65
3040	1965318	646.49
3041	1966107	646.53
3042	1986626	653.07
3043	1965611	645.95
3044	1974316	648.59
3045	1986676	652.44
3046	1973176	647.79
3047	1971950	647.18
3048	1976114	648.33
3049	1984672	650.93
3050	1975198	647.61
3051	1992312	653.00
3052	1973283	646.55
3053	1979647	648.43
3054	1973808	646.30
3055	1980682	648.34
3056	1987564	650.38
3057	1990798	651.23
3058	1988198	650.16
3059	1997029	652.84
3060	1987990	649.67
3061	1980344	646.96
3062	1992340	650.67
3063	1995237	651.40
3064	1993533	650.63
3065	1989260	649.02
3066	2281191	744.03
3067	2008542	654.89
3068	1990518	648.80
3069	1996396	650.50
3070	1991089	648.56
3071	1998245	650.68
3072	1997377	650.19
3073	2010646	654.29
3074	2011542	654.37
3075	2012605	654.51
3076	2005305	651.92
3077	2021561	656.99
3078	2006131	651.76
3079	2024677	657.58
3080	2021456	656.32
3081	2015722	654.24
3082	2014902	653.76
3083	2023621	656.38
3084	2050554	664.90
3085	2014798	653.09
3086	2025005	656.19
3087	2016448	653.21
3088	2039076	660.32
3089	2035973	659.10
3090	2034333	658.36
3091	2028812	656.36
3092	2032849	657.45
3093	2038169	658.96
3094	2084716	673.79
3095	2586338	835.65
3096	2584464	834.78
3097	2141885	691.60
3098	2144152	692.11
3099	2236663	721.74
3100	2377774	767.02
3101	2165150	698.21
3102	2161538	696.82
3103	2188079	705.15
3104	2146213	691.43
3105	2149226	692.18
3106	2143708	690.18
3107	2145987	690.69
3108	2117274	681.23
3109	2097903	674.78
3110	2091237	672.42
3111	2052197	659.66
3112	2048459	658.25
3113	2064139	663.07
3114	2051482	658.79
3115	2138180	686.41
3116	2193074	703.81
3117	2170084	696.21
3118	2174803	697.50
3119	2169872	695.69
3120	2168901	695.16
3121	2161446	692.55
3122	2146434	687.52
3123	2066792	661.80
3124	2085273	667.50
3125	2077299	664.74
3126	2082138	666.07
3127	2074897	663.54
3128	2086859	667.15
3129	2087029	667.00
3130	2150689	687.12
3131	2231878	712.83
3132	2299302	734.13
3133	2352903	751.01
3134	2274137	725.63
3135	2280830	727.54
3136	2200148	701.58
3137	2199158	701.04
3138	2200220	701.15
3139	2191909	698.28
3140	2193048	698.42
3141	2192063	697.89
3142	2184484	695.25
3143	2143447	681.97
3144	2149692	683.74
3145	2095759	666.38
3146	2107659	669.95
3147	2096209	666.10
3148	2233567	709.52
3149	2303407	731.47
3150	2288387	726.47
3151	2283090	724.56
3152	2242092	711.32
3153	2220768	704.33
3154	2209060	700.40
3155	2216888	702.66
3156	2198575	696.63
3157	2165126	685.82
3158	2173733	688.33
3159	2164865	685.30
3160	2189513	692.88
3161	2213637	700.30
3162	2201660	696.29
3163	2190114	692.42
3164	2235533	706.55
3165	2229494	704.42
3166	2232502	705.15
3167	2227864	703.46
3168	2238299	706.53
3169	2227827	703.01
3170	2200945	694.30
3171	2180530	687.65
3172	2154339	679.17
3173	2138640	674.01
3174	2131306	671.49
3175	2373461	747.55
3176	2137691	673.08
3177	2147603	675.98
3178	2158299	679.14
3179	2147820	675.63
3180	2164300	680.60
3181	2144470	674.15
3182	2147692	674.95
3183	2154970	677.02
3184	2170810	681.79
3185	2155796	676.86
3186	2156109	676.74
3187	2164690	679.22
3188	2167603	679.93
3189	2158967	677.00
3190	2174075	681.53
3191	2152128	674.44
3192	2153888	674.78
3193	2161022	676.80
3194	2165763	678.07
3195	2167006	678.25
3196	2173715	680.14
3197	2162406	676.39
3198	2195138	686.41
3199	2178907	681.12
3200	2230783	697.12
3201	2191982	684.78
3202	2189637	683.83
3203	2217391	692.29
3204	2200065	686.66
3205	2178011	679.57
3206	2180668	680.18
3207	2181989	680.38
3208	2200356	685.90
3209	2178741	678.95
3210	2186841	681.26
3211	2177895	678.26
3212	2185316	680.36
3213	2179838	678.44
3214	2186527	680.31
3215	2183775	679.25
3216	2197654	683.35
3217	2193689	681.91
3218	2202620	684.47
3219	2183011	678.16
3220	2199618	683.11
3221	2205712	684.79
3222	2197195	681.94
3223	2209100	685.42
3224	2212450	686.24
3225	2198840	681.81
3226	2206219	683.89
3227	2206125	683.65
3228	2240315	694.03
3229	2208294	683.89
3230	2207641	683.48
3231	2200626	681.10
3232	2202258	681.39
3233	2206137	682.38
3234	2209923	683.34
3235	2215501	684.85
3236	2225243	687.65
3237	2290348	707.55
3238	2465167	761.32
3239	2843657	877.94
3240	2765800	853.64
3241	2636094	813.36
3242	2609951	805.04
3243	2369113	730.53
3244	2337218	720.47
3245	2285438	704.30
3246	2282639	703.22
3247	2270256	699.19
3248	2229877	686.54
3249	2230459	686.51
3250	2228973	685.84
3251	2233030	686.87
3252	2335888	718.29
3253	2435470	748.68
3254	2422164	744.37
3255	2464154	757.04
3256	2713014	833.24
3257	2731179	838.56
3258	2691942	826.26
3259	2752835	844.69
3260	2396812	735.22
3261	2383996	731.06
3262	2389111	732.41
3263	2758019	845.24
3264	2517949	771.43
3265	2405319	736.70
3266	2408581	737.47
3267	2551878	781.11
3268	2723998	833.54
3269	2819238	862.42
3270	3187948	974.91
3271	3084133	942.87
3272	2586995	790.65
3273	2418831	739.03
3274	2432547	742.99
3275	2408182	735.32
3276	2406913	734.71
3277	2393911	730.52
3278	2415807	736.98
3279	2390708	729.10
3280	2399548	731.57
3281	2412205	735.20
3282	2411559	734.78
3283	2404389	732.38
3284	2419610	736.79
3285	2412200	734.31
3286	2408924	733.09
3287	2424829	737.70
3288	2415184	734.55
3289	2461068	748.27
3290	2648414	804.99
3291	2692498	818.14
3292	2654326	806.30
3293	2727886	828.39
3294	2575120	781.76
3295	2428089	736.90
3296	2416255	733.09
3297	2417500	733.24
3298	2444515	741.21
3299	2423965	734.76
3300	2424318	734.64
3301	2364470	716.29
3302	2368151	717.19
3303	2418675	732.27
3304	2518409	762.23
3305	2550775	771.79
3306	2555805	773.08
3307	2614596	790.62
3308	2741927	828.88
3309	2593234	783.69
3310	2437529	736.41
3311	2437027	736.04
3312	2435000	735.21
3313	2398447	723.95
3314	2378686	717.77
3315	2344019	707.09
3316	2333021	703.56
3317	2351096	708.80
3318	2463180	742.37
3319	2540375	765.40
3320	2459803	740.90
3321	2455321	739.33
3322	2456797	739.55
3323	2447879	736.65
3324	2392769	719.85
3325	2396633	720.79
3326	2365571	711.24
3327	2360201	709.41
3328	2375074	713.66
3329	2349686	705.82
3330	2366740	710.73
3331	2358266	707.98
3332	2361727	708.80
3333	2374583	712.45
3334	2358354	707.36
3335	2393368	717.65
3336	2357244	706.61
3337	2368239	709.69
3338	2366877	709.07
3339	2695716	807.34
3340	2445659	732.23
3341	2472395	740.02
3342	2392241	715.81
3343	2380618	712.12
3344	2436298	728.56
3345	2384526	712.86
3346	2423118	724.18
3347	2420424	723.16
3348	2395072	715.37
3349	2372779	708.50
3350	2569254	766.94
3351	2488781	742.70
3352	2488065	742.26
3353	2413241	719.73
3354	2392669	713.38
3355	2403091	716.27
3356	2391395	712.57
3357	2414988	719.39
3358	2395980	713.51
3359	2399749	714.42
3360	2409762	717.19
3361	2395935	712.86
3362	2435670	724.47
3363	2548444	757.79
3364	2581309	767.33
3365	2568355	763.26
3366	2539573	754.48
3367	2536358	753.30
3368	2533790	752.31
3369	2603279	772.72
3370	2535870	752.48
3371	2519308	747.35
3372	2488050	737.86
3373	2477308	734.45
3374	2581642	765.16
3375	2475627	733.52
3376	2760589	817.71
3377	2501101	740.63
3378	2700926	799.56
3379	2583315	764.52
3380	2585972	765.08
3381	2541657	751.75
3382	2535717	749.77
3383	2543006	751.70
3384	2503146	739.70
3385	2478824	732.30
3386	2491067	735.70
3387	2489972	735.16
3388	2432237	717.90
3389	2457192	725.05
3390	2438572	719.34
3391	2445728	721.24
3392	2458467	724.78
3393	2444207	720.37
3394	2442793	719.74
3395	2467164	726.71
3396	2466087	726.17
3397	2457883	723.55
3398	2452698	721.81
3399	2457744	723.08
3400	2484405	730.71
3401	2467369	725.48
3402	2516898	739.83
3403	2497648	733.95
3404	2467746	724.95
3405	2474219	726.64
3406	2463925	723.41
3407	2461190	722.39
3408	2474095	725.97
3409	2480289	727.57
3410	2465680	723.07
3411	2476304	725.98
3412	2473087	724.82
3413	2471882	724.25
3414	2495259	730.89
3415	2483074	727.11
3416	2482217	726.64
3417	2480322	725.88
3418	2506467	733.31
3419	2469909	722.41
3420	2485473	726.75
3421	2495474	729.46
3422	2488960	727.34
3423	2502270	731.02
3424	2485087	725.78
3425	2498923	729.61
3426	2494092	727.99
3427	2494024	727.76
3428	2489324	726.17
3429	2498018	728.50
3430	2497606	728.17
3431	2515768	733.25
3432	2504908	729.87
3433	2500032	728.24
3434	2519904	733.81
3435	2499145	727.55
3436	2525287	734.95
3437	2507184	729.47
3438	2504271	728.41
3439	2507476	729.13
3440	2518781	732.20
3441	2507406	728.69
3442	2504473	727.62
3443	2515985	730.75
3444	2520819	731.95
3445	2522233	732.14
3446	2521211	731.63
3447	2531037	734.27
3448	2522359	731.54
3449	2522989	731.51
3450	2528732	732.97
3451	2545360	737.57
3452	2527962	732.32
3453	2531411	733.10
3454	2535071	733.95
3455	2532296	732.94
3456	2550556	738.01
3457	2537330	733.97
3458	2550364	737.53
3459	2536785	733.39
3460	2535960	732.94
3461	2549404	736.61
3462	2539678	733.59
3463	2539157	733.22
3464	2554726	737.51
3465	2549978	735.92
3466	2566049	740.35
3467	2548627	735.11
3468	2566749	740.12
3469	2608229	751.87
3470	2598238	748.77
3471	2568037	739.86
3472	2542337	732.24
3473	2556950	736.24
3474	2538934	730.84
3475	2558613	736.29
3476	2544697	732.08
3477	2556879	735.37
3478	2555696	734.82
3479	2552963	733.82
3480	2557774	734.99
3481	2560597	735.59
3482	2564311	736.45
3483	2564019	736.15
3484	2564825	736.17
3485	2570791	737.67
3486	2641733	757.81
3487	2653757	761.04
3488	2773524	795.16
3489	2768282	793.43
3490	2805879	803.98
3491	2866727	821.18
3492	2786016	797.83
3493	2699410	772.81
3494	2710485	775.75
3495	2709384	775.22
3496	2703111	773.20
3497	2670548	763.67
3498	2676731	765.22
3499	2685770	767.58
3500	2683496	766.71
3501	2671054	762.94
3502	2669788	762.36
3503	2675006	763.63
3504	2725359	777.79
3505	2760254	787.52
3506	2721398	776.21
3507	2728257	777.95
3508	2724481	776.65
3509	2723509	776.15
3510	2712934	772.92
3511	2660558	757.78
3512	2633252	749.79
3513	2610095	742.98
3514	2617520	744.88
3515	2637229	750.28
3516	2793252	794.44
3517	2754947	783.32
3518	2742168	779.47
3519	2742329	779.29
3520	2711658	770.36
3521	2671335	758.69
3522	2626099	745.63
3523	2626978	745.67
3524	2627031	745.47
3525	2629055	745.83
3526	2702595	766.48
3527	2673375	757.97
3528	2676447	758.63
3529	2619070	742.16
3530	2629408	744.87
3531	2626418	743.82
3532	2710965	767.54
3533	2720029	769.89
3534	2763932	782.10
3535	2723024	770.30
3536	2712406	767.08
3537	2712846	766.99
3538	2905732	821.29
3539	2855411	806.84
3540	2768668	782.11
3541	2823214	797.29
3542	2662546	751.71
3543	2657369	750.03
3544	2646768	746.83
3545	2664852	751.72
3546	2654331	748.54
3547	2648552	746.70
3548	2694223	759.36
3549	2675570	753.89
3550	2669162	751.88
3551	2695337	759.04
3552	2651837	746.58
3553	2657397	747.93
3554	2721300	765.70
3555	3213376	903.90
3556	2720174	764.95
3557	2701587	759.51
3558	2676544	752.26
3559	2667569	749.53
3560	2669549	749.87
3561	2683113	753.47
3562	2674720	750.90
3563	2702248	758.42
3564	2708925	760.08
3565	2701325	757.73
3566	2703740	758.20
3567	2707144	758.94
3568	2694572	755.21
3569	2713173	760.21
3570	2716881	761.03
3571	2706788	757.99
3572	2734905	765.65
3573	2726046	762.96
3574	2753044	770.30
3575	2721231	761.18
3576	2697721	754.40
3577	2699654	754.73
3578	2708685	757.04
3579	2700121	754.43
3580	2725533	761.32
3581	2704316	755.18
3582	2706862	755.68
3583	2711153	756.67
3584	2728261	761.23
3585	2700811	753.36
3586	2752677	767.62
3587	2732780	761.86
3588	2739939	763.64
3589	2712143	755.68
3590	2730780	760.66
3591	2718459	757.02
3592	3007296	837.22
3593	2732116	760.40
3594	2732300	760.24
3595	2719167	756.37
3596	2743777	763.01
3597	2727505	758.27
3598	2729733	758.68
3599	2729148	758.31
3600	2777162	771.43
3601	2765554	768.00
3602	2758066	765.70
3603	2733032	758.54
3604	2749468	762.89
3605	2742883	760.86
3606	2746107	761.54
3607	2821855	782.33
3608	2968619	822.79
3609	2899508	803.41
3610	2895476	802.07
3611	2901824	803.61
3612	2916341	807.40
3613	2891186	800.22
3614	2875820	795.74
3615	2842040	786.18
3616	2841279	785.75
3617	2836172	784.12
3618	3135157	866.54
3619	2982423	824.10
3620	2898799	800.77
3621	2906332	802.63
3622	2912390	804.08
3623	3209475	885.86
3624	3810592	1051.49
3625	3187413	879.29
3626	2905558	801.31
3627	2913280	803.22
3628	2877383	793.10
3629	2863823	789.15
3630	2839988	782.37
3631	2778810	765.30
3632	2811439	774.07
3633	2963864	815.82
3634	2924844	804.86
3635	2921696	803.77
3636	3157251	868.33
3637	2921511	803.27
3638	2832032	778.46
3639	2797276	768.69
3640	2798520	768.82
3641	2900919	796.74
3642	2937675	806.61
3643	2951295	810.13
3644	2961567	812.72
3645	2949130	809.09
3646	2943871	807.42
3647	2937821	805.54
3648	2937383	805.20
3649	2877144	788.47
3650	3104637	850.59
3651	2899357	794.13
3652	3052797	835.92
3653	3098364	848.17
3654	3271689	895.37
3655	3062923	838.01
3656	2961634	810.07
3657	2957364	808.69
3658	2953852	807.50
3659	2897252	791.82
3660	2868464	783.73
3661	2823024	771.11
3662	2906831	793.78
3663	3043706	830.93
3664	3007386	820.79
3665	2997670	817.92
3666	3037621	828.59
3667	2984045	813.76
3668	2973806	810.74
3669	2974554	810.73
3670	2963826	807.58
3671	2902585	790.68
3672	2860965	779.13
3673	2836911	772.37
3674	2947632	802.30
3675	3090505	840.95
3676	3017796	820.95
3677	3134559	852.48
3678	3248361	883.19
3679	2993561	813.69
3680	2987214	811.74
3681	2930647	796.16
3682	2924994	794.40
3683	3000093	814.58
3684	2946266	799.75
3685	2970867	806.21
3686	3144864	853.19
3687	3162884	857.85
3688	3437455	932.06
3689	3104463	841.55
3690	3005904	814.61
3691	3008943	815.21
3692	2970385	804.55
3693	2936191	795.07
3694	2890676	782.53
3695	2882866	780.21
3696	2984067	807.38
3697	3067319	829.68
3698	3052283	825.39
3699	3165148	855.68
3700	3570326	964.95
3701	3420383	924.18
3702	3176031	857.92
3703	3052566	824.35
3704	3147721	849.82
3705	3260628	880.06
3706	3323509	896.79
3707	3057406	824.77
3708	3075660	829.47
3709	3081139	830.72
3710	3087850	832.30
3711	3079552	829.84
3712	3075083	828.42
3713	3073435	827.75
3714	3105524	836.17
3715	3096723	833.57
3716	3082658	829.56
3717	3068662	825.57
3718	3085952	830.00
3719	3091625	831.31
3720	3070299	825.35
3721	3080463	827.86
3722	3086780	829.33
3723	3097122	831.89
3724	3095109	831.12
3725	3105357	833.65
3726	3083291	827.51
3727	3647143	978.57
3728	3583051	961.12
3729	3678274	986.40
3730	3692221	989.87
3731	3119192	836.02
3732	3124258	837.15
3733	3094599	828.98
3734	3108053	832.37
3735	3457855	925.80
3736	3097848	829.19
3737	3110632	832.39
3738	3139832	839.98
3739	3117252	833.71
3740	3106909	830.72
3741	3116881	833.17
3742	3124803	835.06
3743	3264091	872.05
3744	3128761	835.67
3745	3115170	831.82
3746	3142670	838.94
3747	3129702	835.26
3748	3201868	854.29
3749	3382676	902.29
3750	3130500	834.80
3751	3127915	833.89
3752	3133607	835.18
3753	3129229	833.79
3754	3131876	834.28
3755	3149806	838.83
3756	3151089	838.95
3757	3162162	841.67
3758	3137737	834.95
3759	3141376	835.69
3760	3134393	833.62
3761	3168364	842.43
3762	3160385	840.08
3763	3159643	839.66
3764	3160696	839.72
3765	3159410	839.15
3766	3167841	841.17
3767	3703177	983.06
3768	3590213	952.82
3769	3560539	944.69
3770	3533537	937.28
3771	3163037	838.78
3772	3153484	836.02
3773	3157234	836.80
3774	3176802	841.76
3775	3161459	837.47
3776	3167184	838.77
3777	3166703	838.42
3778	3176370	840.75
3779	3205162	848.15
3780	3441081	910.34
3781	3252393	860.19
3782	3158119	835.04
3783	3171508	838.36
3784	3161602	835.52
3785	3134413	828.11
3786	3063531	809.17
3787	3086479	815.02
3788	3084212	814.21
3789	3039384	802.16
3790	3203301	845.20
3791	3260250	860.00
3792	3381756	891.81
3793	3690989	973.11
3794	3565658	939.81
3795	3198893	842.92
3796	3185251	839.11
3797	3172566	835.55
3798	3121161	821.79
3799	3114224	819.75
3800	3115000	819.74
3801	3102744	816.30
3802	3211072	844.57
3803	3239096	851.72
3804	3231733	849.56
3805	3254063	855.21
3806	4302785	1130.53
3807	3791302	995.88
3808	3316096	870.82
3809	3219522	845.24
3810	3219017	844.89
3811	3236392	849.22
3812	3229876	847.29
3813	3241806	850.20
3814	3261414	855.12
3815	3256675	853.65
3816	3240154	849.10
3817	3244888	850.11
3818	3286843	860.88
3819	3655481	957.18
3820	3766443	985.98
3821	3643680	953.59
3822	3544161	927.31
3823	3252007	850.64
3824	3250505	850.03
3825	3248054	849.16
3826	3228001	843.70
3827	3224304	842.51
3828	3237321	845.70
3829	3286135	858.22
3830	3271357	854.14
3831	3386034	883.85
3832	3640034	949.90
3833	3661867	955.35
3834	3373022	879.77
3835	3252349	848.07
3836	3253811	848.23
3837	3211599	837.01
3838	3179308	828.38
3839	3161884	823.62
3840	3375828	879.12
3841	3255273	847.51
3842	3267796	850.55
3843	3267924	850.36
3844	3273524	851.59
3845	3255598	846.71
3846	3191993	829.95
3847	3133375	814.50
3848	3206308	833.24
3849	3189528	828.66
3850	3179535	825.85
3851	3132616	813.46
3852	3149036	817.51
3853	3294848	855.14
3854	3310568	859.00
3855	3273135	849.06
3856	3201314	830.22
3857	3172543	822.54
3858	3149872	816.45
3859	3166707	820.60
3860	3154276	817.17
3861	3176465	822.71
3862	3163386	819.11
3863	3170946	820.85
3864	3165485	819.22
3865	3162229	818.17
3866	3173469	820.87
3867	3184889	823.61
3868	3198743	826.98
3869	3182571	822.58
3870	3165981	818.08
3871	3166176	817.92
3872	3181577	821.69
3873	3182865	821.81
3874	3257666	840.91
3875	3386353	873.90
3876	3337174	860.98
3877	3327539	858.28
3878	3351250	864.17
3879	3352384	864.24
3880	3432843	884.75
3881	3328906	857.74
3882	3323562	856.15
3883	3247878	836.44
3884	3221467	829.42
3885	3227357	830.72
3886	3266076	840.47
3887	3250234	836.18
3888	3242605	834.00
3889	3203815	823.81
3890	3213672	826.14
3891	3213282	825.82
3892	3200115	822.23
3893	3215340	825.93
3894	3228340	829.05
3895	3240754	832.03
3896	3236324	830.68
3897	3214107	824.76
3898	3210435	823.61
3899	3209502	823.16
3900	3272361	839.07
3901	3245186	831.89
3902	3278164	840.12
3903	3325450	852.02
3904	3321586	850.82
3905	3306885	846.83
3906	3525844	902.67
3907	3292774	842.79
3908	3446456	881.90
3909	3395892	868.74
3910	3410709	872.30
3911	3855500	985.81
3912	6621671	1692.66
3913	8491568	2170.09
3914	5375667	1373.45
3915	4190630	1070.40
3916	3877276	990.11
3917	4467027	1140.42
3918	3761825	960.14
3919	3731376	952.12
3920	3932823	1003.27
3921	4340658	1107.03
3922	3784327	964.90
3923	3491904	890.11
3924	3480594	887.00
3925	3438331	876.01
3926	3417730	870.54
3927	3427740	872.86
3928	3445000	877.04
3929	4004551	1019.23
3930	3446315	876.92
3931	3431039	872.82
3932	3439872	874.84
3933	3440573	874.80
3934	3450397	877.07
3935	3443269	875.04
3936	3438907	873.71
3937	3441184	874.06
3938	3439084	873.31
3939	3442680	874.00
3940	3454330	876.73
3941	3566277	904.92
3942	3770287	956.44
3943	3867278	980.80
3944	3499855	887.39
3945	3457415	876.40
3946	3463860	877.82
3947	3447895	873.55
3948	3477358	880.79
3949	3452177	874.19
3950	3455353	874.77
3951	3466101	877.27
3952	3472384	878.64
3953	3469801	877.76
3954	3488411	882.25
3955	3477528	879.27
3956	3470468	877.27
3957	3465103	875.69
3958	3473635	877.62
3959	3475625	877.90
3960	3497220	883.14
3961	3490811	881.30
3962	3480603	878.50
3963	3494899	881.88
3964	3486141	879.45
3965	3481416	878.04
3966	3505517	883.89
3967	3482579	877.89
3968	3506743	883.76
3969	3499103	881.61
3970	3502771	882.31
3971	3486636	878.02
3972	3506581	882.83
3973	3538635	890.67
3974	3568318	897.92
3975	3604767	906.86
3976	3537782	889.78
3977	3520822	885.30
3978	3512309	882.93
3979	3521864	885.11
3980	3647422	916.44
3981	3932937	987.93
3982	4116719	1033.83
3983	3994056	1002.78
3984	3702401	929.32
3985	3529146	885.61
3986	3520367	883.18
3987	3524531	884.01
3988	3523971	883.64
3989	3525720	883.86
3990	3534981	885.96
3991	3542268	887.56
3992	3527896	883.74
3993	3528399	883.65
3994	3547485	888.20
3995	3807143	952.98
3996	3999801	1000.95
3997	3941851	986.20
3998	3647456	912.32
3999	3681349	920.57
4000	3937082	984.27
