N	Total Time	Average CPE
1	313	313.00
2	32	16.00
3	119	39.67
4	51	12.75
5	122	24.40
6	199	33.17
7	149	21.29
8	212	26.50
9	1005	111.67
10	946	94.60
11	260	23.64
12	361	30.08
13	461	35.46
14	353	25.21
15	355	23.67
16	362	22.62
17	376	22.12
18	444	24.67
19	467	24.58
20	380	19.00
21	271	12.90
22	280	12.73
23	292	12.70
24	306	12.75
25	319	12.76
26	328	12.62
27	339	12.56
28	577	20.61
29	627	21.62
30	752	25.07
31	752	24.26
32	1242	38.81
33	742	22.48
34	851	25.03
35	502	14.34
36	442	12.28
37	461	12.46
38	471	12.39
39	480	12.31
40	507	12.68
41	504	12.29
42	520	12.38
43	525	12.21
44	541	12.30
45	560	12.44
46	571	12.41
47	576	12.26
48	594	12.38
49	605	12.35
50	612	12.24
51	629	12.33
52	634	12.19
53	659	12.43
54	665	12.31
55	1516	27.56
56	694	12.39
57	708	12.42
58	714	12.31
59	718	12.17
60	742	12.37
61	732	12.00
62	749	12.08
63	767	12.17
64	783	12.23
65	791	12.17
66	808	12.24
67	818	12.21
68	828	12.18
69	846	12.26
70	853	12.19
71	861	12.13
72	880	12.22
73	890	12.19
74	890	12.03
75	913	12.17
76	922	12.13
77	936	12.16
78	949	12.17
79	956	12.10
80	973	12.16
81	969	11.96
82	985	12.01
83	1004	12.10
84	1018	12.12
85	1030	12.12
86	1038	12.07
87	1054	12.11
88	1058	12.02
89	1079	12.12
90	1090	12.11
91	1097	12.05
92	1122	12.20
93	1124	12.09
94	1142	12.15
95	1148	12.08
96	1159	12.07
97	1177	12.13
98	1185	12.09
99	1193	12.05
100	2049	20.49
101	1944	19.25
102	1229	12.05
103	1248	12.12
104	1258	12.10
105	1261	12.01
106	1292	12.19
107	1284	12.00
108	1307	12.10
109	1315	12.06
110	1331	12.10
111	1338	12.05
112	1354	12.09
113	1361	12.04
114	1378	12.09
115	1388	12.07
116	1400	12.07
117	1414	12.09
118	1426	12.08
119	1430	12.02
120	1440	12.00
121	1435	11.86
122	1477	12.11
123	1489	12.11
124	1488	12.00
125	1498	11.98
126	1506	11.95
127	1520	11.97
128	1546	12.08
129	1543	11.96
130	1566	12.05
131	1670	12.75
132	1578	11.95
133	1617	12.16
134	1612	12.03
135	1621	12.01
136	1644	12.09
137	2500	18.25
138	2378	17.23
139	1671	12.02
140	1672	11.94
141	1675	11.88
142	1708	12.03
143	1724	12.06
144	1729	12.01
145	1734	11.96
146	1753	12.01
147	1775	12.07
148	1779	12.02
149	1790	12.01
150	1803	12.02
151	1849	12.25
152	5485	36.09
153	1885	12.32
154	2868	18.62
155	1909	12.32
156	1879	12.04
157	1885	12.01
158	1902	12.04
159	2745	17.26
160	1906	11.91
161	1910	11.86
162	1941	11.98
163	2911	17.86
164	1980	12.07
165	1981	12.01
166	1988	11.98
167	1998	11.96
168	2013	11.98
169	2026	11.99
170	3103	18.25
171	4760	27.84
172	2068	12.02
173	2067	11.95
174	3044	17.49
175	6555	37.46
176	2075	11.79
177	2108	11.91
178	2124	11.93
179	4252	23.75
180	2136	11.87
181	2156	11.91
182	2171	11.93
183	2186	11.95
184	2200	11.96
185	2208	11.94
186	2207	11.87
187	2235	11.95
188	2252	11.98
189	2253	11.92
190	2271	11.95
191	2284	11.96
192	2289	11.92
193	2310	11.97
194	2311	11.91
195	2329	11.94
196	2343	11.95
197	2358	11.97
198	2364	11.94
199	2376	11.94
200	3949	19.75
201	2385	11.87
202	2412	11.94
203	2420	11.92
204	2438	11.95
205	2450	11.95
206	2460	11.94
207	2465	11.91
208	2482	11.93
209	2494	11.93
210	2578	12.28
211	2517	11.93
212	2527	11.92
213	2550	11.97
214	2559	11.96
215	2565	11.93
216	2573	11.91
217	2593	11.95
218	2604	11.94
219	2613	11.93
220	2616	11.89
221	2618	11.85
222	2649	11.93
223	2660	11.93
224	2679	11.96
225	2659	11.82
226	2703	11.96
227	2711	11.94
228	2796	12.26
229	2731	11.93
230	2745	11.93
231	2757	11.94
232	2778	11.97
233	2784	11.95
234	2791	11.93
235	2801	11.92
236	2820	11.95
237	2828	11.93
238	2843	11.95
239	2844	11.90
240	2841	11.84
241	2861	11.87
242	2893	11.95
243	2891	11.90
244	2907	11.91
245	2924	11.93
246	2927	11.90
247	2952	11.95
248	2957	11.92
249	2971	11.93
250	2953	11.81
251	2997	11.94
252	3005	11.92
253	3014	11.91
254	3034	11.94
255	3036	11.91
256	3052	11.92
257	3062	11.91
258	3073	11.91
259	3093	11.94
260	3082	11.85
261	3104	11.89
262	3127	11.94
263	3144	11.95
264	3147	11.92
265	3165	11.94
266	3175	11.94
267	3180	11.91
268	3192	11.91
269	3217	11.96
270	3216	11.91
271	3291	12.14
272	4099	15.07
273	3283	12.03
274	3266	11.92
275	3271	11.89
276	3296	11.94
277	3300	11.91
278	3308	11.90
279	3338	11.96
280	3322	11.86
281	3341	11.89
282	3353	11.89
283	3374	11.92
284	3435	12.10
285	4662	16.36
286	3677	12.86
287	3591	12.51
288	3561	12.36
289	3555	12.30
290	3562	12.28
291	3580	12.30
292	5074	17.38
293	5089	17.37
294	3597	12.23
295	3628	12.30
296	3636	12.28
297	3650	12.29
298	3658	12.28
299	3681	12.31
300	3658	12.19
301	3690	12.26
302	3709	12.28
303	3720	12.28
304	3730	12.27
305	3749	12.29
306	3758	12.28
307	3774	12.29
308	3774	12.25
309	3792	12.27
310	3806	12.28
311	3812	12.26
312	3836	12.29
313	3844	12.28
314	3864	12.31
315	3869	12.28
316	3887	12.30
317	3899	12.30
318	3902	12.27
319	3921	12.29
320	3900	12.19
321	3943	12.28
322	3964	12.31
323	3958	12.25
324	3978	12.28
325	3987	12.27
326	4011	12.30
327	4019	12.29
328	4027	12.28
329	4047	12.30
330	4054	12.28
331	4064	12.28
332	4075	12.27
333	4096	12.30
334	4098	12.27
335	4117	12.29
336	4125	12.28
337	4140	12.28
338	4150	12.28
339	6429	18.96
340	4145	12.19
341	4181	12.26
342	4197	12.27
343	4197	12.24
344	4225	12.28
345	4243	12.30
346	4250	12.28
347	4251	12.25
348	4283	12.31
349	4373	12.53
350	4358	12.45
351	4355	12.41
352	4343	12.34
353	5738	16.25
354	5798	16.38
355	4349	12.25
356	4368	12.27
357	4381	12.27
358	4389	12.26
359	4407	12.28
360	4381	12.17
361	4427	12.26
362	4445	12.28
363	4449	12.26
364	4475	12.29
365	4469	12.24
366	4486	12.26
367	4503	12.27
368	4502	12.23
369	4536	12.29
370	4537	12.26
371	4632	12.49
372	4541	12.21
373	4574	12.26
374	4590	12.27
375	4563	12.17
376	4605	12.25
377	4616	12.24
378	4641	12.28
379	4646	12.26
380	4609	12.13
381	4670	12.26
382	4684	12.26
383	4692	12.25
384	4705	12.25
385	4724	12.27
386	4733	12.26
387	4743	12.26
388	4757	12.26
389	4764	12.25
390	4780	12.26
391	4794	12.26
392	4808	12.27
393	4824	12.27
394	4823	12.24
395	4833	12.24
396	4856	12.26
397	4865	12.25
398	4875	12.25
399	4879	12.23
400	4860	12.15
401	4892	12.20
402	4914	12.22
403	4940	12.26
404	4957	12.27
405	4965	12.26
406	4974	12.25
407	5056	12.42
408	5007	12.27
409	5019	12.27
410	5023	12.25
411	5036	12.25
412	5051	12.26
413	5062	12.26
414	5086	12.29
415	5089	12.26
416	5104	12.27
417	5103	12.24
418	5113	12.23
419	5134	12.25
420	5109	12.16
421	5172	12.29
422	5172	12.26
423	5189	12.27
424	5197	12.26
425	5214	12.27
426	5213	12.24
427	5233	12.26
428	5272	12.32
429	5257	12.25
430	5271	12.26
431	5277	12.24
432	5288	12.24
433	5314	12.27
434	5313	12.24
435	5342	12.28
436	5359	12.29
437	5367	12.28
438	5376	12.27
439	5374	12.24
440	5360	12.18
441	5405	12.26
442	5419	12.26
443	5427	12.25
444	5449	12.27
445	5462	12.27
446	5474	12.27
447	5475	12.25
448	5501	12.28
449	5514	12.28
450	5517	12.26
451	5529	12.26
452	5534	12.24
453	5556	12.26
454	5562	12.25
455	5566	12.23
456	5595	12.27
457	5612	12.28
458	6830	14.91
459	6733	14.67
460	5605	12.18
461	5642	12.24
462	5666	12.26
463	5683	12.27
464	7631	16.45
465	5661	12.17
466	7047	15.12
467	5705	12.22
468	5715	12.21
469	5727	12.21
470	5735	12.20
471	5749	12.21
472	5766	12.22
473	5773	12.21
474	5782	12.20
475	5814	12.24
476	5811	12.21
477	5821	12.20
478	5829	12.19
479	5844	12.20
480	5821	12.13
481	5867	12.20
482	5893	12.23
483	5894	12.20
484	5904	12.20
485	5926	12.22
486	5924	12.19
487	5946	12.21
488	5949	12.19
489	5967	12.20
490	5973	12.19
491	5999	12.22
492	6008	12.21
493	6012	12.19
494	6091	12.33
495	6026	12.17
496	6064	12.23
497	6064	12.20
498	6081	12.21
499	6086	12.20
500	6038	12.08
501	6080	12.14
502	6126	12.20
503	6134	12.19
504	6156	12.21
505	6154	12.19
506	6178	12.21
507	6175	12.18
508	6196	12.20
509	6222	12.22
510	6222	12.20
511	6237	12.21
512	6250	12.21
513	6260	12.20
514	6272	12.20
515	6287	12.21
516	6286	12.18
517	6305	12.20
518	6320	12.20
519	6327	12.19
520	6302	12.12
521	6336	12.16
522	6374	12.21
523	6508	12.44
524	6384	12.18
525	6404	12.20
526	6408	12.18
527	6418	12.18
528	6439	12.20
529	6461	12.21
530	6468	12.20
531	6472	12.19
532	6498	12.21
533	6505	12.20
534	6506	12.18
535	6516	12.18
536	6535	12.19
537	6544	12.19
538	6558	12.19
539	6583	12.21
540	6544	12.12
541	6596	12.19
542	6608	12.19
543	6612	12.18
544	6634	12.19
545	6640	12.18
546	6655	12.19
547	6672	12.20
548	6689	12.21
549	6685	12.18
550	6786	12.34
551	6734	12.22
552	6738	12.21
553	6738	12.18
554	6754	12.19
555	6770	12.20
556	6775	12.19
557	6791	12.19
558	6788	12.16
559	8849	15.83
560	6789	12.12
561	6850	12.21
562	6853	12.19
563	6846	12.16
564	6885	12.21
565	6885	12.19
566	6904	12.20
567	6911	12.19
568	6925	12.19
569	6940	12.20
570	6944	12.18
571	6962	12.19
572	6971	12.19
573	6980	12.18
574	7006	12.21
575	7004	12.18
576	6986	12.13
577	7046	12.21
578	7039	12.18
579	7067	12.21
580	7026	12.11
581	7085	12.19
582	7092	12.19
583	7117	12.21
584	7120	12.19
585	7124	12.18
586	10416	17.77
587	7152	12.18
588	7158	12.17
589	7187	12.20
590	7192	12.19
591	7204	12.19
592	7227	12.21
593	7230	12.19
594	7245	12.20
595	7256	12.19
596	7270	12.20
597	7273	12.18
598	7289	12.19
599	7308	12.20
600	7344	12.24
601	7334	12.20
602	7339	12.19
603	7351	12.19
604	7366	12.20
605	7379	12.20
606	7399	12.21
607	7400	12.19
608	7417	12.20
609	7425	12.19
610	7443	12.20
611	7440	12.18
612	7465	12.20
613	7477	12.20
614	7482	12.19
615	7485	12.17
616	7516	12.20
617	7514	12.18
618	7533	12.19
619	7551	12.20
620	7511	12.11
621	7568	12.19
622	7579	12.18
623	7581	12.17
624	7610	12.20
625	7488	11.98
626	7592	12.13
627	7641	12.19
628	7656	12.19
629	7667	12.19
630	7681	12.19
631	7699	12.20
632	7706	12.19
633	7712	12.18
634	7738	12.21
635	7751	12.21
636	7753	12.19
637	7774	12.20
638	7779	12.19
639	7794	12.20
640	7764	12.13
641	10047	15.67
642	7840	12.21
643	7822	12.16
644	7848	12.19
645	7859	12.18
646	7869	12.18
647	7887	12.19
648	7898	12.19
649	7909	12.19
650	7930	12.20
651	7939	12.20
652	7941	12.18
653	7959	12.19
654	7973	12.19
655	7988	12.20
656	7996	12.19
657	8002	12.18
658	8024	12.19
659	8038	12.20
660	8002	12.12
661	8045	12.17
662	8075	12.20
663	8078	12.18
664	8096	12.19
665	8118	12.21
666	8109	12.18
667	8127	12.18
668	8159	12.21
669	8154	12.19
670	8292	12.38
671	8183	12.20
672	8182	12.18
673	8214	12.21
674	8215	12.19
675	8241	12.21
676	8245	12.20
677	8243	12.18
678	13822	20.39
679	8287	12.20
680	8311	12.22
681	8343	12.25
682	8448	12.39
683	8566	12.54
684	8739	12.78
685	8634	12.60
686	14061	20.50
687	12167	17.71
688	8399	12.21
689	8396	12.19
690	8411	12.19
691	8423	12.19
692	8434	12.19
693	8450	12.19
694	8447	12.17
695	8470	12.19
696	8480	12.18
697	8508	12.21
698	8511	12.19
699	8528	12.20
700	8594	12.28
701	8543	12.19
702	8560	12.19
703	8593	12.22
704	8592	12.20
705	8604	12.20
706	8605	12.19
707	8644	12.23
708	8667	12.24
709	8651	12.20
710	8661	12.20
711	8666	12.19
712	8711	12.23
713	8797	12.34
714	9077	12.71
715	8725	12.20
716	8761	12.24
717	8759	12.22
718	8808	12.27
719	8777	12.21
720	8837	12.27
721	8938	12.40
722	8805	12.20
723	8825	12.21
724	8864	12.24
725	8823	12.17
726	8881	12.23
727	10008	13.77
728	8874	12.19
729	8882	12.18
730	8899	12.19
731	8909	12.19
732	8937	12.21
733	8938	12.19
734	8945	12.19
735	8955	12.18
736	8965	12.18
737	8995	12.20
738	8987	12.18
739	9048	12.24
740	8980	12.14
741	9032	12.19
742	9044	12.19
743	9077	12.22
744	9065	12.18
745	9076	12.18
746	9096	12.19
747	9111	12.20
748	9114	12.18
749	9136	12.20
750	9093	12.12
751	9146	12.18
752	9156	12.18
753	9177	12.19
754	9196	12.20
755	9197	12.18
756	9213	12.19
757	9224	12.18
758	9232	12.18
759	9312	12.27
760	9196	12.10
761	9267	12.18
762	9289	12.19
763	9309	12.20
764	9322	12.20
765	9305	12.16
766	9340	12.19
767	9345	12.18
768	9361	12.19
769	9369	12.18
770	9374	12.17
771	9386	12.17
772	9396	12.17
773	9425	12.19
774	9436	12.19
775	9435	12.17
776	9478	12.21
777	9468	12.19
778	9499	12.21
779	9567	12.28
780	9451	12.12
781	9501	12.17
782	9538	12.20
783	9553	12.20
784	9554	12.19
785	9576	12.20
786	9589	12.20
787	9594	12.19
788	9607	12.19
789	9621	12.19
790	10262	12.99
791	9669	12.22
792	9655	12.19
793	9663	12.19
794	9684	12.20
795	9686	12.18
796	9712	12.20
797	9717	12.19
798	9785	12.26
799	9724	12.17
800	9677	12.10
801	9711	12.12
802	9771	12.18
803	9778	12.18
804	12828	15.96
805	9804	12.18
806	9810	12.17
807	9845	12.20
808	9868	12.21
809	10790	13.34
810	9909	12.23
811	9918	12.23
812	9955	12.26
813	9920	12.20
814	9910	12.17
815	9937	12.19
816	11113	13.62
817	10002	12.24
818	10000	12.22
819	9991	12.20
820	9962	12.15
821	9987	12.16
822	10005	12.17
823	10025	12.18
824	10040	12.18
825	10063	12.20
826	10068	12.19
827	10082	12.19
828	10091	12.19
829	10095	12.18
830	10110	12.18
831	10131	12.19
832	10222	12.29
833	10150	12.18
834	10182	12.21
835	10180	12.19
836	10196	12.20
837	10199	12.19
838	10212	12.19
839	10230	12.19
840	10202	12.15
841	10242	12.18
842	10264	12.19
843	10277	12.19
844	10292	12.19
845	10309	12.20
846	10320	12.20
847	10341	12.21
848	10334	12.19
849	10368	12.21
850	10368	12.20
851	10455	12.29
852	10391	12.20
853	10411	12.21
854	10412	12.19
855	10424	12.19
856	10435	12.19
857	10449	12.19
858	10457	12.19
859	10478	12.20
860	12802	14.89
861	10497	12.19
862	10498	12.18
863	10520	12.19
864	10523	12.18
865	10546	12.19
866	10573	12.21
867	10556	12.18
868	10577	12.19
869	10592	12.19
870	10594	12.18
871	10626	12.20
872	10632	12.19
873	10637	12.18
874	10651	12.19
875	10666	12.19
876	10672	12.18
877	10687	12.19
878	10695	12.18
879	10701	12.17
880	10666	12.12
881	10729	12.18
882	10736	12.17
883	10806	12.24
884	10863	12.29
885	10791	12.19
886	10793	12.18
887	10810	12.19
888	10821	12.19
889	11812	13.29
890	10842	12.18
891	10836	12.16
892	12100	13.57
893	11692	13.09
894	10903	12.20
895	10916	12.20
896	10912	12.18
897	10923	12.18
898	10933	12.17
899	10957	12.19
900	10928	12.14
901	10968	12.17
902	10988	12.18
903	10992	12.17
904	11030	12.20
905	11019	12.18
906	11045	12.19
907	11056	12.19
908	11080	12.20
909	11073	12.18
910	11095	12.19
911	11111	12.20
912	11104	12.18
913	11127	12.19
914	11126	12.17
915	11229	12.27
916	11162	12.19
917	11245	12.26
918	11194	12.19
919	11190	12.18
920	11177	12.15
921	11214	12.18
922	11238	12.19
923	11248	12.19
924	11261	12.19
925	11277	12.19
926	11289	12.19
927	11285	12.17
928	11318	12.20
929	11314	12.18
930	11331	12.18
931	11361	12.20
932	11346	12.17
933	11376	12.19
934	11387	12.19
935	11381	12.17
936	11416	12.20
937	11424	12.19
938	11435	12.19
939	11440	12.18
940	11418	12.15
941	11469	12.19
942	11476	12.18
943	11497	12.19
944	11512	12.19
945	11504	12.17
946	11529	12.19
947	11608	12.26
948	11552	12.19
949	11564	12.19
950	11587	12.20
951	11600	12.20
952	11606	12.19
953	13427	14.09
954	11634	12.19
955	11641	12.19
956	11642	12.18
957	11663	12.19
958	11671	12.18
959	11687	12.19
960	11654	12.14
961	11698	12.17
962	11737	12.20
963	11806	12.26
964	11752	12.19
965	11766	12.19
966	11777	12.19
967	11783	12.19
968	14200	14.67
969	11811	12.19
970	11836	12.20
971	12652	13.03
972	11861	12.20
973	12629	12.98
974	11874	12.19
975	11876	12.18
976	11852	12.14
977	11981	12.26
978	11927	12.20
979	11939	12.20
980	11913	12.16
981	11952	12.18
982	11965	12.18
983	11983	12.19
984	11990	12.18
985	12006	12.19
986	12015	12.19
987	12023	12.18
988	12047	12.19
989	12041	12.17
990	12074	12.20
991	12088	12.20
992	12156	12.25
993	12113	12.20
994	12126	12.20
995	12133	12.19
996	12141	12.19
997	12163	12.20
998	12159	12.18
999	12167	12.18
1000	12022	12.02
1001	12176	12.16
1002	12219	12.19
1003	12221	12.18
1004	12235	12.19
1005	12251	12.19
1006	12271	12.20
1007	12274	12.19
1008	12297	12.20
1009	12314	12.20
1010	12313	12.19
1011	12328	12.19
1012	12325	12.18
1013	12345	12.19
1014	12985	12.81
1015	12376	12.19
1016	12370	12.18
1017	12401	12.19
1018	12414	12.19
1019	12419	12.19
1020	12393	12.15
1021	12459	12.20
1022	12538	12.27
1023	12485	12.20
1024	12496	12.20
1025	12455	12.15
1026	12490	12.17
1027	12511	12.18
1028	12541	12.20
1029	12553	12.20
1030	12551	12.19
1031	12574	12.20
1032	12583	12.19
1033	12595	12.19
1034	12611	12.20
1035	12696	12.27
1036	12635	12.20
1037	12657	12.21
1038	12665	12.20
1039	12675	12.20
1040	12612	12.13
1041	12694	12.19
1042	12708	12.20
1043	12708	12.18
1044	12735	12.20
1045	12733	12.18
1046	12759	12.20
1047	12775	12.20
1048	12760	12.18
1049	13507	12.88
1050	12878	12.26
1051	12806	12.18
1052	12827	12.19
1053	12825	12.18
1054	12859	12.20
1055	12868	12.20
1056	12866	12.18
1057	12860	12.17
1058	12896	12.19
1059	12903	12.18
1060	12863	12.13
1061	12911	12.17
1062	12961	12.20
1063	13020	12.25
1064	12985	12.20
1065	12998	12.20
1066	12999	12.19
1067	13010	12.19
1068	13032	12.20
1069	13025	12.18
1070	13051	12.20
1071	13062	12.20
1072	13060	12.18
1073	13090	12.20
1074	13092	12.19
1075	13111	12.20
1076	13135	12.21
1077	13203	12.26
1078	13141	12.19
1079	13157	12.19
1080	13101	12.13
1081	13184	12.20
1082	13192	12.19
1083	13205	12.19
1084	13230	12.20
1085	13219	12.18
1086	13257	12.21
1087	13247	12.19
1088	13273	12.20
1089	13273	12.19
1090	13298	12.20
1091	13384	12.27
1092	13310	12.19
1093	13342	12.21
1094	13347	12.20
1095	13350	12.19
1096	13356	12.19
1097	13388	12.20
1098	13386	12.19
1099	13401	12.19
1100	13366	12.15
1101	14493	13.16
1102	13436	12.19
1103	13459	12.20
1104	13524	12.25
1105	13476	12.20
1106	13492	12.20
1107	13507	12.20
1108	13502	12.19
1109	13525	12.20
1110	13541	12.20
1111	13534	12.18
1112	13567	12.20
1113	13564	12.19
1114	13369	12.00
1115	13257	11.89
1116	13355	11.97
1117	13295	11.90
1118	13296	11.89
1119	13313	11.90
1120	13266	11.84
1121	13328	11.89
1122	13347	11.90
1123	13342	11.88
1124	13367	11.89
1125	13378	11.89
1126	13385	11.89
1127	13403	11.89
1128	13417	11.89
1129	13429	11.89
1130	13452	11.90
1131	13446	11.89
1132	13467	11.90
1133	13487	11.90
1134	13476	11.88
1135	13507	11.90
1136	13510	11.89
1137	13513	11.88
1138	13547	11.90
1139	13545	11.89
1140	13497	11.84
1141	13562	11.89
1142	13556	11.87
1143	13601	11.90
1144	13666	11.95
1145	15210	13.28
1146	13675	11.93
1147	13639	11.89
1148	13640	11.88
1149	13675	11.90
1150	15269	13.28
1151	16555	14.38
1152	13711	11.90
1153	14574	12.64
1154	17525	15.19
1155	13727	11.88
1156	13762	11.90
1157	13740	11.88
1158	13761	11.88
1159	13772	11.88
1160	13737	11.84
1161	13796	11.88
1162	13805	11.88
1163	13820	11.88
1164	13836	11.89
1165	13841	11.88
1166	13857	11.88
1167	13867	11.88
1168	13893	11.89
1169	13973	11.95
1170	13903	11.88
1171	14639	12.50
1172	13922	11.88
1173	13946	11.89
1174	13953	11.89
1175	13968	11.89
1176	13987	11.89
1177	13992	11.89
1178	14001	11.89
1179	14036	11.91
1180	13966	11.84
1181	14101	11.94
1182	14124	11.95
1183	14057	11.88
1184	14083	11.89
1185	14094	11.89
1186	14097	11.89
1187	14116	11.89
1188	14113	11.88
1189	14126	11.88
1190	14999	12.60
1191	14160	11.89
1192	14160	11.88
1193	14190	11.89
1194	14255	11.94
1195	14215	11.90
1196	14219	11.89
1197	14236	11.89
1198	16167	13.49
1199	17226	14.37
1200	14915	12.43
1201	14226	11.85
1202	14285	11.88
1203	14303	11.89
1204	14301	11.88
1205	14330	11.89
1206	14404	11.94
1207	14340	11.88
1208	14368	11.89
1209	14375	11.89
1210	14380	11.88
1211	15137	12.50
1212	14999	12.38
1213	14420	11.89
1214	14441	11.90
1215	14445	11.89
1216	14457	11.89
1217	14465	11.89
1218	16044	13.17
1219	14492	11.89
1220	14452	11.85
1221	14512	11.89
1222	15270	12.50
1223	15391	12.58
1224	14550	11.89
1225	14568	11.89
1226	14573	11.89
1227	14574	11.88
1228	14603	11.89
1229	14611	11.89
1230	14684	11.94
1231	15484	12.58
1232	14654	11.89
1233	14677	11.90
1234	14650	11.87
1235	14688	11.89
1236	14701	11.89
1237	14693	11.88
1238	14708	11.88
1239	14712	11.87
1240	14715	11.87
1241	15582	12.56
1242	17822	14.35
1243	14774	11.89
1244	14805	11.90
1245	14811	11.90
1246	14810	11.89
1247	14798	11.87
1248	14839	11.89
1249	14838	11.88
1250	14634	11.71
1251	14831	11.86
1252	14853	11.86
1253	16462	13.14
1254	14910	11.89
1255	15827	12.61
1256	14934	11.89
1257	14989	11.92
1258	14935	11.87
1259	14973	11.89
1260	14935	11.85
1261	14971	11.87
1262	15007	11.89
1263	15009	11.88
1264	15016	11.88
1265	15089	11.93
1266	15050	11.89
1267	15064	11.89
1268	15058	11.88
1269	15089	11.89
1270	15087	11.88
1271	15103	11.88
1272	15129	11.89
1273	15133	11.89
1274	16827	13.21
1275	15169	11.90
1276	15195	11.91
1277	15211	11.91
1278	15243	11.93
1279	15211	11.89
1280	15188	11.87
1281	15235	11.89
1282	15237	11.89
1283	15273	11.90
1284	15259	11.88
1285	15289	11.90
1286	15281	11.88
1287	15309	11.90
1288	15309	11.89
1289	15378	11.93
1290	15334	11.89
1291	15359	11.90
1292	16254	12.58
1293	15376	11.89
1294	15376	11.88
1295	15380	11.88
1296	15418	11.90
1297	15430	11.90
1298	15439	11.89
1299	15435	11.88
1300	15440	11.88
1301	15458	11.88
1302	16280	12.50
1303	15508	11.90
1304	15512	11.90
1305	15507	11.88
1306	15517	11.88
1307	15523	11.88
1308	15551	11.89
1309	15560	11.89
1310	15568	11.88
1311	15584	11.89
1312	15663	11.94
1313	15610	11.89
1314	15617	11.89
1315	15639	11.89
1316	15635	11.88
1317	15653	11.89
1318	15657	11.88
1319	15659	11.87
1320	15644	11.85
1321	15695	11.88
1322	15729	11.90
1323	15782	11.93
1324	15739	11.89
1325	15747	11.88
1326	15748	11.88
1327	15776	11.89
1328	15783	11.88
1329	15792	11.88
1330	15808	11.89
1331	15823	11.89
1332	15829	11.88
1333	15845	11.89
1334	15839	11.87
1335	15859	11.88
1336	15881	11.89
1337	15894	11.89
1338	15904	11.89
1339	17851	13.33
1340	15876	11.85
1341	15936	11.88
1342	15947	11.88
1343	15950	11.88
1344	15974	11.89
1345	16052	11.93
1346	16075	11.94
1347	16011	11.89
1348	16911	12.55
1349	18484	13.70
1350	18904	14.00
1351	16255	12.03
1352	16987	12.56
1353	16075	11.88
1354	16096	11.89
1355	16111	11.89
1356	16141	11.90
1357	16206	11.94
1358	16141	11.89
1359	16164	11.89
1360	16122	11.85
1361	16188	11.89
1362	16183	11.88
1363	16180	11.87
1364	16208	11.88
1365	16222	11.88
1366	16239	11.89
1367	16326	11.94
1368	16319	11.93
1369	16292	11.90
1370	16304	11.90
1371	16289	11.88
1372	16316	11.89
1373	16322	11.89
1374	16340	11.89
1375	16332	11.88
1376	16316	11.86
1377	16366	11.89
1378	16435	11.93
1379	16463	11.94
1380	16359	11.85
1381	16415	11.89
1382	16424	11.88
1383	16447	11.89
1384	16449	11.89
1385	16455	11.88
1386	16473	11.89
1387	16491	11.89
1388	20592	14.84
1389	17297	12.45
1390	16525	11.89
1391	16522	11.88
1392	16548	11.89
1393	17361	12.46
1394	16553	11.87
1395	16577	11.88
1396	16599	11.89
1397	16604	11.89
1398	16623	11.89
1399	16631	11.89
1400	19086	13.63
1401	16638	11.88
1402	16661	11.88
1403	16654	11.87
1404	16691	11.89
1405	16693	11.88
1406	16706	11.88
1407	16731	11.89
1408	16720	11.88
1409	16736	11.88
1410	16827	11.93
1411	16821	11.92
1412	16777	11.88
1413	16792	11.88
1414	16809	11.89
1415	16810	11.88
1416	16830	11.89
1417	16830	11.88
1418	16867	11.89
1419	16847	11.87
1420	16896	11.90
1421	16908	11.90
1422	16894	11.88
1423	16895	11.87
1424	16900	11.87
1425	16908	11.87
1426	16949	11.89
1427	17692	12.40
1428	16977	11.89
1429	16986	11.89
1430	17000	11.89
1431	17021	11.89
1432	17103	11.94
1433	17025	11.88
1434	17017	11.87
1435	17052	11.88
1436	18850	13.13
1437	17090	11.89
1438	17068	11.87
1439	17097	11.88
1440	17052	11.84
1441	17972	12.47
1442	17221	11.94
1443	17135	11.87
1444	17166	11.89
1445	17152	11.87
1446	17182	11.88
1447	17204	11.89
1448	17192	11.87
1449	17212	11.88
1450	17232	11.88
1451	17254	11.89
1452	17268	11.89
1453	17252	11.87
1454	18955	13.04
1455	17294	11.89
1456	21291	14.62
1457	17400	11.94
1458	17325	11.88
1459	17337	11.88
1460	17298	11.85
1461	17416	11.92
1462	17453	11.94
1463	17390	11.89
1464	17401	11.89
1465	17416	11.89
1466	17421	11.88
1467	17421	11.88
1468	17430	11.87
1469	17462	11.89
1470	17461	11.88
1471	17554	11.93
1472	17486	11.88
1473	17521	11.89
1474	17553	11.91
1475	17518	11.88
1476	17541	11.88
1477	17544	11.88
1478	17573	11.89
1479	17582	11.89
1480	17523	11.84
1481	17603	11.89
1482	17694	11.94
1483	17624	11.88
1484	17634	11.88
1485	17644	11.88
1486	17649	11.88
1487	17666	11.88
1488	18528	12.45
1489	17686	11.88
1490	17703	11.88
1491	17724	11.89
1492	17784	11.92
1493	17731	11.88
1494	17749	11.88
1495	17773	11.89
1496	17775	11.88
1497	18909	12.63
1498	17792	11.88
1499	17830	11.89
1500	18420	12.28
1501	17834	11.88
1502	17813	11.86
1503	17861	11.88
1504	17883	11.89
1505	17882	11.88
1506	20643	13.71
1507	17910	11.88
1508	20876	13.84
1509	17925	11.88
1510	17938	11.88
1511	18005	11.92
1512	17980	11.89
1513	17967	11.88
1514	17985	11.88
1515	17988	11.87
1516	18003	11.88
1517	18016	11.88
1518	18054	11.89
1519	18049	11.88
1520	18030	11.86
1521	24923	16.39
1522	20253	13.31
1523	18112	11.89
1524	18135	11.90
1525	20365	13.35
1526	18138	11.89
1527	18158	11.89
1528	18136	11.87
1529	18163	11.88
1530	18247	11.93
1531	18269	11.93
1532	18205	11.88
1533	21517	14.04
1534	18218	11.88
1535	18253	11.89
1536	18236	11.87
1537	21274	13.84
1538	20211	13.14
1539	18339	11.92
1540	20980	13.62
1541	20152	13.08
1542	18323	11.88
1543	18318	11.87
1544	18312	11.86
1545	18348	11.88
1546	18369	11.88
1547	18365	11.87
1548	18389	11.88
1549	18477	11.93
1550	19338	12.48
1551	18419	11.88
1552	18418	11.87
1553	18458	11.89
1554	18471	11.89
1555	18458	11.87
1556	19248	12.37
1557	20581	13.22
1558	19033	12.22
1559	18986	12.18
1560	18941	12.14
1561	19020	12.18
1562	19026	12.18
1563	19042	12.18
1564	19036	12.17
1565	19037	12.16
1566	19084	12.19
1567	19091	12.18
1568	19100	12.18
1569	19129	12.19
1570	19129	12.18
1571	19149	12.19
1572	19127	12.17
1573	19175	12.19
1574	19169	12.18
1575	19185	12.18
1576	19209	12.19
1577	19269	12.22
1578	19243	12.19
1579	20657	13.08
1580	19171	12.13
1581	19246	12.17
1582	19264	12.18
1583	19274	12.18
1584	19295	12.18
1585	19305	12.18
1586	19307	12.17
1587	19395	12.22
1588	19350	12.19
1589	19353	12.18
1590	19364	12.18
1591	19380	12.18
1592	19387	12.18
1593	19397	12.18
1594	19398	12.17
1595	19425	12.18
1596	19502	12.22
1597	19451	12.18
1598	19454	12.17
1599	19459	12.17
1600	19397	12.12
1601	19461	12.16
1602	19504	12.17
1603	19519	12.18
1604	19523	12.17
1605	19614	12.22
1606	19551	12.17
1607	19560	12.17
1608	19573	12.17
1609	19590	12.18
1610	19624	12.19
1611	19625	12.18
1612	19635	12.18
1613	19627	12.17
1614	19716	12.22
1615	19668	12.18
1616	19667	12.17
1617	19696	12.18
1618	19706	12.18
1619	19708	12.17
1620	19666	12.14
1621	19740	12.18
1622	19747	12.17
1623	19828	12.22
1624	19850	12.22
1625	19738	12.15
1626	19786	12.17
1627	19800	12.17
1628	19831	12.18
1629	19816	12.16
1630	19847	12.18
1631	19859	12.18
1632	19850	12.16
1633	19899	12.19
1634	19884	12.17
1635	19921	12.18
1636	19912	12.17
1637	19944	12.18
1638	19921	12.16
1639	19957	12.18
1640	19943	12.16
1641	19975	12.17
1642	20070	12.22
1643	20022	12.19
1644	20020	12.18
1645	21028	12.78
1646	20078	12.20
1647	22260	13.52
1648	20463	12.42
1649	19587	11.88
1650	20349	12.33
1651	20467	12.40
1652	19625	11.88
1653	19638	11.88
1654	19664	11.89
1655	19654	11.88
1656	19672	11.88
1657	19703	11.89
1658	19693	11.88
1659	19696	11.87
1660	19764	11.91
1661	19736	11.88
1662	22394	13.47
1663	19772	11.89
1664	20478	12.31
1665	19782	11.88
1666	19783	11.87
1667	19816	11.89
1668	19807	11.87
1669	19827	11.88
1670	19839	11.88
1671	19857	11.88
1672	19889	11.90
1673	19902	11.90
1674	19878	11.87
1675	19902	11.88
1676	19907	11.88
1677	20694	12.34
1678	19903	11.86
1679	19947	11.88
1680	19924	11.86
1681	19934	11.86
1682	20808	12.37
1683	19968	11.86
1684	20012	11.88
1685	19996	11.87
1686	20113	11.93
1687	20042	11.88
1688	20030	11.87
1689	20072	11.88
1690	20063	11.87
1691	20081	11.88
1692	20094	11.88
1693	20116	11.88
1694	20118	11.88
1695	20196	11.92
1696	20154	11.88
1697	20186	11.90
1698	20169	11.88
1699	20174	11.87
1700	21017	12.36
1701	20170	11.86
1702	20220	11.88
1703	20283	11.91
1704	20242	11.88
1705	20238	11.87
1706	20285	11.89
1707	20249	11.86
1708	21160	12.39
1709	20315	11.89
1710	20314	11.88
1711	20303	11.87
1712	20392	11.91
1713	20348	11.88
1714	20364	11.88
1715	21220	12.37
1716	20372	11.87
1717	20410	11.89
1718	20406	11.88
1719	20421	11.88
1720	20421	11.87
1721	20568	11.95
1722	20456	11.88
1723	20469	11.88
1724	20471	11.87
1725	20515	11.89
1726	20505	11.88
1727	20514	11.88
1728	20543	11.89
1729	20551	11.89
1730	23138	13.37
1731	20571	11.88
1732	21427	12.37
1733	22916	13.22
1734	23213	13.39
1735	22559	13.00
1736	28823	16.60
1737	20618	11.87
1738	20770	11.95
1739	22220	12.78
1740	22352	12.85
1741	20684	11.88
1742	20684	11.87
1743	20716	11.89
1744	20735	11.89
1745	20723	11.88
1746	20752	11.89
1747	20770	11.89
1748	20769	11.88
1749	21853	12.49
1750	20755	11.86
1751	20787	11.87
1752	20803	11.87
1753	20802	11.87
1754	20843	11.88
1755	20920	11.92
1756	20865	11.88
1757	20876	11.88
1758	20875	11.87
1759	21637	12.30
1760	20872	11.86
1761	20900	11.87
1762	20932	11.88
1763	20925	11.87
1764	21025	11.92
1765	20946	11.87
1766	22723	12.87
1767	21792	12.33
1768	20978	11.87
1769	21016	11.88
1770	21025	11.88
1771	21048	11.88
1772	21056	11.88
1773	21066	11.88
1774	21086	11.89
1775	21069	11.87
1776	21042	11.85
1777	21110	11.88
1778	21114	11.88
1779	21111	11.87
1780	21958	12.34
1781	21163	11.88
1782	21163	11.88
1783	21167	11.87
1784	21193	11.88
1785	21212	11.88
1786	21207	11.87
1787	21219	11.87
1788	21234	11.88
1789	21246	11.88
1790	21271	11.88
1791	21283	11.88
1792	21270	11.87
1793	21314	11.89
1794	21304	11.88
1795	21321	11.88
1796	21326	11.87
1797	21356	11.88
1798	21355	11.88
1799	21368	11.88
1800	22086	12.27
1801	21372	11.87
1802	21397	11.87
1803	21403	11.87
1804	21422	11.87
1805	21514	11.92
1806	21466	11.89
1807	21459	11.88
1808	21481	11.88
1809	21468	11.87
1810	21502	11.88
1811	21505	11.87
1812	21516	11.87
1813	25812	14.24
1814	21553	11.88
1815	21549	11.87
1816	21549	11.87
1817	21598	11.89
1818	21610	11.89
1819	21598	11.87
1820	21584	11.86
1821	21602	11.86
1822	21712	11.92
1823	21635	11.87
1824	21666	11.88
1825	21647	11.86
1826	21676	11.87
1827	21699	11.88
1828	25040	13.70
1829	21738	11.89
1830	21746	11.88
1831	21745	11.88
1832	21763	11.88
1833	21767	11.88
1834	21785	11.88
1835	21808	11.88
1836	21818	11.88
1837	21835	11.89
1838	21921	11.93
1839	21851	11.88
1840	21803	11.85
1841	21870	11.88
1842	21875	11.88
1843	22023	11.95
1844	26826	14.55
1845	27372	14.84
1846	26296	14.24
1847	22861	12.38
1848	24033	13.00
1849	22878	12.37
1850	21983	11.88
1851	22023	11.90
1852	25395	13.71
1853	22027	11.89
1854	22030	11.88
1855	22051	11.89
1856	22054	11.88
1857	22066	11.88
1858	22124	11.91
1859	22095	11.89
1860	22028	11.84
1861	22091	11.87
1862	22121	11.88
1863	22117	11.87
1864	22123	11.87
1865	22175	11.89
1866	22158	11.87
1867	22184	11.88
1868	22201	11.88
1869	22316	11.94
1870	22205	11.87
1871	22234	11.88
1872	22245	11.88
1873	22241	11.87
1874	22243	11.87
1875	22149	11.81
1876	23065	12.29
1877	22411	11.94
1878	22278	11.86
1879	22324	11.88
1880	22303	11.86
1881	22350	11.88
1882	22359	11.88
1883	22365	11.88
1884	22381	11.88
1885	22458	11.91
1886	22405	11.88
1887	22418	11.88
1888	22430	11.88
1889	22436	11.88
1890	22455	11.88
1891	22465	11.88
1892	22462	11.87
1893	22502	11.89
1894	22492	11.88
1895	24416	12.88
1896	22515	11.88
1897	22547	11.89
1898	22547	11.88
1899	22791	12.00
1900	23122	12.17
1901	23139	12.17
1902	23138	12.17
1903	23166	12.17
1904	23170	12.17
1905	23184	12.17
1906	23228	12.19
1907	23223	12.18
1908	23218	12.17
1909	23304	12.21
1910	23250	12.17
1911	23260	12.17
1912	23285	12.18
1913	23273	12.17
1914	23297	12.17
1915	23312	12.17
1916	23335	12.18
1917	23416	12.21
1918	23338	12.17
1919	23366	12.18
1920	23331	12.15
1921	23384	12.17
1922	23395	12.17
1923	23402	12.17
1924	23530	12.23
1925	23424	12.17
1926	23468	12.18
1927	23459	12.17
1928	23455	12.17
1929	23471	12.17
1930	23489	12.17
1931	23577	12.21
1932	23576	12.20
1933	23534	12.17
1934	23532	12.17
1935	24713	12.77
1936	25084	12.96
1937	23578	12.17
1938	23595	12.17
1939	23798	12.27
1940	23549	12.14
1941	23642	12.18
1942	23632	12.17
1943	23639	12.17
1944	23658	12.17
1945	23676	12.17
1946	23761	12.21
1947	23786	12.22
1948	23755	12.19
1949	23733	12.18
1950	23753	12.18
1951	23751	12.17
1952	23778	12.18
1953	23772	12.17
1954	23811	12.19
1955	23811	12.18
1956	23829	12.18
1957	23842	12.18
1958	23849	12.18
1959	23852	12.18
1960	23800	12.14
1961	23876	12.18
1962	23886	12.17
1963	23902	12.18
1964	23900	12.17
1965	23904	12.16
1966	23950	12.18
1967	23938	12.17
1968	23955	12.17
1969	23979	12.18
1970	23982	12.17
1971	23996	12.17
1972	23994	12.17
1973	24014	12.17
1974	24020	12.17
1975	23511	11.90
1976	23542	11.91
1977	23496	11.88
1978	23480	11.87
1979	23510	11.88
1980	23468	11.85
1981	26632	13.44
1982	23537	11.88
1983	24491	12.35
1984	29921	15.08
1985	24630	12.41
1986	24591	12.38
1987	25704	12.94
1988	23620	11.88
1989	23629	11.88
1990	23622	11.87
1991	23642	11.87
1992	23673	11.88
1993	23665	11.87
1994	23671	11.87
1995	23674	11.87
1996	23680	11.86
1997	24436	12.24
1998	26406	13.22
1999	23695	11.85
2000	24999	12.50
2001	23701	11.84
2002	23725	11.85
2003	23755	11.86
2004	23767	11.86
2005	23795	11.87
2006	23816	11.87
2007	23841	11.88
2008	23864	11.88
2009	23848	11.87
2010	23857	11.87
2011	23890	11.88
2012	23926	11.89
2013	23968	11.91
2014	24879	12.35
2015	23937	11.88
2016	23918	11.86
2017	23958	11.88
2018	23956	11.87
2019	23981	11.88
2020	24026	11.89
2021	23998	11.87
2022	24006	11.87
2023	24024	11.88
2024	24023	11.87
2025	25654	12.67
2026	25773	12.72
2027	24072	11.88
2028	24173	11.92
2029	24103	11.88
2030	24090	11.87
2031	24111	11.87
2032	24153	11.89
2033	29832	14.67
2034	28741	14.13
2035	26357	12.95
2036	24176	11.87
2037	24186	11.87
2038	24204	11.88
2039	24200	11.87
2040	24199	11.86
2041	24230	11.87
2042	25467	12.47
2043	24275	11.88
2044	24302	11.89
2045	24308	11.89
2046	24320	11.89
2047	24348	11.89
2048	24941	12.18
2049	25150	12.27
2050	24974	12.18
2051	24960	12.17
2052	24999	12.18
2053	25033	12.19
2054	25009	12.18
2055	25027	12.18
2056	25064	12.19
2057	25058	12.18
2058	25068	12.18
2059	25088	12.18
2060	25062	12.17
2061	25104	12.18
2062	25113	12.18
2063	25119	12.18
2064	25191	12.20
2065	25150	12.18
2066	25186	12.19
2067	25182	12.18
2068	25161	12.17
2069	25197	12.18
2070	25219	12.18
2071	25232	12.18
2072	25243	12.18
2073	25247	12.18
2074	25265	12.18
2075	25277	12.18
2076	25304	12.19
2077	25339	12.20
2078	25344	12.20
2079	25305	12.17
2080	25303	12.16
2081	25337	12.18
2082	25369	12.18
2083	25374	12.18
2084	27860	13.37
2085	25419	12.19
2086	25400	12.18
2087	25435	12.19
2088	25433	12.18
2089	25489	12.20
2090	25449	12.18
2091	25454	12.17
2092	25644	12.26
2093	25507	12.19
2094	25548	12.20
2095	25534	12.19
2096	25547	12.19
2097	25540	12.18
2098	25558	12.18
2099	25718	12.25
2100	25522	12.15
2101	25582	12.18
2102	25573	12.17
2103	25612	12.18
2104	26821	12.75
2105	25632	12.18
2106	25789	12.25
2107	25673	12.18
2108	25682	12.18
2109	25674	12.17
2110	25705	12.18
2111	25702	12.18
2112	25712	12.17
2113	25863	12.24
2114	25743	12.18
2115	25765	12.18
2116	25756	12.17
2117	25790	12.18
2118	25899	12.23
2119	25165	11.88
2120	25189	11.88
2121	26831	12.65
2122	25235	11.89
2123	28429	13.39
2124	25283	11.90
2125	25245	11.88
2126	25328	11.91
2127	28364	13.34
2128	27384	12.87
2129	26079	12.25
2130	25374	11.91
2131	25358	11.90
2132	25360	11.89
2133	25379	11.90
2134	25403	11.90
2135	25411	11.90
2136	25447	11.91
2137	25469	11.92
2138	25443	11.90
2139	26213	12.25
2140	26654	12.46
2141	25502	11.91
2142	26214	12.24
2143	25508	11.90
2144	25552	11.92
2145	25529	11.90
2146	25538	11.90
2147	25571	11.91
2148	25587	11.91
2149	25587	11.91
2150	25621	11.92
2151	25613	11.91
2152	25648	11.92
2153	25622	11.90
2154	25652	11.91
2155	25641	11.90
2156	25670	11.91
2157	25700	11.91
2158	25716	11.92
2159	25699	11.90
2160	25657	11.88
2161	25727	11.91
2162	25726	11.90
2163	25760	11.91
2164	25770	11.91
2165	25752	11.89
2166	25803	11.91
2167	25815	11.91
2168	25808	11.90
2169	25814	11.90
2170	27443	12.65
2171	25851	11.91
2172	25842	11.90
2173	25873	11.91
2174	25882	11.91
2175	25887	11.90
2176	25822	11.87
2177	25878	11.89
2178	25921	11.90
2179	25939	11.90
2180	25920	11.89
2181	25971	11.91
2182	26021	11.93
2183	25980	11.90
2184	25955	11.88
2185	26016	11.91
2186	26010	11.90
2187	26018	11.90
2188	26155	11.95
2189	26060	11.90
2190	26056	11.90
2191	26073	11.90
2192	26118	11.92
2193	26091	11.90
2194	26119	11.90
2195	26138	11.91
2196	26146	11.91
2197	26143	11.90
2198	26149	11.90
2199	27121	12.33
2200	28806	13.09
2201	26177	11.89
2202	26196	11.90
2203	26179	11.88
2204	26227	11.90
2205	26256	11.91
2206	26252	11.90
2207	26287	11.91
2208	26262	11.89
2209	26438	11.97
2210	26290	11.90
2211	26352	11.92
2212	26289	11.88
2213	26368	11.92
2214	26336	11.90
2215	26375	11.91
2216	26381	11.90
2217	26354	11.89
2218	26385	11.90
2219	26374	11.89
2220	26368	11.88
2221	26491	11.93
2222	26482	11.92
2223	28819	12.96
2224	26510	11.92
2225	26402	11.87
2226	26461	11.89
2227	26484	11.89
2228	27248	12.23
2229	29458	13.22
2230	27891	12.51
2231	26564	11.91
2232	26589	11.91
2233	26568	11.90
2234	26576	11.90
2235	26606	11.90
2236	26623	11.91
2237	26607	11.89
2238	26666	11.92
2239	26661	11.91
2240	26596	11.87
2241	27536	12.29
2242	26791	11.95
2243	26700	11.90
2244	26731	11.91
2245	26697	11.89
2246	26726	11.90
2247	26746	11.90
2248	26758	11.90
2249	27650	12.29
2250	26754	11.89
2251	26769	11.89
2252	26815	11.91
2253	26811	11.90
2254	26829	11.90
2255	27831	12.34
2256	26838	11.90
2257	26841	11.89
2258	30138	13.35
2259	26831	11.88
2260	26794	11.86
2261	26837	11.87
2262	26877	11.88
2263	26885	11.88
2264	26885	11.88
2265	27119	11.97
2266	26915	11.88
2267	28646	12.64
2268	26939	11.88
2269	26975	11.89
2270	26982	11.89
2271	26982	11.88
2272	26980	11.88
2273	27001	11.88
2274	29588	13.01
2275	27005	11.87
2276	27050	11.88
2277	27041	11.88
2278	27220	11.95
2279	27095	11.89
2280	27028	11.85
2281	27138	11.90
2282	27153	11.90
2283	27166	11.90
2284	28137	12.32
2285	27199	11.90
2286	27200	11.90
2287	27235	11.91
2288	27271	11.92
2289	27285	11.92
2290	27286	11.92
2291	27438	11.98
2292	27306	11.91
2293	27322	11.92
2294	27318	11.91
2295	28344	12.35
2296	27348	11.91
2297	27457	11.95
2298	27373	11.91
2299	27383	11.91
2300	29043	12.63
2301	27411	11.91
2302	27394	11.90
2303	27446	11.92
2304	27413	11.90
2305	27459	11.91
2306	27430	11.90
2307	27435	11.89
2308	27428	11.88
2309	27468	11.90
2310	27548	11.93
2311	27507	11.90
2312	27558	11.92
2313	27509	11.89
2314	27560	11.91
2315	27579	11.91
2316	27585	11.91
2317	27732	11.97
2318	27582	11.90
2319	27653	11.92
2320	27558	11.88
2321	27649	11.91
2322	31702	13.65
2323	27665	11.91
2324	27705	11.92
2325	32994	14.19
2326	30401	13.07
2327	27831	11.96
2328	27671	11.89
2329	27761	11.92
2330	27788	11.93
2331	27753	11.91
2332	27779	11.91
2333	27866	11.94
2334	27800	11.91
2335	27862	11.93
2336	27828	11.91
2337	28540	12.21
2338	29887	12.78
2339	27884	11.92
2340	27811	11.89
2341	27863	11.90
2342	27931	11.93
2343	27875	11.90
2344	27931	11.92
2345	27940	11.91
2346	27963	11.92
2347	28630	12.20
2348	28039	11.94
2349	27976	11.91
2350	27975	11.90
2351	27975	11.90
2352	29001	12.33
2353	28025	11.91
2354	28082	11.93
2355	28011	11.89
2356	28055	11.91
2357	28077	11.91
2358	28096	11.92
2359	28070	11.90
2360	28051	11.89
2361	31247	13.23
2362	31063	13.15
2363	28141	11.91
2364	28151	11.91
2365	28131	11.89
2366	28166	11.90
2367	28279	11.95
2368	35656	15.06
2369	32648	13.78
2370	30740	12.97
2371	28257	11.92
2372	28228	11.90
2373	28239	11.90
2374	28298	11.92
2375	28180	11.87
2376	28316	11.92
2377	28349	11.93
2378	28296	11.90
2379	28246	11.87
2380	29986	12.60
2381	29619	12.44
2382	29079	12.21
2383	29074	12.20
2384	29098	12.21
2385	29194	12.24
2386	29126	12.21
2387	29112	12.20
2388	29142	12.20
2389	29153	12.20
2390	29172	12.21
2391	30887	12.92
2392	29140	12.18
2393	29168	12.19
2394	29166	12.18
2395	29193	12.19
2396	29209	12.19
2397	29227	12.19
2398	29209	12.18
2399	29194	12.17
2400	29140	12.14
2401	29212	12.17
2402	29232	12.17
2403	29258	12.18
2404	29285	12.18
2405	29309	12.19
2406	29315	12.18
2407	29322	12.18
2408	29340	12.18
2409	29450	12.22
2410	29348	12.18
2411	29398	12.19
2412	29388	12.18
2413	29379	12.18
2414	29374	12.17
2415	29507	12.22
2416	29438	12.18
2417	29474	12.19
2418	29449	12.18
2419	29462	12.18
2420	29430	12.16
2421	29500	12.19
2422	29499	12.18
2423	29543	12.19
2424	29498	12.17
2425	29528	12.18
2426	29560	12.18
2427	29588	12.19
2428	29580	12.18
2429	29614	12.19
2430	32185	13.24
2431	29633	12.19
2432	29651	12.19
2433	29738	12.22
2434	29667	12.19
2435	29678	12.19
2436	29689	12.19
2437	29683	12.18
2438	29723	12.19
2439	29804	12.22
2440	29679	12.16
2441	29351	12.02
2442	29020	11.88
2443	29035	11.88
2444	31597	12.93
2445	29069	11.89
2446	29045	11.87
2447	29925	12.23
2448	29092	11.88
2449	29107	11.89
2450	29117	11.88
2451	29190	11.91
2452	29148	11.89
2453	30925	12.61
2454	29171	11.89
2455	29148	11.87
2456	29188	11.88
2457	29270	11.91
2458	29225	11.89
2459	29259	11.90
2460	29207	11.87
2461	29241	11.88
2462	29234	11.87
2463	29282	11.89
2464	29307	11.89
2465	29293	11.88
2466	29312	11.89
2467	29295	11.87
2468	29314	11.88
2469	29347	11.89
2470	29442	11.92
2471	30080	12.17
2472	29410	11.90
2473	29331	11.86
2474	29426	11.89
2475	29378	11.87
2476	29555	11.94
2477	29393	11.87
2478	29475	11.89
2479	29430	11.87
2480	29433	11.87
2481	29463	11.88
2482	29451	11.87
2483	29546	11.90
2484	29517	11.88
2485	29500	11.87
2486	29614	11.91
2487	29592	11.90
2488	29538	11.87
2489	29533	11.87
2490	29596	11.89
2491	29627	11.89
2492	29604	11.88
2493	29608	11.88
2494	29678	11.90
2495	29595	11.86
2496	32908	13.18
2497	29617	11.86
2498	29602	11.85
2499	29619	11.85
2500	30632	12.25
2501	29629	11.85
2502	29638	11.85
2503	29641	11.84
2504	29682	11.85
2505	29705	11.86
2506	29849	11.91
2507	29756	11.87
2508	29824	11.89
2509	31735	12.65
2510	29912	11.92
2511	29829	11.88
2512	29829	11.87
2513	30754	12.24
2514	29924	11.90
2515	29843	11.87
2516	29883	11.88
2517	29988	11.91
2518	29893	11.87
2519	29919	11.88
2520	32723	12.99
2521	32166	12.76
2522	30036	11.91
2523	30137	11.94
2524	30107	11.93
2525	30009	11.88
2526	30129	11.93
2527	30786	12.18
2528	33124	13.10
2529	32258	12.76
2530	30138	11.91
2531	30176	11.92
2532	30080	11.88
2533	30186	11.92
2534	30204	11.92
2535	30231	11.93
2536	30198	11.91
2537	30239	11.92
2538	30206	11.90
2539	32080	12.63
2540	30228	11.90
2541	30231	11.90
2542	30264	11.91
2543	30267	11.90
2544	30259	11.89
2545	30278	11.90
2546	30393	11.94
2547	30306	11.90
2548	30364	11.92
2549	30344	11.90
2550	30380	11.91
2551	30376	11.91
2552	30530	11.96
2553	30400	11.91
2554	30422	11.91
2555	30436	11.91
2556	32045	12.54
2557	30444	11.91
2558	30479	11.92
2559	30477	11.91
2560	30401	11.88
2561	30491	11.91
2562	30538	11.92
2563	30483	11.89
2564	30632	11.95
2565	30561	11.91
2566	30544	11.90
2567	30548	11.90
2568	30589	11.91
2569	30581	11.90
2570	30693	11.94
2571	36957	14.37
2572	30640	11.91
2573	30658	11.92
2574	30645	11.91
2575	30676	11.91
2576	30614	11.88
2577	30779	11.94
2578	30704	11.91
2579	30723	11.91
2580	31415	12.18
2581	30823	11.94
2582	31558	12.22
2583	30761	11.91
2584	30791	11.92
2585	30798	11.91
2586	30800	11.91
2587	30834	11.92
2588	30872	11.93
2589	30863	11.92
2590	30901	11.93
2591	30878	11.92
2592	30851	11.90
2593	30915	11.92
2594	30909	11.92
2595	30900	11.91
2596	30942	11.92
2597	30964	11.92
2598	31027	11.94
2599	30964	11.91
2600	32510	12.50
2601	30950	11.90
2602	31007	11.92
2603	30993	11.91
2604	31031	11.92
2605	31083	11.93
2606	31071	11.92
2607	31104	11.93
2608	31111	11.93
2609	31114	11.93
2610	31134	11.93
2611	31176	11.94
2612	31096	11.91
2613	31131	11.91
2614	31154	11.92
2615	31188	11.93
2616	31185	11.92
2617	31186	11.92
2618	31192	11.91
2619	33325	12.72
2620	31145	11.89
2621	31214	11.91
2622	31255	11.92
2623	31980	12.19
2624	32976	12.57
2625	33026	12.58
2626	31275	11.91
2627	31371	11.94
2628	31398	11.95
2629	31353	11.93
2630	31340	11.92
2631	31371	11.92
2632	31384	11.92
2633	31367	11.91
2634	32227	12.24
2635	32528	12.34
2636	31421	11.92
2637	32315	12.25
2638	32327	12.25
2639	31454	11.92
2640	31417	11.90
2641	31452	11.91
2642	31495	11.92
2643	31469	11.91
2644	31496	11.91
2645	31523	11.92
2646	31544	11.92
2647	32375	12.23
2648	31551	11.92
2649	31590	11.93
2650	31557	11.91
2651	31593	11.92
2652	31591	11.91
2653	31587	11.91
2654	31634	11.92
2655	31664	11.93
2656	34156	12.86
2657	31643	11.91
2658	33242	12.51
2659	31686	11.92
2660	31687	11.91
2661	31703	11.91
2662	31714	11.91
2663	31708	11.91
2664	34165	12.82
2665	31743	11.91
2666	31742	11.91
2667	31755	11.91
2668	31798	11.92
2669	31782	11.91
2670	31829	11.92
2671	31841	11.92
2672	31846	11.92
2673	31941	11.95
2674	31841	11.91
2675	31883	11.92
2676	31889	11.92
2677	31864	11.90
2678	31980	11.94
2679	31941	11.92
2680	31855	11.89
2681	31942	11.91
2682	32009	11.93
2683	31971	11.92
2684	31978	11.91
2685	31990	11.91
2686	32025	11.92
2687	31997	11.91
2688	32036	11.92
2689	36748	13.67
2690	32044	11.91
2691	32047	11.91
2692	32056	11.91
2693	32090	11.92
2694	33950	12.60
2695	32133	11.92
2696	32116	11.91
2697	32138	11.92
2698	32192	11.93
2699	37594	13.93
2700	34206	12.67
2701	33328	12.34
2702	32191	11.91
2703	32183	11.91
2704	32238	11.92
2705	33812	12.50
2706	34124	12.61
2707	33722	12.46
2708	32255	11.91
2709	33269	12.28
2710	32300	11.92
2711	32368	11.94
2712	32328	11.92
2713	32326	11.92
2714	32301	11.90
2715	32352	11.92
2716	34111	12.56
2717	34462	12.68
2718	35256	12.97
2719	32407	11.92
2720	32320	11.88
2721	33364	12.26
2722	33376	12.26
2723	32425	11.91
2724	32505	11.93
2725	36895	13.54
2726	36749	13.48
2727	34983	12.83
2728	33342	12.22
2729	33357	12.22
2730	34023	12.46
2731	33415	12.24
2732	33434	12.24
2733	33372	12.21
2734	33400	12.22
2735	33381	12.21
2736	33437	12.22
2737	33542	12.26
2738	33466	12.22
2739	33451	12.21
2740	33374	12.18
2741	33510	12.23
2742	33506	12.22
2743	33471	12.20
2744	33501	12.21
2745	33546	12.22
2746	33538	12.21
2747	33573	12.22
2748	33580	12.22
2749	33567	12.21
2750	33544	12.20
2751	33590	12.21
2752	33640	12.22
2753	33645	12.22
2754	33646	12.22
2755	33631	12.21
2756	33685	12.22
2757	33677	12.22
2758	33699	12.22
2759	33726	12.22
2760	33631	12.19
2761	33719	12.21
2762	33833	12.25
2763	33762	12.22
2764	33786	12.22
2765	33774	12.21
2766	33822	12.23
2767	33830	12.23
2768	33885	12.24
2769	33820	12.21
2770	33847	12.22
2771	33859	12.22
2772	33830	12.20
2773	33928	12.24
2774	33991	12.25
2775	33884	12.21
2776	33944	12.23
2777	33929	12.22
2778	33965	12.23
2779	33975	12.23
2780	33783	12.15
2781	33107	11.90
2782	33181	11.93
2783	33181	11.92
2784	33186	11.92
2785	33252	11.94
2786	33218	11.92
2787	33222	11.92
2788	33212	11.91
2789	33245	11.92
2790	33251	11.92
2791	33251	11.91
2792	33259	11.91
2793	33287	11.92
2794	33287	11.91
2795	33314	11.92
2796	33314	11.91
2797	33359	11.93
2798	33359	11.92
2799	33330	11.91
2800	35001	12.50
2801	33331	11.90
2802	33394	11.92
2803	33394	11.91
2804	33422	11.92
2805	33424	11.92
2806	33429	11.91
2807	36707	13.08
2808	33384	11.89
2809	33409	11.89
2810	33407	11.89
2811	33440	11.90
2812	33441	11.89
2813	33464	11.90
2814	33461	11.89
2815	33487	11.90
2816	33478	11.89
2817	33497	11.89
2818	36157	12.83
2819	33511	11.89
2820	33527	11.89
2821	34326	12.17
2822	40889	14.49
2823	34621	12.26
2824	33596	11.90
2825	33599	11.89
2826	33605	11.89
2827	33627	11.89
2828	33772	11.94
2829	37151	13.13
2830	33651	11.89
2831	35703	12.61
2832	33690	11.90
2833	33686	11.89
2834	33693	11.89
2835	33708	11.89
2836	33732	11.89
2837	33756	11.90
2838	34440	12.14
2839	33913	11.95
2840	33732	11.88
2841	33748	11.88
2842	33793	11.89
2843	34594	12.17
2844	33974	11.95
2845	33865	11.90
2846	33855	11.90
2847	33905	11.91
2848	33841	11.88
2849	33980	11.93
2850	33955	11.91
2851	33880	11.88
2852	33881	11.88
2853	33900	11.88
2854	34648	12.14
2855	34053	11.93
2856	37999	13.30
2857	49681	17.39
2858	42179	14.76
2859	42472	14.86
2860	34716	12.14
2861	33984	11.88
2862	39001	13.63
2863	37351	13.05
2864	34067	11.89
2865	34654	12.10
2866	35711	12.46
2867	41521	14.48
2868	48200	16.81
2869	45790	15.96
2870	34801	12.13
2871	34762	12.11
2872	35920	12.51
2873	39245	13.66
2874	34374	11.96
2875	34833	12.12
2876	34449	11.98
2877	34918	12.14
2878	34343	11.93
2879	38008	13.20
2880	43257	15.02
2881	34719	12.05
2882	36156	12.55
2883	36101	12.52
2884	36215	12.56
2885	36249	12.56
2886	36395	12.61
2887	36459	12.63
2888	36483	12.63
2889	36210	12.53
2890	36296	12.56
2891	36232	12.53
2892	36337	12.56
2893	36283	12.54
2894	36512	12.62
2895	36692	12.67
2896	36917	12.75
2897	36596	12.63
2898	36469	12.58
2899	36681	12.65
2900	37413	12.90
2901	36502	12.58
2902	36600	12.61
2903	36943	12.73
2904	36470	12.56
2905	36732	12.64
2906	36632	12.61
2907	36408	12.52
2908	36482	12.55
2909	36692	12.61
2910	36711	12.62
2911	36869	12.67
2912	36621	12.58
2913	36555	12.55
2914	39618	13.60
2915	36412	12.49
2916	36569	12.54
2917	36736	12.59
2918	36979	12.67
2919	36517	12.51
2920	36455	12.48
2921	36465	12.48
2922	36476	12.48
2923	36611	12.53
2924	36517	12.49
2925	36630	12.52
2926	36738	12.56
2927	37304	12.74
2928	36731	12.54
2929	36549	12.48
2930	36978	12.62
2931	36476	12.44
2932	35801	12.21
2933	36971	12.61
2934	36060	12.29
2935	36119	12.31
2936	35929	12.24
2937	35850	12.21
2938	38823	13.21
2939	35908	12.22
2940	37687	12.82
2941	36431	12.39
2942	36525	12.42
2943	36000	12.23
2944	36000	12.23
2945	36309	12.33
2946	35973	12.21
2947	35996	12.21
2948	37301	12.65
2949	36438	12.36
2950	36799	12.47
2951	36126	12.24
2952	36034	12.21
2953	36602	12.39
2954	36990	12.52
2955	36095	12.21
2956	37899	12.82
2957	36240	12.26
2958	36745	12.42
2959	36213	12.24
2960	36274	12.25
2961	38022	12.84
2962	36084	12.18
2963	36048	12.17
2964	36134	12.19
2965	36929	12.45
2966	36391	12.27
2967	36867	12.43
2968	36281	12.22
2969	36353	12.24
2970	37596	12.66
2971	36228	12.19
2972	37179	12.51
2973	38240	12.86
2974	36424	12.25
2975	36903	12.40
2976	36209	12.17
2977	36373	12.22
2978	37391	12.56
2979	36245	12.17
2980	36237	12.16
2981	38557	12.93
2982	36351	12.19
2983	37108	12.44
2984	37298	12.50
2985	36677	12.29
2986	38709	12.96
2987	38457	12.87
2988	36654	12.27
2989	39073	13.07
2990	37655	12.59
2991	37183	12.43
2992	37371	12.49
2993	36592	12.23
2994	36659	12.24
2995	38718	12.93
2996	39020	13.02
2997	36762	12.27
2998	37172	12.40
2999	36831	12.28
3000	36723	12.24
3001	36828	12.27
3002	36582	12.19
3003	36656	12.21
3004	36941	12.30
3005	37042	12.33
3006	37555	12.49
3007	36749	12.22
3008	38973	12.96
3009	36807	12.23
3010	36752	12.21
3011	36763	12.21
3012	37745	12.53
3013	37484	12.44
3014	38080	12.63
3015	37153	12.32
3016	36995	12.27
3017	37347	12.38
3018	36852	12.21
3019	37073	12.28
3020	38095	12.61
3021	36988	12.24
3022	37299	12.34
3023	37711	12.47
3024	37178	12.29
3025	36914	12.20
3026	37993	12.56
3027	38108	12.59
3028	39208	12.95
3029	37573	12.40
3030	37568	12.40
3031	37142	12.25
3032	37170	12.26
3033	37985	12.52
3034	37069	12.22
3035	37089	12.22
3036	37588	12.38
3037	37441	12.33
3038	37646	12.39
3039	37221	12.25
3040	37083	12.20
3041	37498	12.33
3042	37246	12.24
3043	37204	12.23
3044	38143	12.53
3045	37564	12.34
3046	37878	12.44
3047	37370	12.26
3048	38163	12.52
3049	37467	12.29
3050	37280	12.22
3051	38782	12.71
3052	37970	12.44
3053	37955	12.43
3054	37489	12.28
3055	37420	12.25
3056	37614	12.31
3057	37325	12.21
3058	37377	12.22
3059	37450	12.24
3060	37607	12.29
3061	38019	12.42
3062	37768	12.33
3063	37512	12.25
3064	39143	12.78
3065	37729	12.31
3066	37492	12.23
3067	38365	12.51
3068	37929	12.36
3069	38135	12.43
3070	37585	12.24
3071	38151	12.42
3072	38709	12.60
3073	37644	12.25
3074	37671	12.25
3075	39888	12.97
3076	37895	12.32
3077	38233	12.43
3078	37809	12.28
3079	37828	12.29
3080	37602	12.21
3081	37629	12.21
3082	37707	12.23
3083	39031	12.66
3084	38017	12.33
3085	38167	12.37
3086	37747	12.23
3087	38267	12.40
3088	37868	12.26
3089	37748	12.22
3090	38610	12.50
3091	38003	12.29
3092	38365	12.41
3093	38059	12.30
3094	37858	12.24
3095	37919	12.25
3096	38081	12.30
3097	37853	12.22
3098	41130	13.28
3099	43440	14.02
3100	43209	13.94
3101	37977	12.25
3102	38988	12.57
3103	39021	12.58
3104	37919	12.22
3105	43636	14.05
3106	42920	13.82
3107	48518	15.62
3108	41172	13.25
3109	39252	12.63
3110	42753	13.75
3111	38026	12.22
3112	40248	12.93
3113	38573	12.39
3114	39024	12.53
3115	41202	13.23
3116	38000	12.20
3117	40663	13.05
3118	47791	15.33
3119	43291	13.88
3120	42381	13.58
3121	43526	13.95
3122	43849	14.05
3123	44847	14.36
3124	44965	14.39
3125	49664	15.89
3126	46271	14.80
3127	44353	14.18
3128	43563	13.93
3129	45479	14.53
3130	46472	14.85
3131	46389	14.82
3132	45696	14.59
3133	44571	14.23
3134	44573	14.22
3135	46017	14.68
3136	44332	14.14
3137	45069	14.37
3138	44416	14.15
3139	46008	14.66
3140	46522	14.82
3141	51497	16.40
3142	47812	15.22
3143	49638	15.79
3144	47554	15.13
3145	51561	16.39
3146	51501	16.37
3147	63385	20.14
3148	60246	19.14
3149	61416	19.50
3150	53517	16.99
3151	50237	15.94
3152	61540	19.52
3153	59732	18.94
3154	52513	16.65
3155	49568	15.71
3156	50538	16.01
3157	48303	15.30
3158	46912	14.85
3159	46429	14.70
3160	45871	14.52
3161	46396	14.68
3162	53896	17.04
3163	46163	14.59
3164	47971	15.16
3165	45946	14.52
3166	45503	14.37
3167	45570	14.39
3168	45043	14.22
3169	44897	14.17
3170	44955	14.18
3171	45427	14.33
3172	45644	14.39
3173	44318	13.97
3174	44418	13.99
3175	44113	13.89
3176	41351	13.02
3177	39998	12.59
3178	39763	12.51
3179	39766	12.51
3180	39782	12.51
3181	39797	12.51
3182	39822	12.51
3183	39853	12.52
3184	39842	12.51
3185	39863	12.52
3186	39949	12.54
3187	39881	12.51
3188	39952	12.53
3189	39928	12.52
3190	39934	12.52
3191	40019	12.54
3192	39971	12.52
3193	39985	12.52
3194	39998	12.52
3195	40110	12.55
3196	40037	12.53
3197	40188	12.57
3198	40000	12.51
3199	40476	12.65
3200	39866	12.46
3201	39842	12.45
3202	39948	12.48
3203	39996	12.49
3204	39991	12.48
3205	39963	12.47
3206	39995	12.48
3207	40006	12.47
3208	40030	12.48
3209	40039	12.48
3210	40052	12.48
3211	40067	12.48
3212	40085	12.48
3213	40094	12.48
3214	40107	12.48
3215	40168	12.49
3216	40134	12.48
3217	40160	12.48
3218	40154	12.48
3219	40294	12.52
3220	40138	12.47
3221	40179	12.47
3222	40257	12.49
3223	40439	12.55
3224	41073	12.74
3225	40455	12.54
3226	40409	12.53
3227	40416	12.52
3228	40697	12.61
3229	40481	12.54
3230	40719	12.61
3231	40501	12.54
3232	40439	12.51
3233	40578	12.55
3234	40447	12.51
3235	40551	12.54
3236	40530	12.52
3237	40682	12.57
3238	40146	12.40
3239	39552	12.21
3240	39535	12.20
3241	39536	12.20
3242	39745	12.26
3243	39505	12.18
3244	39552	12.19
3245	39571	12.19
3246	39536	12.18
3247	39568	12.19
3248	39600	12.19
3249	39611	12.19
3250	39480	12.15
3251	39582	12.18
3252	39628	12.19
3253	39636	12.18
3254	39619	12.18
3255	39606	12.17
3256	39632	12.17
3257	39691	12.19
3258	39678	12.18
3259	39694	12.18
3260	39678	12.17
3261	39716	12.18
3262	39725	12.18
3263	39759	12.18
3264	39890	12.22
3265	39748	12.17
3266	39784	12.18
3267	39795	12.18
3268	39803	12.18
3269	39831	12.18
3270	39838	12.18
3271	39852	12.18
3272	39876	12.19
3273	40007	12.22
3274	39881	12.18
3275	39900	12.18
3276	39888	12.18
3277	40010	12.21
3278	39967	12.19
3279	39970	12.19
3280	39909	12.17
3281	39948	12.18
3282	40100	12.22
3283	39224	11.95
3284	39025	11.88
3285	39005	11.87
3286	39005	11.87
3287	39072	11.89
3288	40016	12.17
3289	39037	11.87
3290	39112	11.89
3291	39078	11.87
3292	39126	11.89
3293	39138	11.89
3294	39116	11.87
3295	39302	11.93
3296	39151	11.88
3297	39183	11.88
3298	39212	11.89
3299	39998	12.12
3300	39912	12.09
3301	39168	11.87
3302	39204	11.87
3303	39231	11.88
3304	40199	12.17
3305	40020	12.11
3306	39240	11.87
3307	39323	11.89
3308	39296	11.88
3309	39287	11.87
3310	41026	12.39
3311	39305	11.87
3312	39309	11.87
3313	39533	11.93
3314	40246	12.14
3315	42493	12.82
3316	39444	11.90
3317	39455	11.89
3318	44924	13.54
3319	42688	12.86
3320	39401	11.87
3321	39497	11.89
3322	39659	11.94
3323	39457	11.87
3324	39427	11.86
3325	41545	12.49
3326	40577	12.20
3327	39595	11.90
3328	40987	12.32
3329	39608	11.90
3330	39636	11.90
3331	39776	11.94
3332	40298	12.09
3333	39667	11.90
3334	40730	12.22
3335	39766	11.92
3336	39680	11.89
3337	39711	11.90
3338	39697	11.89
3339	39749	11.90
3340	39622	11.86
3341	41530	12.43
3342	39625	11.86
3343	39664	11.86
3344	39710	11.88
3345	39727	11.88
3346	39842	11.91
3347	39715	11.87
3348	39709	11.86
3349	39770	11.88
3350	39848	11.89
3351	39806	11.88
3352	39752	11.86
3353	39942	11.91
3354	39931	11.91
3355	39797	11.86
3356	39877	11.88
3357	39921	11.89
3358	39835	11.86
3359	42647	12.70
3360	40723	12.12
3361	39888	11.87
3362	39986	11.89
3363	39898	11.86
3364	40002	11.89
3365	43090	12.81
3366	40044	11.90
3367	40034	11.89
3368	40058	11.89
3369	40000	11.87
3370	40085	11.89
3371	40050	11.88
3372	40129	11.90
3373	40081	11.88
3374	40081	11.88
3375	40130	11.89
3376	40024	11.86
3377	40116	11.88
3378	40142	11.88
3379	40245	11.91
3380	40098	11.86
3381	40149	11.87
3382	40159	11.87
3383	44123	13.04
3384	40310	11.91
3385	40217	11.88
3386	40209	11.88
3387	40234	11.88
3388	40371	11.92
3389	40291	11.89
3390	40288	11.88
3391	40282	11.88
3392	40424	11.92
3393	40306	11.88
3394	40353	11.89
3395	40337	11.88
3396	40347	11.88
3397	40363	11.88
3398	40368	11.88
3399	40390	11.88
3400	41047	12.07
3401	40393	11.88
3402	40426	11.88
3403	40433	11.88
3404	42405	12.46
3405	40483	11.89
3406	40589	11.92
3407	40484	11.88
3408	40491	11.88
3409	40507	11.88
3410	40521	11.88
3411	40528	11.88
3412	40552	11.89
3413	40581	11.89
3414	40709	11.92
3415	51982	15.22
3416	41453	12.13
3417	40618	11.89
3418	40767	11.93
3419	40619	11.88
3420	43525	12.73
3421	44592	13.03
3422	40655	11.88
3423	40724	11.90
3424	40717	11.89
3425	40619	11.86
3426	40673	11.87
3427	40730	11.89
3428	43417	12.67
3429	40773	11.89
3430	40741	11.88
3431	40882	11.92
3432	40767	11.88
3433	40809	11.89
3434	40805	11.88
3435	40843	11.89
3436	43215	12.58
3437	41810	12.16
3438	40868	11.89
3439	40886	11.89
3440	40952	11.90
3441	40867	11.88
3442	40925	11.89
3443	40924	11.89
3444	40938	11.89
3445	40990	11.90
3446	40940	11.88
3447	40983	11.89
3448	42605	12.36
3449	40997	11.89
3450	40990	11.88
3451	41059	11.90
3452	41047	11.89
3453	45349	13.13
3454	41025	11.88
3455	41064	11.89
3456	41089	11.89
3457	41224	11.92
3458	41099	11.89
3459	41092	11.88
3460	41053	11.87
3461	41105	11.88
3462	43592	12.59
3463	47955	13.85
3464	42233	12.19
3465	43617	12.59
3466	41180	11.88
3467	41191	11.88
3468	41209	11.88
3469	42082	12.13
3470	41224	11.88
3471	41273	11.89
3472	41271	11.89
3473	41279	11.89
3474	41290	11.89
3475	41295	11.88
3476	41300	11.88
3477	41325	11.89
3478	41478	11.93
3479	41363	11.89
3480	42126	12.11
3481	41344	11.88
3482	41369	11.88
3483	41381	11.88
3484	41385	11.88
3485	41399	11.88
3486	41395	11.87
3487	41566	11.92
3488	41455	11.89
3489	41438	11.88
3490	41487	11.89
3491	43162	12.36
3492	42337	12.12
3493	41516	11.89
3494	41503	11.88
3495	41572	11.89
3496	41569	11.89
3497	41546	11.88
3498	44365	12.68
3499	43470	12.42
3500	48185	13.77
3501	44930	12.83
3502	41597	11.88
3503	42628	12.17
3504	41623	11.88
3505	41660	11.89
3506	41657	11.88
3507	41700	11.89
3508	41690	11.88
3509	41682	11.88
3510	41720	11.89
3511	41710	11.88
3512	41856	11.92
3513	41750	11.88
3514	45099	12.83
3515	41760	11.88
3516	41871	11.91
3517	41807	11.89
3518	46644	13.26
3519	46177	13.12
3520	45645	12.97
3521	41839	11.88
3522	42690	12.12
3523	44334	12.58
3524	41887	11.89
3525	41885	11.88
3526	43619	12.37
3527	42916	12.17
3528	41907	11.88
3529	41952	11.89
3530	41972	11.89
3531	41972	11.89
3532	41985	11.89
3533	42822	12.12
3534	42714	12.09
3535	42027	11.89
3536	41996	11.88
3537	42031	11.88
3538	42027	11.88
3539	42064	11.89
3540	42009	11.87
3541	42069	11.88
3542	42078	11.88
3543	44318	12.51
3544	42128	11.89
3545	42996	12.13
3546	42155	11.89
3547	42155	11.88
3548	42159	11.88
3549	42258	11.91
3550	42190	11.88
3551	42177	11.88
3552	42210	11.88
3553	42228	11.89
3554	43888	12.35
3555	42190	11.87
3556	42224	11.87
3557	42255	11.88
3558	42308	11.89
3559	42300	11.89
3560	43796	12.30
3561	42300	11.88
3562	42309	11.88
3563	42360	11.89
3564	42348	11.88
3565	42350	11.88
3566	42366	11.88
3567	42352	11.87
3568	42416	11.89
3569	42415	11.88
3570	42391	11.87
3571	42394	11.87
3572	42409	11.87
3573	42455	11.88
3574	42608	11.92
3575	42525	11.90
3576	42515	11.89
3577	45186	12.63
3578	42545	11.89
3579	42534	11.88
3580	42482	11.87
3581	42538	11.88
3582	42574	11.89
3583	42633	11.90
3584	42597	11.89
3585	42606	11.88
3586	42600	11.88
3587	42715	11.91
3588	42660	11.89
3589	42633	11.88
3590	42667	11.88
3591	42673	11.88
3592	42728	11.90
3593	42701	11.88
3594	42707	11.88
3595	42798	11.90
3596	44320	12.32
3597	42736	11.88
3598	42755	11.88
3599	42759	11.88
3600	42653	11.85
3601	42701	11.86
3602	43680	12.13
3603	42809	11.88
3604	42827	11.88
3605	42834	11.88
3606	42864	11.89
3607	42878	11.89
3608	42902	11.89
3609	42893	11.89
3610	42875	11.88
3611	47826	13.24
3612	42927	11.88
3613	42917	11.88
3614	46398	12.84
3615	43028	11.90
3616	48412	13.39
3617	45857	12.68
3618	43488	12.02
3619	44492	12.29
3620	43102	11.91
3621	43173	11.92
3622	43132	11.91
3623	45077	12.44
3624	43161	11.91
3625	43119	11.89
3626	43209	11.92
3627	43958	12.12
3628	43278	11.93
3629	44029	12.13
3630	43253	11.92
3631	43233	11.91
3632	43261	11.91
3633	43396	11.94
3634	43347	11.93
3635	43364	11.93
3636	43376	11.93
3637	43411	11.94
3638	43392	11.93
3639	43410	11.93
3640	43331	11.90
3641	43431	11.93
3642	43398	11.92
3643	43434	11.92
3644	44178	12.12
3645	43466	11.92
3646	43412	11.91
3647	43479	11.92
3648	43435	11.91
3649	43523	11.93
3650	43492	11.92
3651	43459	11.90
3652	43491	11.91
3653	43609	11.94
3654	43514	11.91
3655	43559	11.92
3656	43572	11.92
3657	43651	11.94
3658	43566	11.91
3659	43579	11.91
3660	45470	12.42
3661	43572	11.90
3662	43584	11.90
3663	43647	11.92
3664	43617	11.90
3665	43735	11.93
3666	43662	11.91
3667	43674	11.91
3668	43703	11.91
3669	43784	11.93
3670	43707	11.91
3671	46311	12.62
3672	43757	11.92
3673	43876	11.95
3674	43785	11.92
3675	43788	11.92
3676	43751	11.90
3677	45502	12.37
3678	43821	11.91
3679	43821	11.91
3680	43805	11.90
3681	43844	11.91
3682	43870	11.91
3683	43891	11.92
3684	43850	11.90
3685	43890	11.91
3686	43947	11.92
3687	43956	11.92
3688	43970	11.92
3689	43968	11.92
3690	43973	11.92
3691	43969	11.91
3692	45325	12.28
3693	47860	12.96
3694	44113	11.94
3695	44038	11.92
3696	44914	12.15
3697	47917	12.96
3698	46082	12.46
3699	43891	11.87
3700	44583	12.05
3701	46365	12.53
3702	43940	11.87
3703	46629	12.59
3704	43967	11.87
3705	44059	11.89
3706	43996	11.87
3707	43982	11.86
3708	44014	11.87
3709	44081	11.88
3710	44039	11.87
3711	44035	11.87
3712	44054	11.87
3713	46843	12.62
3714	44665	12.03
3715	44690	12.03
3716	44701	12.03
3717	49983	13.45
3718	49670	13.36
3719	44353	11.93
3720	44316	11.91
3721	44466	11.95
3722	44423	11.94
3723	47566	12.78
3724	44440	11.93
3725	44487	11.94
3726	44427	11.92
3727	44466	11.93
3728	45235	12.13
3729	48515	13.01
3730	44509	11.93
3731	44501	11.93
3732	44473	11.92
3733	44740	11.98
3734	44520	11.92
3735	44616	11.95
3736	44633	11.95
3737	44641	11.95
3738	44571	11.92
3739	44575	11.92
3740	44534	11.91
3741	45668	12.21
3742	45779	12.23
3743	48581	12.98
3744	47076	12.57
3745	44592	11.91
3746	47585	12.70
3747	56889	15.18
3748	56337	15.03
3749	60181	16.05
3750	83045	22.15
3751	45852	12.22
3752	52328	13.95
3753	46049	12.27
3754	48054	12.80
3755	46963	12.51
3756	44654	11.89
3757	52782	14.05
3758	53365	14.20
3759	44683	11.89
3760	44617	11.87
3761	44688	11.88
3762	46365	12.32
3763	45532	12.10
3764	44768	11.89
3765	44733	11.88
3766	44833	11.90
3767	44800	11.89
3768	44763	11.88
3769	44799	11.89
3770	59343	15.74
3771	44811	11.88
3772	44836	11.89
3773	44848	11.89
3774	44950	11.91
3775	44867	11.89
3776	44811	11.87
3777	44887	11.88
3778	44995	11.91
3779	46423	12.28
3780	44887	11.87
3781	46639	12.34
3782	47287	12.50
3783	47271	12.50
3784	47309	12.50
3785	47299	12.50
3786	47317	12.50
3787	47345	12.50
3788	47330	12.49
3789	47387	12.51
3790	47354	12.49
3791	47400	12.50
3792	47486	12.52
3793	47469	12.51
3794	47422	12.50
3795	47437	12.50
3796	47461	12.50
3797	47458	12.50
3798	47445	12.49
3799	47467	12.49
3800	50708	13.34
3801	88062	23.17
3802	70553	18.56
3803	61436	16.15
3804	56320	14.81
3805	51927	13.65
3806	50258	13.20
3807	48926	12.85
3808	47645	12.51
3809	47676	12.52
3810	47691	12.52
3811	47724	12.52
3812	47711	12.52
3813	47848	12.55
3814	47851	12.55
3815	47846	12.54
3816	48875	12.81
3817	45540	11.93
3818	46517	12.18
3819	45489	11.91
3820	46308	12.12
3821	46620	12.20
3822	46452	12.15
3823	45591	11.93
3824	51383	13.44
3825	58914	15.40
3826	46512	12.16
3827	48404	12.65
3828	52860	13.81
3829	48841	12.76
3830	45660	11.92
3831	49023	12.80
3832	50967	13.30
3833	45580	11.89
3834	47402	12.36
3835	45660	11.91
3836	45603	11.89
3837	45685	11.91
3838	45743	11.92
3839	47316	12.33
3840	45592	11.87
3841	45708	11.90
3842	54552	14.20
3843	63562	16.54
3844	50552	13.15
3845	51880	13.49
3846	49131	12.77
3847	51781	13.46
3848	48921	12.71
3849	56934	14.79
3850	65992	17.14
3851	53778	13.96
3852	51015	13.24
3853	50138	13.01
3854	49013	12.72
3855	48816	12.66
3856	48881	12.68
3857	48463	12.56
3858	49128	12.73
3859	48544	12.58
3860	48623	12.60
3861	48923	12.67
3862	48556	12.57
3863	48520	12.56
3864	48556	12.57
3865	48418	12.53
3866	48657	12.59
3867	48741	12.60
3868	48990	12.67
3869	48654	12.58
3870	49492	12.79
3871	50607	13.07
3872	50475	13.04
3873	48850	12.61
3874	49266	12.72
3875	50255	12.97
3876	50111	12.93
3877	48764	12.58
3878	48796	12.58
3879	49426	12.74
3880	50030	12.89
3881	49086	12.65
3882	49041	12.63
3883	48932	12.60
3884	50736	13.06
3885	49039	12.62
3886	49304	12.69
3887	48714	12.53
3888	49429	12.71
3889	48710	12.53
3890	50765	13.05
3891	49479	12.72
3892	49008	12.59
3893	48785	12.53
3894	48797	12.53
3895	48793	12.53
3896	48982	12.57
3897	49145	12.61
3898	49513	12.70
3899	49016	12.57
3900	48894	12.54
3901	48958	12.55
3902	49107	12.59
3903	49985	12.81
3904	49204	12.60
3905	49197	12.60
3906	49693	12.72
3907	48944	12.53
3908	49267	12.61
3909	50144	12.83
3910	49059	12.55
3911	49033	12.54
3912	48975	12.52
3913	49071	12.54
3914	49116	12.55
3915	49326	12.60
3916	49902	12.74
3917	49331	12.59
3918	49105	12.53
3919	49647	12.67
3920	49323	12.58
3921	50111	12.78
3922	52558	13.40
3923	48927	12.47
3924	48167	12.27
3925	48043	12.24
3926	52764	13.44
3927	48727	12.41
3928	51365	13.08
3929	51228	13.04
3930	47955	12.20
3931	50334	12.80
3932	50308	12.79
3933	49300	12.53
3934	48727	12.39
3935	48386	12.30
3936	52147	13.25
3937	50174	12.74
3938	49038	12.45
3939	48521	12.32
3940	49459	12.55
3941	48928	12.42
3942	48243	12.24
3943	51325	13.02
3944	48721	12.35
3945	48230	12.23
3946	49683	12.59
3947	48146	12.20
3948	48329	12.24
3949	49032	12.42
3950	51352	13.00
3951	53134	13.45
3952	51413	13.01
3953	48298	12.22
3954	48403	12.24
3955	48434	12.25
3956	49410	12.49
3957	49282	12.45
3958	48826	12.34
3959	49884	12.60
3960	52198	13.18
3961	48379	12.21
3962	49137	12.40
3963	48489	12.24
3964	53386	13.47
3965	48352	12.19
3966	50843	12.82
3967	49340	12.44
3968	48458	12.21
3969	48468	12.21
3970	48462	12.21
3971	49754	12.53
3972	48676	12.25
3973	49807	12.54
3974	48524	12.21
3975	49702	12.50
3976	48375	12.17
3977	49708	12.50
3978	52820	13.28
3979	49259	12.38
3980	48640	12.22
3981	48663	12.22
3982	48622	12.21
3983	50623	12.71
3984	49467	12.42
3985	50896	12.77
3986	48651	12.21
3987	49350	12.38
3988	48657	12.20
3989	48654	12.20
3990	51084	12.80
3991	49196	12.33
3992	48634	12.18
3993	50603	12.67
3994	48645	12.18
3995	50879	12.74
3996	49332	12.35
3997	49029	12.27
3998	48748	12.19
3999	48692	12.18
4000	48202	12.05
