N	Total Time	Average CPE
2048	16536	8.07
6144	50732	8.26
10240	89135	8.70
14336	129857	9.06
18432	185274	10.05
22528	307659	13.66
26624	401188	15.07
30720	515679	16.79
34816	651890	18.72
38912	733516	18.85
43008	841989	19.58
47104	950437	20.18
51200	1052216	20.55
55296	1182665	21.39
59392	1270350	21.39
63488	1380251	21.74
67584	1488595	22.03
71680	1597648	22.29
75776	1706721	22.52
79872	1816333	22.74
83968	1923269	22.90
88064	2050516	23.28
92160	2171375	23.56
96256	2312273	24.02
100352	2421913	24.13
104448	2536100	24.28
108544	2696993	24.85
112640	2826668	25.09
116736	2947305	25.25
120832	3078153	25.47
124928	3213487	25.72
129024	3238360	25.10
133120	3285209	24.68
137216	3345270	24.38
141312	3454017	24.44
145408	3598805	24.75
149504	3785490	25.32
153600	3805305	24.77
157696	3885537	24.64
161792	4039512	24.97
165888	4211650	25.39
169984	4268160	25.11
174080	4675743	26.86
178176	4624275	25.95
182272	4828836	26.49
186368	4846326	26.00
190464	4940055	25.94
194560	5008364	25.74
198656	8052022	40.53
202752	5827889	28.74
206848	5202860	25.15
210944	5403883	25.62
215040	5644819	26.25
219136	5520451	25.19
223232	5854848	26.23
227328	5902650	25.97
231424	5910054	25.54
235520	6173252	26.21
239616	6786573	28.32
243712	6356122	26.08
247808	6442497	26.00
251904	6423444	25.50
256000	6560614	25.63
260096	7010486	26.95
264192	7000969	26.50
268288	7438107	27.72
272384	7287458	26.75
276480	7406691	26.79
280576	7407717	26.40
284672	7477256	26.27
288768	7677867	26.59
292864	7989215	27.28
296960	8322036	28.02
301056	8022058	26.65
305152	8292249	27.17
309248	8466697	27.38
313344	8294404	26.47
317440	8558231	26.96
321536	8858002	27.55
325632	8977133	27.57
329728	9098840	27.59
333824	9215839	27.61
337920	9832327	29.10
342016	9536866	27.88
346112	9551818	27.60
350208	10090311	28.81
354304	10341586	29.19
358400	10045594	28.03
362496	11249291	31.03
366592	10841736	29.57
370688	10881383	29.35
374784	10939513	29.19
378880	11948189	31.54
382976	11208650	29.27
387072	11557311	29.86
391168	12618112	32.26
395264	13152887	33.28
399360	12548195	31.42
403456	12720425	31.53
407552	12822825	31.46
411648	14294999	34.73
415744	13283097	31.95
419840	13788836	32.84
423936	14067790	33.18
428032	14938537	34.90
432128	15687401	36.30
436224	16137308	36.99
440320	15463980	35.12
444416	16219957	36.50
448512	16878969	37.63
452608	16129575	35.64
456704	16884994	36.97
460800	19082665	41.41
464896	18749986	40.33
468992	19359299	41.28
473088	19446900	41.11
477184	19559331	40.99
481280	19677396	40.89
485376	21085705	43.44
489472	21474169	43.87
493568	22270335	45.12
497664	24193023	48.61
501760	23588785	47.01
505856	24059755	47.56
509952	26745681	52.45
514048	24189993	47.06
518144	27757137	53.57
522240	29699434	56.87
526336	28404518	53.97
530432	29548942	55.71
534528	28161428	52.68
538624	30569916	56.76
542720	30727562	56.62
546816	31288785	57.22
550912	32727861	59.41
555008	31618675	56.97
559104	33916740	60.66
563200	33016255	58.62
567296	33632654	59.29
571392	34300298	60.03
575488	39937196	69.40
579584	38207340	65.92
583680	41995308	71.95
587776	46495854	79.10
591872	43853135	74.09
595968	43341257	72.72
600064	38640327	64.39
604160	38401899	63.56
608256	40421074	66.45
612352	40208041	65.66
616448	42957299	69.69
620544	43088911	69.44
624640	43681961	69.93
628736	41839213	66.54
632832	41718505	65.92
636928	41988518	65.92
641024	43095666	67.23
645120	44000836	68.21
649216	44359189	68.33
653312	45908904	70.27
657408	46028482	70.02
661504	47422028	71.69
665600	47758121	71.75
669696	48529973	72.47
673792	50804292	75.40
677888	52069530	76.81
681984	52314049	76.71
686080	52341425	76.29
690176	55688637	80.69
694272	54210988	78.08
698368	59760681	85.57
702464	58779908	83.68
706560	57688793	81.65
710656	60970548	85.79
714752	62104519	86.89
718848	67394922	93.75
722944	60362522	83.50
727040	62353045	85.76
731136	62943354	86.09
735232	63915173	86.93
739328	65236264	88.24
743424	68273711	91.84
747520	68797257	92.03
751616	69968899	93.09
755712	71171264	94.18
759808	72905594	95.95
763904	78795434	103.15
768000	75664685	98.52
772096	75758566	98.12
776192	76613860	98.70
780288	78473298	100.57
784384	77889206	99.30
788480	78782733	99.92
792576	79623950	100.46
796672	81179407	101.90
800768	84966061	106.11
804864	84502888	104.99
808960	86042350	106.36
813056	86428675	106.30
817152	87527921	107.11
821248	87951314	107.09
825344	89633637	108.60
829440	91891159	110.79
833536	95854575	115.00
837632	92009186	109.84
841728	94056641	111.74
845824	95628689	113.06
849920	96089090	113.06
854016	98033840	114.79
858112	98445746	114.72
862208	101089818	117.25
866304	99752677	115.15
870400	102964875	118.30
874496	101615183	116.20
878592	103015881	117.25
882688	105004068	118.96
886784	106249716	119.81
890880	107122132	120.24
894976	109245387	122.07
899072	111909976	124.47
903168	114179949	126.42
907264	113944131	125.59
911360	113004253	124.00
915456	112993197	123.43
919552	115415508	125.51
923648	115251590	124.78
927744	116379720	125.44
931840	116973690	125.53
935936	119093818	127.25
940032	121507764	129.26
944128	124871821	132.26
948224	123682307	130.44
952320	123881652	130.08
956416	125928134	131.67
960512	125455376	130.61
964608	127393954	132.07
968704	126497899	130.58
972800	130381800	134.03
976896	133352890	136.51
980992	136127533	138.77
985088	138176644	140.27
989184	135375288	136.86
993280	137316603	138.25
997376	137235020	137.60
1001472	136554634	136.35
1005568	137113102	136.35
1009664	141856200	140.50
1013760	139738803	137.84
1017856	154084189	151.38
1021952	144290683	141.19
1026048	145918539	142.21
1030144	148792295	144.44
1034240	150933918	145.94
1038336	161173462	155.22
1042432	156837356	150.45
1046528	159171352	152.09
