N	Total Time	Average CPE
2048	19700	9.62
6144	56367	9.17
10240	85477	8.35
14336	122517	8.55
18432	189608	10.29
22528	300106	13.32
26624	434375	16.32
30720	536143	17.45
34816	645148	18.53
38912	731034	18.79
43008	852307	19.82
47104	974057	20.68
51200	1046145	20.43
55296	1156288	20.91
59392	1262433	21.26
63488	1371888	21.61
67584	1480009	21.90
71680	1590839	22.19
75776	1741000	22.98
79872	1853952	23.21
83968	1962959	23.38
88064	2078241	23.60
92160	2251866	24.43
96256	2362308	24.54
100352	2383965	23.76
104448	2506029	23.99
108544	2636993	24.29
112640	2745745	24.38
116736	2851750	24.43
120832	2983199	24.69
124928	3160129	25.30
129024	3332739	25.83
133120	3346113	25.14
137216	3464101	25.25
141312	3583223	25.36
145408	3770370	25.93
149504	3812801	25.50
153600	3804166	24.77
157696	3936724	24.96
161792	4081196	25.22
165888	4339252	26.16
169984	4543943	26.73
174080	4505098	25.88
178176	4662071	26.17
182272	4826920	26.48
186368	4880917	26.19
190464	4910434	25.78
194560	5081790	26.12
198656	5207084	26.21
202752	5384223	26.56
206848	5572569	26.94
210944	5287582	25.07
215040	5386307	25.05
219136	5490151	25.05
223232	5763556	25.82
227328	5853847	25.75
231424	10248019	44.28
235520	5979547	25.39
239616	6298228	26.28
243712	6313488	25.91
247808	6252550	25.23
251904	6358859	25.24
256000	6590656	25.74
260096	6813455	26.20
264192	6874615	26.02
268288	6994653	26.07
272384	6948722	25.51
276480	7100311	25.68
280576	7274665	25.93
284672	7650565	26.88
288768	7553169	26.16
292864	7657810	26.15
296960	7978793	26.87
301056	8444441	28.05
305152	8310953	27.24
309248	8203747	26.53
313344	8133804	25.96
317440	8662332	27.29
321536	8492969	26.41
325632	8670900	26.63
329728	9016150	27.34
333824	9580323	28.70
337920	9588490	28.38
342016	9242064	27.02
346112	9639274	27.85
350208	9611108	27.44
354304	9737480	27.48
358400	9928644	27.70
362496	9528980	26.29
366592	10528025	28.72
370688	10428910	28.13
374784	10601409	28.29
378880	11225101	29.63
382976	11760420	30.71
387072	10796170	27.89
391168	11254861	28.77
395264	11657780	29.49
399360	13338252	33.40
403456	12674218	31.41
407552	13155986	32.28
411648	12409986	30.15
415744	12913572	31.06
419840	15397275	36.67
423936	12579671	29.67
428032	15160175	35.42
432128	15847865	36.67
436224	15211103	34.87
440320	16382027	37.20
444416	17215924	38.74
448512	18452496	41.14
452608	19189011	42.40
456704	18665664	40.87
460800	18501062	40.15
464896	20016822	43.06
468992	19390270	41.34
473088	18995068	40.15
477184	20507364	42.98
481280	22869088	47.52
485376	21014930	43.30
489472	21779028	44.49
493568	25770988	52.21
497664	22893521	46.00
501760	22211709	44.27
505856	23874316	47.20
509952	25339624	49.69
514048	26365279	51.29
518144	27591521	53.25
522240	27474867	52.61
526336	27648186	52.53
530432	28828528	54.35
534528	29208036	54.64
538624	29565391	54.89
542720	30631270	56.44
546816	30060103	54.97
550912	31511668	57.20
555008	31398810	56.57
559104	32559092	58.23
563200	33270306	59.07
567296	35390170	62.38
571392	35975761	62.96
575488	35388193	61.49
579584	34417799	59.38
583680	35280900	60.45
587776	36259523	61.69
591872	35891886	60.64
595968	37857374	63.52
600064	36479785	60.79
604160	37925312	62.77
608256	41224948	67.78
612352	40036983	65.38
616448	43548979	70.65
620544	43575611	70.22
624640	45458793	72.78
628736	43578324	69.31
632832	43349542	68.50
636928	44620605	70.06
641024	45078472	70.32
645120	44878553	69.57
649216	45917645	70.73
653312	47401870	72.56
657408	48481037	73.75
661504	46936722	70.95
665600	48503339	72.87
669696	47953110	71.60
673792	49489646	73.45
677888	50046169	73.83
681984	52038176	76.30
686080	54060637	78.80
690176	53972862	78.20
694272	53761052	77.44
698368	54088263	77.45
702464	54188793	77.14
706560	55670586	78.79
710656	57256420	80.57
714752	57095901	79.88
718848	60535501	84.21
722944	58126544	80.40
727040	61552937	84.66
731136	61921740	84.69
735232	61961225	84.27
739328	67904553	91.85
743424	65628251	88.28
747520	67747663	90.63
751616	75279644	100.16
755712	78135624	103.39
759808	76604134	100.82
763904	72110078	94.40
768000	74982258	97.63
772096	80583245	104.37
776192	75935158	97.83
780288	77488320	99.31
784384	79909696	101.88
788480	77659805	98.49
792576	79755005	100.63
796672	80386124	100.90
800768	81272215	101.49
804864	89604153	111.33
808960	82473172	101.95
813056	84557651	104.00
817152	88289570	108.05
821248	86495735	105.32
825344	87149881	105.59
829440	90428909	109.02
833536	90268795	108.30
837632	92324564	110.22
841728	92321664	109.68
845824	93693685	110.77
849920	101839257	119.82
854016	97973051	114.72
858112	99493577	115.94
862208	99406637	115.29
866304	100018465	115.45
870400	100727531	115.73
874496	101548962	116.12
878592	108534790	123.53
882688	108666653	123.11
886784	111734919	126.00
890880	108085676	121.32
894976	106573313	119.08
899072	109340700	121.62
903168	110409824	122.25
907264	112552531	124.06
911360	109276601	119.90
915456	113969842	124.50
919552	120344434	130.87
923648	125105821	135.45
927744	116267399	125.32
931840	115874543	124.35
935936	119147937	127.30
940032	119234541	126.84
944128	120673162	127.81
948224	124051089	130.82
952320	126557241	132.89
956416	124784598	130.47
960512	124731319	129.86
964608	128295252	133.00
968704	128138835	132.28
972800	127643452	131.21
976896	133057814	136.20
980992	134523734	137.13
985088	136200820	138.26
989184	131001279	132.43
993280	138078965	139.01
997376	135590504	135.95
1001472	140817005	140.61
1005568	142395638	141.61
1009664	142504094	141.14
1013760	139383237	137.49
1017856	142782225	140.28
1021952	147928035	144.75
1026048	143143909	139.51
1030144	146201869	141.92
1034240	148197377	143.29
1038336	146722795	141.31
1042432	144700538	138.81
1046528	147493656	140.94
